true vs pred:
1.0 0.9977036
1.0 0.99969864
0.0 0.029289141
0.0 0.006740308
1.0 0.99803585
0.0 0.12848416
1.0 0.99963117
0.0 0.8858231
1.0 0.9981183
1.0 0.99566674
1.0 0.99566865
0.0 0.8616382
0.0 0.8616382
1.0 0.9982211
1.0 0.9992747
1.0 0.99971884
1.0 0.9992079
0.0 0.12071185
1.0 0.9983708
1.0 0.99964476
1.0 0.99527526
1.0 0.9992079
1.0 0.98828566
0.0 0.08475473
1.0 0.9997285
1.0 0.9997428
1.0 0.99969864
1.0 0.9997261
1.0 0.98828566
1.0 0.9981964
1.0 0.9981183
0.0 0.8903514
0.0 0.0059742695
1.0 0.99952304
1.0 0.9981183
1.0 0.9995634
0.0 0.8752415
1.0 0.99527526
0.0 0.8616382
1.0 0.9996586
1.0 0.9878034
1.0 0.9995999
0.0 0.5178175
1.0 0.99803585
0.0 0.8616382
1.0 0.9996425
1.0 0.9977036
1.0 0.9956793
0.0 0.03428727
0.0 0.53941125
1.0 0.9983708
0.0 0.02696342
1.0 0.9993261
1.0 0.99931836
0.0 0.026446363
0.0 0.0040403088
0.0 0.0043724487
1.0 0.99930525
0.0 0.53941125
1.0 0.99803585
0.0 0.0033411407
0.0 0.0067415335
1.0 0.98668045
0.0 0.10801494
1.0 0.99965584
1.0 0.9878034
0.0 0.0036283934
1.0 0.99967575
1.0 0.99969864
1.0 0.9983708
0.0 0.0075620385
0.0 0.0048301322
1.0 0.99960333
1.0 0.99952996
1.0 0.99803585
1.0 0.99564964
1.0 0.99963117
0.0 0.007418503
0.0 0.8858231
0.0 0.003838166
1.0 0.99566865
1.0 0.9982211
1.0 0.9864857
0.0 0.02696342
0.0 0.8968767
0.0 0.9083717
1.0 0.99960333
0.0 0.0059742695
1.0 0.99497753
0.0 0.029489312
1.0 0.98798615
1.0 0.9996586
1.0 0.98855597
0.0 0.0040345257
0.0 0.0066414806
1.0 0.99964476
0.0 0.0034681864
0.0 0.10756246
1.0 0.9992747
1.0 0.9992918
1.0 0.98668045
1.0 0.99971884
0.0 0.8858231
1.0 0.99497753
1.0 0.9879659
1.0 0.9981183
0.0 0.007418503
0.0 0.006034609
0.0 0.11328767
0.0 0.0048262556
1.0 0.9977036
1.0 0.99973077
1.0 0.9995634
1.0 0.9997261
1.0 0.99566865
0.0 0.004043009
0.0 0.0065147174
0.0 0.0059742695
1.0 0.99952996
1.0 0.9878034
1.0 0.9996412
1.0 0.9982211
1.0 0.99954396
0.0 0.0037765705
1.0 0.9977036
0.0 0.0034681864
0.0 0.5178175
1.0 0.99964726
1.0 0.9997179
1.0 0.9992918
1.0 0.9995634
0.0 0.0037828225
1.0 0.9997261
0.0 0.8869494
0.0 0.8968767
0.0 0.0075620385
1.0 0.9997285
0.0 0.12848416
1.0 0.9992079
0.0 0.0040345257
1.0 0.99961936
1.0 0.9997428
0.0 0.0059742695
0.0 0.03428727
0.0 0.0066414806
1.0 0.99566674
0.0 0.0034681864
1.0 0.9994566
1.0 0.9961267
1.0 0.99564964
0.0 0.5191972
0.0 0.8869494
0.0 0.004253621
0.0 0.004043009
0.0 0.007418503
1.0 0.99954396
0.0 0.004043009
1.0 0.9981357
1.0 0.9992918
0.0 0.029686006
1.0 0.9996032
0.0 0.13530393
1.0 0.99952304
1.0 0.98668045
0.0 0.0037765705
1.0 0.99563885
1.0 0.9995442
0.0 0.8858231
0.0 0.8968767
0.0 0.024388308
1.0 0.99965584
1.0 0.9992079
0.0 0.02755025
1.0 0.999713
1.0 0.99964476
0.0 0.0034681864
1.0 0.9995999
0.0 0.03428727
1.0 0.99952996
0.0 0.9083717
0.0 0.026446363
1.0 0.99964476
1.0 0.9995388
0.0 0.007927599
1.0 0.9981964
1.0 0.9982211
1.0 0.99497753
0.0 0.006740308
0.0 0.004253621
0.0 0.0037828225
1.0 0.99961936
1.0 0.99564964
1.0 0.99952304
0.0 0.12947966
1.0 0.99803585
1.0 0.99965584
1.0 0.9995803
0.0 0.0033411407
0.0 0.11328767
0.0 0.004253621
1.0 0.99564964
1.0 0.98517114
0.0 0.029489312
1.0 0.9956793
0.0 0.12947966
1.0 0.98668045
0.0 0.0048262556
0.0 0.10756246
0.0 0.8869494
0.0 0.004043009
1.0 0.99969923
1.0 0.9996425
0.0 0.12848416
0.0 0.89685386
1.0 0.99971884
1.0 0.9996829
0.0 0.8869494
0.0 0.5034307
0.0 0.02687412
1.0 0.9997261
1.0 0.99563885
1.0 0.9996032
1.0 0.99960405
0.0 0.13530393
1.0 0.99973077
1.0 0.99969923
0.0 0.8858231
1.0 0.9995999
1.0 0.99527526
1.0 0.99957305
0.0 0.12071185
0.0 0.11328767
0.0 0.0043724487
0.0 0.53941125
1.0 0.98517114
1.0 0.9981774
1.0 0.99952996
1.0 0.9997428
1.0 0.9956422
1.0 0.99957305
1.0 0.9997378
1.0 0.9996063
1.0 0.99961936
0.0 0.8903514
0.0 0.8858231
1.0 0.98613447
1.0 0.99967575
1.0 0.9997285
1.0 0.99564964
1.0 0.99964726
0.0 0.5034307
1.0 0.9995634
1.0 0.999308
0.0 0.9066027
1.0 0.99933976
1.0 0.99566865
1.0 0.99566674
1.0 0.99963117
0.0 0.54210323
0.0 0.0067415335
0.0 0.5178175
1.0 0.99961865
0.0 0.003197926
0.0 0.5191972
1.0 0.99960405
1.0 0.99960333
1.0 0.99791306
0.0 0.003838166
1.0 0.9994566
0.0 0.10756246
1.0 0.99964726
0.0 0.03428727
0.0 0.004253621
1.0 0.9995999
0.0 0.0043724487
1.0 0.98855597
1.0 0.99964476
1.0 0.99933976
1.0 0.99964726
1.0 0.99564964
1.0 0.99960333
0.0 0.0037828225
0.0 0.12848416
1.0 0.999713
1.0 0.9996586
1.0 0.99964726
1.0 0.98517114
0.0 0.8903514
1.0 0.99564964
1.0 0.99952304
0.0 0.08475473
1.0 0.9995999
1.0 0.999713
1.0 0.9981183
0.0 0.47119135
1.0 0.99563885
1.0 0.9996425
0.0 0.53941125
1.0 0.9879659
1.0 0.9995803
0.0 0.47119135
1.0 0.999713
1.0 0.9961267
1.0 0.9995634
1.0 0.99933976
0.0 0.5178175
0.0 0.53941125
0.0 0.0033411407
1.0 0.99971884
1.0 0.9995634
0.0 0.10756246
1.0 0.9961267
1.0 0.999308
0.0 0.007505862
1.0 0.9993431
1.0 0.99964476
0.0 0.8616382
1.0 0.98798615
0.0 0.02696342
1.0 0.9992747
0.0 0.10882551
0.0 0.9083717
0.0 0.005297707
1.0 0.98517114
1.0 0.9995803
0.0 0.5191972
0.0 0.8858231
1.0 0.99961096
1.0 0.99957305
1.0 0.9862877
0.0 0.12071185
0.0 0.8752415
1.0 0.9995634
1.0 0.99969923
1.0 0.9996412
1.0 0.99969864
0.0 0.0075620385
0.0 0.0066414806
0.0 0.11328767
1.0 0.9995803
1.0 0.99967575
0.0 0.13530393
1.0 0.9862877
1.0 0.9996829
1.0 0.99961936
1.0 0.9981964
0.0 0.003838166
0.0 0.5178175
0.0 0.0075620385
1.0 0.98668045
0.0 0.02755025
0.0 0.0043724487
0.0 0.006740308
0.0 0.102902435
0.0 0.0065147174
1.0 0.9996032
0.0 0.029289141
0.0 0.007505862
0.0 0.10882551
1.0 0.9995442
1.0 0.98828566
0.0 0.026446363
0.0 0.44702289
1.0 0.9981964
0.0 0.50384486
1.0 0.9993261
1.0 0.99957305
1.0 0.9994566
1.0 0.99969923
1.0 0.9997378
0.0 0.44702289
1.0 0.9997378
1.0 0.99952996
0.0 0.004043009
0.0 0.13530393
0.0 0.9066027
1.0 0.99964726
1.0 0.99961936
0.0 0.03428727
1.0 0.99957305
1.0 0.99967575
1.0 0.9981446
0.0 0.8858231
1.0 0.9997428
1.0 0.9997261
1.0 0.9997285
1.0 0.9981964
1.0 0.9981964
0.0 0.08475473
0.0 0.029489312
1.0 0.99952996
0.0 0.13530393
1.0 0.9956793
0.0 0.8968767
0.0 0.0043011094
0.0 0.0040403088
1.0 0.9996829
1.0 0.999713
1.0 0.9995634
1.0 0.9992079
0.0 0.5191972
1.0 0.99527526
0.0 0.024388308
1.0 0.99957305
0.0 0.0044341087
0.0 0.029289141
0.0 0.53941125
1.0 0.99952996
0.0 0.0065147174
1.0 0.99952996
0.0 0.0040403088
1.0 0.98613447
0.0 0.9083717
0.0 0.003838166
0.0 0.0059742695
1.0 0.9997179
1.0 0.9996032
0.0 0.50384486
0.0 0.9066027
1.0 0.99527526
1.0 0.99964726
0.0 0.8858231
1.0 0.99961096
0.0 0.0075620385
1.0 0.99965584
0.0 0.0048128306
1.0 0.9997428
0.0 0.03428727
1.0 0.99969864
1.0 0.99930525
1.0 0.99566674
1.0 0.99566865
1.0 0.99566674
1.0 0.9996257
1.0 0.9862877
0.0 0.0044341087
1.0 0.9996412
0.0 0.0040403088
0.0 0.02755025
0.0 0.12848416
0.0 0.5191972
1.0 0.99965584
1.0 0.999713
1.0 0.9982211
1.0 0.99961096
0.0 0.0043724487
0.0 0.0033411407
1.0 0.99960333
1.0 0.98855597
1.0 0.9992079
0.0 0.5034307
1.0 0.9997428
0.0 0.12071185
0.0 0.02696342
0.0 0.0043724487
1.0 0.98798615
1.0 0.9878034
0.0 0.12947966
1.0 0.99961865
0.0 0.50384486
1.0 0.99803585
1.0 0.99960333
0.0 0.0040403088
0.0 0.026446363
1.0 0.9864857
0.0 0.031760853
1.0 0.9977036
0.0 0.0048301322
0.0 0.007418503
0.0 0.0037828225
0.0 0.004253621
0.0 0.0037765705
1.0 0.99952996
0.0 0.0049885404
0.0 0.02696342
0.0 0.029489312
1.0 0.9996032
0.0 0.0037828225
1.0 0.98613447
0.0 0.8903514
1.0 0.9996414
0.0 0.8903514
1.0 0.9862877
1.0 0.99961936
0.0 0.0040345257
0.0 0.0034681864
0.0 0.003197926
1.0 0.9981964
0.0 0.0048128306
0.0 0.02755025
0.0 0.5034307
1.0 0.999713
1.0 0.99961936
1.0 0.9997428
0.0 0.003838166
1.0 0.9992918
1.0 0.99803585
1.0 0.999308
1.0 0.9981774
1.0 0.98668045
1.0 0.99566865
1.0 0.98613447
1.0 0.9997179
1.0 0.99960405
1.0 0.9997261
0.0 0.0067415335
1.0 0.99566674
0.0 0.44702289
1.0 0.98855597
1.0 0.99961096
0.0 0.0066414806
1.0 0.99964476
0.0 0.9083717
1.0 0.99973077
1.0 0.9995999
0.0 0.0036283934
1.0 0.99954396
0.0 0.003197926
1.0 0.99497753
0.0 0.007927599
