true vs pred:
1.0 0.99309796
1.0 0.9979412
0.0 0.2108653
1.0 0.9984767
0.0 0.026842935
1.0 0.9985557
0.0 0.17645027
0.0 0.6915296
1.0 0.9986681
0.0 0.015936865
0.0 0.68121994
1.0 0.9986681
1.0 0.9931827
1.0 0.99860257
0.0 0.020311525
0.0 0.019254066
0.0 0.9205055
1.0 0.9980767
0.0 0.019254066
1.0 0.9980008
0.0 0.0358365
0.0 0.9300361
0.0 0.015936865
1.0 0.9991653
0.0 0.16753002
1.0 0.9986498
1.0 0.9712209
0.0 0.00709401
1.0 0.96775025
0.0 0.19363916
0.0 0.02161006
1.0 0.96775025
0.0 0.020311525
1.0 0.9987243
1.0 0.9980008
1.0 0.9988023
0.0 0.008497383
0.0 0.6519731
1.0 0.9986498
0.0 0.026842935
0.0 0.020961732
0.0 0.018485004
1.0 0.9989242
0.0 0.047497883
1.0 0.9991653
1.0 0.99860257
1.0 0.99860257
0.0 0.018679878
0.0 0.68121994
1.0 0.9984767
1.0 0.99900645
0.0 0.19363916
1.0 0.9986513
1.0 0.9987998
1.0 0.9923568
1.0 0.9989242
1.0 0.97393465
1.0 0.99900645
1.0 0.97247183
0.0 0.16753002
0.0 0.7246525
1.0 0.99921536
1.0 0.99870205
0.0 0.023627136
1.0 0.9986193
1.0 0.99900645
0.0 0.020393997
1.0 0.99921536
1.0 0.997829
0.0 0.0090566855
0.0 0.02224017
1.0 0.9991798
0.0 0.0072641564
1.0 0.9987243
1.0 0.9979412
0.0 0.023627136
0.0 0.016358264
1.0 0.9987112
0.0 0.9134706
1.0 0.99151367
1.0 0.99309796
1.0 0.9984963
0.0 0.020393997
0.0 0.9205055
1.0 0.99921536
0.0 0.917781
0.0 0.92965263
1.0 0.99868745
0.0 0.016855579
0.0 0.16930181
0.0 0.019089768
1.0 0.9986884
0.0 0.020311525
0.0 0.04010181
1.0 0.96591747
1.0 0.99877626
0.0 0.019845415
1.0 0.99875546
1.0 0.9991059
0.0 0.17645027
1.0 0.9923422
1.0 0.9986884
1.0 0.9988023
1.0 0.9986193
0.0 0.019845415
1.0 0.9986513
0.0 0.016338557
1.0 0.9984864
1.0 0.9981108
1.0 0.9984864
0.0 0.019089768
1.0 0.99913055
0.0 0.6915296
0.0 0.16070706
1.0 0.99868745
1.0 0.9987998
0.0 0.018485004
1.0 0.9980767
0.0 0.19363916
1.0 0.9987112
1.0 0.9981762
0.0 0.023627136
0.0 0.007285269
0.0 0.018162142
1.0 0.99843353
0.0 0.047497883
1.0 0.99877626
1.0 0.9931827
0.0 0.0358365
0.0 0.917781
0.0 0.020667415
0.0 0.17487209
0.0 0.007252863
0.0 0.0073955827
0.0 0.16930181
0.0 0.9300361
0.0 0.016962493
0.0 0.019845415
0.0 0.020393997
1.0 0.9986681
1.0 0.99900645
0.0 0.9205055
0.0 0.007252863
0.0 0.9265124
0.0 0.0072641564
1.0 0.9989242
1.0 0.973228
1.0 0.95707685
0.0 0.018679878
0.0 0.0172426
1.0 0.9984963
0.0 0.019845415
0.0 0.020393997
0.0 0.02224017
1.0 0.9984725
0.0 0.016338557
1.0 0.99861574
0.0 0.04536025
0.0 0.015936865
1.0 0.97393465
0.0 0.17645027
1.0 0.97393465
0.0 0.046461158
0.0 0.0172426
0.0 0.020393997
0.0 0.0070196944
0.0 0.90699184
1.0 0.973228
1.0 0.99875546
0.0 0.02224017
1.0 0.99255025
0.0 0.020311525
0.0 0.020667415
1.0 0.99860543
0.0 0.0072641564
0.0 0.04010181
1.0 0.99913055
0.0 0.016855579
0.0 0.0358365
0.0 0.9205055
0.0 0.0070196944
1.0 0.98889434
1.0 0.99913055
0.0 0.04536025
0.0 0.6519731
1.0 0.973228
0.0 0.008497383
1.0 0.99877626
1.0 0.99843615
1.0 0.99860054
0.0 0.16070706
0.0 0.0172426
1.0 0.99308974
0.0 0.16930181
0.0 0.00709401
0.0 0.64681953
0.0 0.69643354
0.0 0.018164283
0.0 0.04010181
1.0 0.99151367
1.0 0.9923568
0.0 0.7246525
1.0 0.9987998
0.0 0.020393997
1.0 0.9991647
0.0 0.017260969
0.0 0.020667415
0.0 0.0070196944
1.0 0.9991647
1.0 0.9984864
0.0 0.16753002
0.0 0.5716228
1.0 0.9987112
1.0 0.99309796
0.0 0.020649944
1.0 0.99861574
1.0 0.9688445
0.0 0.018162142
0.0 0.17487209
0.0 0.91336906
1.0 0.9712209
1.0 0.9919213
0.0 0.020649944
0.0 0.015936865
0.0 0.0358365
0.0 0.020040704
1.0 0.9722037
0.0 0.5716228
1.0 0.9986193
1.0 0.99918324
0.0 0.016338557
1.0 0.9991798
1.0 0.973228
0.0 0.9265124
1.0 0.99900645
0.0 0.016358264
0.0 0.0172426
0.0 0.0073955827
0.0 0.017260969
0.0 0.016962493
0.0 0.007252863
1.0 0.9987243
1.0 0.95707685
1.0 0.9987243
0.0 0.9300361
1.0 0.9919213
1.0 0.96591747
1.0 0.99868745
0.0 0.019089768
0.0 0.0070196944
1.0 0.9931827
0.0 0.020393997
0.0 0.9205055
1.0 0.99826753
0.0 0.007252863
1.0 0.99843353
0.0 0.020311525
0.0 0.6979724
0.0 0.0071206572
0.0 0.015936865
0.0 0.047497883
0.0 0.90699184
1.0 0.99872833
1.0 0.99877626
0.0 0.16753002
0.0 0.020349024
1.0 0.96591747
1.0 0.9991059
0.0 0.019089768
1.0 0.99843353
1.0 0.97211534
0.0 0.19363916
0.0 0.6915296
0.0 0.016125858
0.0 0.018164283
0.0 0.017962039
0.0 0.046461158
0.0 0.9265124
0.0 0.04536025
1.0 0.9712209
0.0 0.92965263
1.0 0.9991653
1.0 0.99900645
0.0 0.00695152
1.0 0.9985262
0.0 0.17625959
1.0 0.9984767
0.0 0.018164283
0.0 0.018162142
0.0 0.9282543
1.0 0.99826753
1.0 0.99826753
0.0 0.0090566855
1.0 0.99919707
1.0 0.99919707
0.0 0.016358264
1.0 0.99870205
1.0 0.97393465
1.0 0.9919115
1.0 0.99309796
1.0 0.9923422
1.0 0.95707685
1.0 0.99309796
1.0 0.99843353
1.0 0.99872833
1.0 0.99309796
1.0 0.99900645
1.0 0.97393465
1.0 0.973228
1.0 0.9986498
1.0 0.9979412
1.0 0.997829
1.0 0.9979412
0.0 0.0073955827
0.0 0.019682499
1.0 0.99861574
1.0 0.99921536
0.0 0.0072641564
1.0 0.9979412
1.0 0.99843615
0.0 0.6979724
0.0 0.019254066
1.0 0.99860543
0.0 0.026842935
1.0 0.99913055
0.0 0.63950723
1.0 0.9931827
0.0 0.016338557
0.0 0.041468557
1.0 0.9989773
1.0 0.9984963
1.0 0.99875546
1.0 0.9980008
0.0 0.016125858
1.0 0.9991371
0.0 0.57340664
1.0 0.9984767
0.0 0.016855579
0.0 0.0358365
0.0 0.018485004
1.0 0.9986498
0.0 0.016855579
1.0 0.9984767
0.0 0.00695152
1.0 0.9987243
1.0 0.9987998
0.0 0.63950723
0.0 0.02224017
0.0 0.018485004
1.0 0.9981762
0.0 0.018164283
0.0 0.020393997
0.0 0.018162142
1.0 0.997829
0.0 0.92965263
0.0 0.16070706
0.0 0.020393997
1.0 0.9981756
1.0 0.9988023
1.0 0.99860054
0.0 0.2108653
0.0 0.020393997
0.0 0.018164283
0.0 0.018679878
1.0 0.99877626
1.0 0.9919115
0.0 0.2108653
0.0 0.023627136
0.0 0.9134706
1.0 0.9923422
0.0 0.92965263
1.0 0.9991371
1.0 0.97211534
0.0 0.16753002
0.0 0.008497383
0.0 0.040270265
0.0 0.04010181
0.0 0.02161006
1.0 0.99870205
1.0 0.9985985
0.0 0.016338557
0.0 0.020040704
1.0 0.99817646
0.0 0.63950723
0.0 0.16930181
0.0 0.020040704
1.0 0.973228
0.0 0.9282543
0.0 0.020349024
0.0 0.57340664
0.0 0.91336906
0.0 0.00695152
1.0 0.9987112
1.0 0.96591747
0.0 0.16753002
0.0 0.020649944
0.0 0.6915296
1.0 0.9919115
0.0 0.90699184
0.0 0.187751
0.0 0.040270265
1.0 0.9985985
0.0 0.020349024
0.0 0.16753002
1.0 0.9989242
0.0 0.9282543
0.0 0.17487209
1.0 0.9984864
1.0 0.99255025
0.0 0.020349024
0.0 0.020649944
0.0 0.17487209
0.0 0.64681953
0.0 0.015936865
0.0 0.02128444
1.0 0.9931827
0.0 0.9265124
0.0 0.11965751
1.0 0.9980008
0.0 0.5716228
0.0 0.02128444
1.0 0.9986681
0.0 0.026842935
1.0 0.99826753
0.0 0.2108653
1.0 0.9923568
1.0 0.99860543
0.0 0.92965263
0.0 0.68121994
0.0 0.018679878
1.0 0.9986884
0.0 0.16930181
0.0 0.041468557
1.0 0.9991653
1.0 0.9991653
0.0 0.020649944
0.0 0.0358365
0.0 0.018679878
1.0 0.9688445
0.0 0.0072641564
1.0 0.9688445
1.0 0.973228
1.0 0.9985985
0.0 0.026842935
1.0 0.973228
0.0 0.018679878
0.0 0.02128444
1.0 0.9986193
1.0 0.99872833
0.0 0.018164283
0.0 0.0073955827
0.0 0.9265124
1.0 0.9923568
0.0 0.5716228
0.0 0.68121994
1.0 0.9991798
0.0 0.026842935
0.0 0.017737089
1.0 0.99900645
1.0 0.9986513
1.0 0.9923568
0.0 0.019845415
1.0 0.99817646
0.0 0.040270265
0.0 0.6979724
1.0 0.96775025
1.0 0.99255025
1.0 0.9986513
1.0 0.99877626
1.0 0.96591747
1.0 0.9984725
1.0 0.9980008
1.0 0.9986193
1.0 0.9986884
1.0 0.9981756
0.0 0.00695152
1.0 0.95707685
1.0 0.9991653
1.0 0.9980008
1.0 0.9980767
1.0 0.9987998
0.0 0.68121994
0.0 0.016338557
0.0 0.016358264
0.0 0.020667415
0.0 0.018164283
1.0 0.9987998
1.0 0.99255025
0.0 0.6915296
1.0 0.99913055
1.0 0.9986193
0.0 0.6519731
1.0 0.9981762
1.0 0.9981762
0.0 0.90699184
1.0 0.99861574
0.0 0.017260969
0.0 0.019845415
0.0 0.0430179
1.0 0.99868745
0.0 0.017260969
1.0 0.9991371
0.0 0.16930181
1.0 0.9987998
0.0 0.90699184
0.0 0.020311525
0.0 0.0090566855
0.0 0.020667415
1.0 0.98889434
1.0 0.9991647
0.0 0.020649944
1.0 0.99913055
0.0 0.9265124
0.0 0.016855579
0.0 0.6915296
0.0 0.047497883
1.0 0.9987998
0.0 0.04536025
0.0 0.16930181
0.0 0.026842935
