true vs pred:
0.0 0.0007226848
0.0 0.32082257
0.0 0.0011575994
0.0 0.0009085663
0.0 0.0050804056
0.0 0.0008862726
0.0 0.0018926798
0.0 0.0051701046
0.0 0.0011116263
0.0 0.0005243604
0.0 0.32489523
0.0 0.0050804056
0.0 0.04649017
0.0 0.0051701046
0.0 0.0011154094
0.0 0.0008862726
0.0 0.0008664832
0.0 0.0009750805
0.0 0.0010553483
0.0 0.32082257
0.0 0.002194382
0.0 0.00050562934
0.0 0.003950905
0.0 0.11266172
0.0 0.11266172
0.0 0.32489523
0.0 0.00196934
0.0 0.28644127
0.0 0.71702987
0.0 0.00070856686
0.0 0.0019466848
0.0 0.0007279051
0.0 0.00087224535
0.0 0.0008904066
0.0 0.28644127
0.0 0.0040064766
0.0 0.31450486
0.0 0.002046357
0.0 0.00050562934
0.0 0.00054755027
0.0 0.0011116263
0.0 0.0058639958
0.0 0.00196934
0.0 0.00070856686
0.0 0.0058639958
0.0 0.0020595284
0.0 0.00073462154
0.0 0.005398311
0.0 0.00056662457
0.0 0.00050562934
0.0 0.7120183
0.0 0.0012529035
0.0 0.041496217
0.0 0.048296165
0.0 0.0009155474
0.0 0.003785445
0.0 0.0010882834
0.0 0.000865724
0.0 0.000532813
0.0 0.00121599
0.0 0.04649017
0.0 0.0040064766
0.0 0.0011994787
0.0 0.00088322343
0.0 0.0012013608
0.0 0.32082257
0.0 0.003813695
0.0 0.005119489
0.0 0.31450486
0.0 0.003813695
0.0 0.0035365399
0.0 0.0009085663
0.0 0.0008541682
0.0 0.31450486
0.0 0.000532813
0.0 0.0020894534
0.0 0.00196934
0.0 0.0048714406
0.0 0.2989151
0.0 0.0046813805
0.0 0.0011327335
0.0 0.0010553483
0.0 0.0009085663
0.0 0.0005555734
0.0 0.002046357
0.0 0.042213716
0.0 0.116294846
0.0 0.3151754
0.0 0.0011994787
0.0 0.31450486
0.0 0.077588744
0.0 0.0005555734
0.0 0.029745065
0.0 0.0039015808
0.0 0.10400614
0.0 0.0035365399
0.0 0.04430729
0.0 0.0005555734
0.0 0.000636341
0.0 0.00049615535
0.0 0.0005091677
0.0 0.0005478569
0.0 0.68108714
0.0 0.04353905
0.0 0.0012220861
0.0 0.36679482
0.0 0.3313083
0.0 0.0033651711
0.0 0.0012529035
0.0 0.00087224535
0.0 0.00094681536
0.0 0.042082097
0.0 0.0011327335
0.0 0.0011327335
0.0 0.2866468
0.0 0.0008664832
0.0 0.048296165
0.0 0.0010882834
0.0 0.68108714
0.0 0.32489523
0.0 0.0012013608
0.0 0.002194382
0.0 0.133761
0.0 0.0020894534
0.0 0.0007929667
0.0 0.029745065
0.0 0.00121599
0.0 0.0011575994
0.0 0.0008862726
0.0 0.0006148302
0.0 0.00087224535
0.0 0.0009750805
0.0 0.09907439
0.0 0.0020595284
0.0 0.3527135
0.0 0.0005534271
0.0 0.000865724
0.0 0.10400614
0.0 0.0033651711
0.0 0.28644127
0.0 0.0011243231
0.0 0.0007474957
0.0 0.00086180586
0.0 0.0011112442
0.0 0.2866468
0.0 0.32071003
0.0 0.003785445
0.0 0.2866468
0.0 0.0010882834
0.0 0.0009155474
0.0 0.0058639958
0.0 0.00086180586
0.0 0.0011568828
0.0 0.2866468
0.0 0.006277204
0.0 0.0005478569
0.0 0.0040064766
0.0 0.0010168382
0.0 0.0005091677
0.0 0.10400614
0.0 0.29726347
0.0 0.00083163724
0.0 0.71588385
0.0 0.0005112428
0.0 0.3313083
0.0 0.003785445
0.0 0.0008862726
0.0 0.31450486
0.0 0.002194382
0.0 0.0005273741
0.0 0.0010553483
0.0 0.0010168382
0.0 0.002194382
0.0 0.71565443
0.0 0.0007898769
0.0 0.0018926798
0.0 0.0005710098
0.0 0.0020595284
0.0 0.0051701046
0.0 0.7120183
0.0 0.04430729
0.0 0.00121599
0.0 0.0010168382
0.0 0.00086180586
0.0 0.041496217
0.0 0.28644127
0.0 0.0005534271
0.0 0.042082097
0.0 0.09749948
0.0 0.0007474957
0.0 0.00083163724
0.0 0.00088322343
0.0 0.09749948
0.0 0.00073462154
0.0 0.0006148302
0.0 0.000865724
0.0 0.00089435524
0.0 0.029745065
0.0 0.71565443
0.0 0.00054547726
0.0 0.0008914417
0.0 0.0039498336
0.0 0.00196934
0.0 0.11266172
0.0 0.042082097
0.0 0.000865724
0.0 0.31162506
0.0 0.0050804056
0.0 0.00056662457
0.0 0.04649017
0.0 0.0009155474
0.0 0.0033651711
0.0 0.0019466848
0.0 0.68108714
0.0 0.0005478569
0.0 0.0011994787
0.0 0.0007929667
0.0 0.68108714
0.0 0.68684924
0.0 0.037827075
0.0 0.09749948
0.0 0.29726347
0.0 0.00088322343
0.0 0.7120183
0.0 0.0005007581
0.0 0.055637315
0.0 0.00075942744
0.0 0.0007279051
0.0 0.0035365399
0.0 0.2989151
0.0 0.00059369113
0.0 0.00055654434
0.0 0.00094681536
0.0 0.005339461
0.0 0.00089435524
0.0 0.6819513
0.0 0.0020894534
0.0 0.3151754
0.0 0.76356477
0.0 0.00055654434
0.0 0.09749948
0.0 0.0005710098
0.0 0.0046813805
0.0 0.002194382
0.0 0.0011568828
0.0 0.00088322343
0.0 0.00049615535
0.0 0.00196934
0.0 0.6568675
0.0 0.002046357
0.0 0.09907439
0.0 0.005339461
0.0 0.133761
0.0 0.0010882834
0.0 0.04430729
0.0 0.00047826878
0.0 0.121793695
0.0 0.00070856686
0.0 0.6819513
0.0 0.32071003
0.0 0.0005007581
0.0 0.000865724
0.0 0.32071003
0.0 0.09749948
0.0 0.0008711834
0.0 0.09749948
0.0 0.000865724
0.0 0.00056662457
0.0 0.0012589499
0.0 0.11266172
0.0 0.003950905
0.0 0.0009479884
0.0 0.041496217
0.0 0.2866468
0.0 0.00094681536
0.0 0.0012589499
0.0 0.0022618468
0.0 0.077588744
0.0 0.00073462154
0.0 0.055637315
0.0 0.0011535491
0.0 0.0005534271
0.0 0.6568675
0.0 0.0048714406
0.0 0.0005112428
0.0 0.3313083
0.0 0.0011116263
0.0 0.037827075
0.0 0.31450486
0.0 0.00089435524
0.0 0.003813695
0.0 0.0005007581
0.0 0.68684924
0.0 0.0035365399
0.0 0.09907439
0.0 0.00196934
0.0 0.0007474957
0.0 0.00073462154
0.0 0.0010553483
0.0 0.29726347
0.0 0.003785445
0.0 0.003950905
0.0 0.003813695
0.0 0.0007279051
0.0 0.0011154094
0.0 0.005398311
0.0 0.2866468
0.0 0.2989151
0.0 0.34884945
0.0 0.00196934
0.0 0.0007929667
0.0 0.0058639958
0.0 0.0005007581
0.0 0.0005478569
0.0 0.0035365399
0.0 0.04649017
0.0 0.0008862726
0.0 0.28644127
0.0 0.04649017
0.0 0.0008711834
0.0 0.000865724
0.0 0.0006946049
0.0 0.0009750805
0.0 0.0022618468
0.0 0.04430729
0.0 0.68108714
0.0 0.00049615535
0.0 0.0039015808
0.0 0.042082097
0.0 0.04430729
0.0 0.00088322343
0.0 0.029745065
0.0 0.32071003
0.0 0.00056662457
0.0 0.0006148302
0.0 0.0007474957
0.0 0.0039015808
0.0 0.0009750805
0.0 0.005394331
0.0 0.00069665106
0.0 0.042213716
0.0 0.0008541682
0.0 0.0007898769
0.0 0.68108714
0.0 0.12873536
0.0 0.121793695
0.0 0.0008711834
0.0 0.0012013608
0.0 0.31450486
0.0 0.0010168382
0.0 0.3151754
0.0 0.0035365399
0.0 0.3313083
0.0 0.32082257
0.0 0.68108714
0.0 0.0005091677
0.0 0.00054547726
0.0 0.000532813
0.0 0.0011568828
0.0 0.005394331
0.0 0.0039015808
0.0 0.048296165
0.0 0.0008711834
0.0 0.000532813
0.0 0.121793695
0.0 0.0011327335
0.0 0.0009155474
0.0 0.76356477
0.0 0.0007279051
0.0 0.29781404
0.0 0.0011154094
0.0 0.31674704
0.0 0.001397003
0.0 0.0039498336
0.0 0.00069665106
0.0 0.0009750805
0.0 0.0008914417
0.0 0.00054547726
0.0 0.36679482
0.0 0.00121599
0.0 0.0005534271
0.0 0.0058639958
0.0 0.09749948
0.0 0.31450486
0.0 0.005119489
0.0 0.34884945
0.0 0.0005243604
0.0 0.0058639958
0.0 0.04353905
0.0 0.037827075
0.0 0.32082257
0.0 0.00056662457
0.0 0.00050562934
0.0 0.0005273741
0.0 0.003950905
0.0 0.00054547726
0.0 0.121793695
0.0 0.116294846
0.0 0.00196934
0.0 0.3313083
0.0 0.12873536
0.0 0.00054547726
0.0 0.0005112428
0.0 0.00070856686
0.0 0.0007474957
0.0 0.00121599
0.0 0.0050804056
0.0 0.0008914417
0.0 0.31162506
0.0 0.0012589499
0.0 0.0005478569
0.0 0.042213716
0.0 0.2728951
0.0 0.002046357
0.0 0.0006148302
0.0 0.09749948
0.0 0.2989151
0.0 0.00073462154
0.0 0.121793695
0.0 0.32082257
0.0 0.6568675
0.0 0.0005534271
0.0 0.0007474957
0.0 0.0009485816
0.0 0.041496217
0.0 0.029745065
0.0 0.0008664832
0.0 0.0011154094
0.0 0.005394331
0.0 0.0012013608
0.0 0.001397003
0.0 0.0011568828
0.0 0.04649017
0.0 0.0005007581
0.0 0.00086180586
0.0 0.029745065
0.0 0.28644127
0.0 0.30840147
0.0 0.0011535491
0.0 0.041496217
0.0 0.0011116263
0.0 0.29726347
0.0 0.00083163724
0.0 0.0011116263
0.0 0.00055654434
0.0 0.32489523
0.0 0.0005710098
0.0 0.3313083
0.0 0.0039015808
0.0 0.00050562934
0.0 0.00054547726
0.0 0.0008904066
0.0 0.0007474957
0.0 0.0011568828
0.0 0.0048714406
0.0 0.71702987
0.0 0.2866468
0.0 0.0005478569
0.0 0.3527135
0.0 0.0006946049
0.0 0.0011327335
0.0 0.042213716
0.0 0.0039015808
0.0 0.0010882834
0.0 0.029745065
0.0 0.0011994787
0.0 0.0008914417
0.0 0.04430729
0.0 0.0058639958
0.0 0.001397003
0.0 0.0007929667
0.0 0.037827075
0.0 0.7120183
0.0 0.3527135
0.0 0.0018926798
0.0 0.0005112428
0.0 0.00070856686
0.0 0.00054755027
0.0 0.0022618468
0.0 0.30840147
0.0 0.0007279051
0.0 0.0007929667
0.0 0.0005843714
0.0 0.0007474957
0.0 0.0007898769
0.0 0.30840147
0.0 0.2989151
0.0 0.0019510905
0.0 0.10400614
0.0 0.0039015808
0.0 0.00196934
0.0 0.0011568828
0.0 0.0007226848
0.0 0.0019466848
0.0 0.00047826878
0.0 0.042213716
0.0 0.30840147
0.0 0.32071003
0.0 0.0007929667
0.0 0.31162506
0.0 0.0009085663
0.0 0.36679482
0.0 0.006277204
0.0 0.0019510905
0.0 0.048296165
0.0 0.0005007581
0.0 0.0005843714
0.0 0.0005710098
0.0 0.0050804056
0.0 0.00094681536
0.0 0.077588744
0.0 0.0011327335
0.0 0.68684924
0.0 0.0010553483
0.0 0.005119489
0.0 0.0011535491
0.0 0.0007929667
0.0 0.0008904066
0.0 0.0005843714
0.0 0.0022618468
