true vs pred:
0.0 6.70705e-05
0.0 7.961711e-05
0.0 0.00016935455
0.0 0.17023526
0.0 7.774193e-05
0.0 6.324373e-05
0.0 8.607597e-05
0.0 7.774193e-05
0.0 5.6727702e-05
1.0 0.9958473
0.0 0.00012198648
0.0 8.308992e-05
0.0 0.1643975
0.0 0.20130704
0.0 0.00014505106
0.0 5.595585e-05
0.0 0.00014050289
0.0 0.88042337
1.0 0.9961714
0.0 0.039272908
0.0 5.2905893e-05
0.0 7.730355e-05
0.0 0.008656318
0.0 8.8349414e-05
0.0 7.550366e-05
0.0 0.85630196
0.0 7.154471e-05
0.0 0.039272908
0.0 5.7242098e-05
0.0 0.024234895
0.0 0.00013136094
1.0 0.99696976
0.0 7.6434924e-05
0.0 0.026133874
0.0 0.029101424
0.0 0.87930864
0.0 0.00013429049
0.0 0.17023526
0.0 0.047841806
0.0 5.301382e-05
0.0 0.057737134
0.0 8.8349414e-05
0.0 5.332026e-05
0.0 5.1736653e-05
0.0 7.6434924e-05
0.0 0.05501509
0.0 0.008656318
0.0 0.00012392957
0.0 5.4004908e-05
0.0 0.00083012535
0.0 8.337526e-05
0.0 7.4806056e-05
0.0 6.868227e-05
0.0 0.0009542938
0.0 5.332026e-05
0.0 5.332026e-05
0.0 0.029101424
0.0 0.039272908
0.0 8.607597e-05
0.0 0.045716844
0.0 0.00013478234
0.0 0.018347504
0.0 6.4989545e-05
0.0 0.008365777
0.0 0.023848
0.0 7.319626e-05
0.0 0.026133874
0.0 0.81916064
0.0 0.00011351937
0.0 0.047089685
1.0 0.99584705
0.0 5.4004908e-05
0.0 7.4806056e-05
0.0 7.319626e-05
0.0 7.764221e-05
0.0 9.38067e-05
0.0 0.88042337
0.0 0.87930864
0.0 0.00013429049
0.0 5.4004908e-05
0.0 0.00083012535
0.0 0.047841806
0.0 6.216036e-05
0.0 0.01909314
0.0 0.023056805
0.0 0.8531722
0.0 8.305934e-05
0.0 7.319626e-05
0.0 0.22312249
0.0 0.0055227187
0.0 0.00011439531
1.0 0.9967084
0.0 0.3358689
0.0 8.359954e-05
0.0 0.85630196
0.0 0.22312249
0.0 0.00011439531
0.0 7.566519e-05
0.0 0.00013136094
0.0 0.0055227187
0.0 5.1736653e-05
0.0 5.332026e-05
0.0 6.4989545e-05
0.0 0.018347504
0.0 5.301382e-05
0.0 0.07026342
1.0 0.9967084
0.0 9.323426e-05
0.0 0.00011439531
0.0 0.00016935455
0.0 5.6327124e-05
0.0 0.00014050289
0.0 7.764221e-05
0.0 0.00012576408
0.0 7.114921e-05
0.0 9.38067e-05
0.0 7.005785e-05
0.0 5.7242098e-05
0.0 8.305934e-05
0.0 0.00013987209
0.0 8.337526e-05
0.0 0.00083012535
0.0 8.5771986e-05
0.0 8.1822436e-05
0.0 7.154471e-05
0.0 0.055303924
0.0 0.00011351937
0.0 8.245201e-05
0.0 8.8524146e-05
0.0 0.00019026542
0.0 8.337526e-05
1.0 0.9969689
0.0 0.000100469886
0.0 0.0001711996
0.0 0.00011805095
0.0 7.334509e-05
0.0 0.00019026542
0.0 0.047089685
0.0 5.973353e-05
1.0 0.9974752
0.0 6.4989545e-05
0.0 0.17023526
0.0 8.359954e-05
0.0 9.38067e-05
0.0 0.03567251
0.0 8.8349414e-05
0.0 0.0001711996
0.0 6.70705e-05
0.0 7.70983e-05
0.0 0.8531722
0.0 0.07026342
0.0 5.1736653e-05
0.0 7.961711e-05
0.0 5.3507913e-05
0.0 6.70705e-05
0.0 5.595585e-05
0.0 8.607597e-05
0.0 8.1822436e-05
0.0 0.021899296
0.0 5.4004908e-05
0.0 0.00012332777
0.0 6.216036e-05
0.0 0.00013136094
0.0 0.00011351937
0.0 0.8096148
0.0 0.0001134275
0.0 0.23718521
0.0 9.323426e-05
0.0 0.03406023
0.0 0.24031074
0.0 8.245201e-05
0.0 0.023056805
0.0 0.039272908
0.0 0.00012392957
0.0 0.008656318
0.0 0.11869655
0.0 8.607597e-05
0.0 0.00083012535
0.0 0.00011626972
0.0 0.0014445033
0.0 7.114921e-05
0.0 6.868227e-05
0.0 6.216036e-05
0.0 0.0009060329
0.0 7.70983e-05
0.0 0.023056805
0.0 7.319626e-05
0.0 0.030234601
0.0 8.607597e-05
0.0 8.607597e-05
0.0 0.00011351937
0.0 8.1822436e-05
0.0 0.00012576408
0.0 0.023056805
0.0 0.00013987209
0.0 0.3358689
0.0 0.8531722
0.0 0.009528203
0.0 0.039272908
1.0 0.9961714
0.0 0.023056805
0.0 8.245201e-05
0.0 0.81916064
0.0 7.4806056e-05
0.0 8.607597e-05
0.0 0.008523806
0.0 0.021899296
0.0 0.009188462
0.0 0.023848
0.0 8.500836e-05
1.0 0.9967597
0.0 0.88042337
0.0 0.00011626972
0.0 0.008656318
1.0 0.9969689
0.0 5.6327124e-05
0.0 7.961711e-05
0.0 5.3507913e-05
0.0 0.0001134275
0.0 0.00013987209
0.0 0.00090487604
0.0 7.547883e-05
0.0 0.00017239114
0.0 0.030234601
0.0 5.301382e-05
0.0 0.85630196
0.0 0.03406023
0.0 0.83813155
0.0 0.00019026542
0.0 8.8524146e-05
0.0 5.595585e-05
0.0 8.607597e-05
0.0 0.00013136094
0.0 0.00019026542
0.0 0.01278784
1.0 0.99696976
0.0 5.2905893e-05
0.0 5.595585e-05
0.0 0.01909314
0.0 7.566519e-05
0.0 0.1643975
0.0 8.8524146e-05
0.0 6.324373e-05
0.0 0.00011439531
0.0 7.570092e-05
0.0 0.055303924
0.0 0.19572741
0.0 0.88042337
0.0 7.154471e-05
0.0 7.114921e-05
0.0 0.029101424
0.0 6.672505e-05
0.0 6.672505e-05
0.0 5.235981e-05
0.0 0.055303924
0.0 0.0009542938
0.0 0.77462
1.0 0.9974752
0.0 5.6727702e-05
0.0 0.026133874
0.0 0.81916064
0.0 0.01909314
0.0 0.00016309928
0.0 0.00012392957
0.0 6.868227e-05
1.0 0.9958473
0.0 0.11869655
0.0 0.047089685
0.0 0.029101424
0.0 8.305934e-05
0.0 8.305934e-05
0.0 5.332026e-05
0.0 0.00012576408
0.0 7.730355e-05
0.0 0.008365777
1.0 0.9974752
1.0 0.9974752
0.0 0.22312249
0.0 8.359954e-05
0.0 0.00013136094
0.0 0.00083012535
0.0 7.154471e-05
0.0 0.00012576408
0.0 0.00010485767
0.0 0.0009353988
0.0 5.235981e-05
0.0 0.00012332777
0.0 0.006245626
0.0 0.00014050289
0.0 6.216036e-05
0.0 0.00073803874
0.0 0.021899296
1.0 0.9974752
0.0 7.550366e-05
0.0 6.868227e-05
0.0 0.00013478234
0.0 6.216036e-05
0.0 0.00011351937
0.0 0.00019026542
0.0 6.672505e-05
0.0 5.332026e-05
0.0 0.21568608
0.0 0.0001134528
0.0 5.973353e-05
0.0 5.4004908e-05
0.0 6.672505e-05
0.0 7.566519e-05
0.0 0.024234895
0.0 0.81916064
0.0 0.000100469886
0.0 0.047089685
0.0 0.20130704
0.0 0.00012332777
0.0 0.88042337
0.0 7.547883e-05
0.0 0.030234601
0.0 5.235981e-05
1.0 0.99584705
0.0 0.030234601
0.0 0.0009905868
0.0 6.868227e-05
0.0 0.03406023
0.0 0.000100469886
0.0 0.11869655
0.0 0.00013429049
0.0 0.3358689
0.0 9.38067e-05
0.0 0.047089685
0.0 0.00012392957
0.0 8.500836e-05
0.0 8.607597e-05
0.0 0.026133874
0.0 8.8524146e-05
1.0 0.9967597
0.0 0.03567251
0.0 0.00017239114
1.0 0.99696976
0.0 8.305934e-05
0.0 9.323426e-05
0.0 6.8933114e-05
0.0 0.00826662
0.0 5.332026e-05
0.0 7.961711e-05
0.0 0.0001254419
0.0 0.8515948
0.0 0.000862408
0.0 0.85630196
1.0 0.99584705
0.0 0.0009060329
0.0 0.0009542938
0.0 8.8349414e-05
0.0 0.77462
0.0 0.045716844
0.0 7.566519e-05
1.0 0.9961714
0.0 0.00011351937
0.0 0.008365777
0.0 0.00019026542
0.0 0.0009353988
1.0 0.9960156
0.0 8.359954e-05
0.0 8.245201e-05
0.0 0.00013987209
0.0 7.4806056e-05
0.0 7.570092e-05
1.0 0.9966763
0.0 0.17023526
0.0 0.00013429049
0.0 0.00011626972
0.0 9.323426e-05
0.0 6.672505e-05
0.0 0.00826662
0.0 7.547883e-05
0.0 8.245201e-05
0.0 0.0001134275
0.0 0.00011439531
0.0 7.005785e-05
0.0 5.235981e-05
0.0 0.22312249
1.0 0.9960156
0.0 6.70705e-05
0.0 5.6727702e-05
0.0 0.00090487604
0.0 0.00077141006
0.0 0.00012269108
0.0 0.8531722
0.0 0.00011805095
1.0 0.9961714
0.0 0.00073803874
0.0 0.00011351937
0.0 7.547883e-05
0.0 0.030234601
0.0 5.973353e-05
0.0 9.38067e-05
0.0 7.547883e-05
0.0 7.114921e-05
0.0 0.77462
0.0 8.359954e-05
0.0 0.1643975
0.0 0.8096148
0.0 0.008523806
1.0 0.9960156
0.0 9.323426e-05
0.0 0.047089685
0.0 5.4004908e-05
0.0 0.00010485767
0.0 7.547883e-05
0.0 0.00012392957
0.0 0.008523806
1.0 0.99584705
0.0 5.1736653e-05
1.0 0.99696976
0.0 0.00011439531
0.0 0.00010485767
0.0 0.20130704
0.0 0.00014505106
0.0 5.6327124e-05
0.0 8.8524146e-05
0.0 0.00011351937
0.0 8.359954e-05
0.0 0.023848
0.0 6.8933114e-05
0.0 0.24031074
1.0 0.9961714
1.0 0.9960156
0.0 0.00011805095
0.0 7.730355e-05
0.0 0.8531722
0.0 0.000119913864
0.0 0.00013987209
0.0 7.114921e-05
0.0 8.500836e-05
0.0 0.0001676999
0.0 0.88042337
0.0 0.88042337
0.0 0.87930864
0.0 0.8096148
0.0 0.24031074
1.0 0.9974752
0.0 0.00015652395
0.0 0.018347504
0.0 0.029101424
0.0 0.00017239114
0.0 8.8524146e-05
0.0 0.006245626
0.0 9.38067e-05
0.0 5.7242098e-05
0.0 0.00090487604
0.0 0.0009905868
0.0 0.20130704
0.0 5.332026e-05
0.0 8.607597e-05
0.0 0.055303924
0.0 8.607597e-05
1.0 0.9966763
0.0 0.00011351937
0.0 8.245201e-05
0.0 0.057737134
0.0 7.764221e-05
0.0 0.0001134528
0.0 7.550366e-05
0.0 7.570092e-05
0.0 0.0009060329
1.0 0.9958473
0.0 8.245201e-05
0.0 0.039272908
0.0 0.81916064
0.0 5.7242098e-05
0.0 0.00012392957
0.0 0.00012392957
0.0 7.764221e-05
0.0 0.0001711996
0.0 6.70705e-05
0.0 5.973353e-05
0.0 7.70983e-05
0.0 7.4806056e-05
0.0 0.023848
0.0 7.730355e-05
0.0 0.047089685
0.0 0.055303924
1.0 0.9974752
0.0 0.029101424
0.0 0.026133874
0.0 5.3507913e-05
0.0 0.039272908
0.0 7.566519e-05
0.0 0.023848
0.0 8.500836e-05
0.0 0.00011351937
0.0 0.000119913864
0.0 0.11869655
0.0 0.23718521
1.0 0.9974752
0.0 0.3358689
0.0 7.70983e-05
0.0 6.868227e-05
0.0 0.018347504
0.0 0.00014505106
0.0 8.359954e-05
0.0 0.008523806
0.0 0.000119913864
0.0 0.023056805
0.0 8.8524146e-05
0.0 0.00017239114
0.0 0.01278784
0.0 0.17023526
0.0 0.0001254419
0.0 0.0009353988
0.0 7.114921e-05
0.0 7.154471e-05
0.0 0.24031074
0.0 0.77462
0.0 7.570092e-05
0.0 9.357977e-05
0.0 0.057737134
0.0 7.6434924e-05
0.0 0.00013478234
0.0 0.8515948
0.0 0.057737134
0.0 0.039272908
