true vs pred:
0.0 0.41776335
0.0 0.002379244
0.0 0.006877534
1.0 0.99808925
0.0 0.0011829868
0.0 0.92009974
0.0 0.8533008
1.0 0.9987625
0.0 0.07416624
0.0 0.007342371
0.0 0.07303594
1.0 0.9991708
0.0 0.0012571554
0.0 0.07303594
0.0 0.0012571554
0.0 0.88444996
0.0 0.019707993
1.0 0.99830085
1.0 0.9954509
1.0 0.9752959
0.0 0.36189148
0.0 0.8895813
1.0 0.99917656
0.0 0.36189148
1.0 0.98181814
0.0 0.062406894
0.0 0.002498379
0.0 0.0009594242
0.0 0.02312125
0.0 0.0012606959
0.0 0.0025365609
0.0 0.0012606959
0.0 0.0014208718
0.0 0.859499
0.0 0.01581393
1.0 0.9794087
0.0 0.26362315
1.0 0.998898
0.0 0.0008236843
0.0 0.0005598377
0.0 0.37583145
0.0 0.0013531309
1.0 0.9949037
0.0 0.007342371
0.0 0.42621687
0.0 0.07416624
0.0 0.06681783
0.0 0.0058369576
0.0 0.0058369576
0.0 0.3384292
0.0 0.87195605
1.0 0.99918646
0.0 0.859499
0.0 0.0014543959
0.0 0.34411082
1.0 0.9954509
0.0 0.062406894
0.0 0.859499
0.0 0.020869669
0.0 0.0009594242
1.0 0.9991372
1.0 0.9990564
1.0 0.998898
1.0 0.9990521
0.0 0.020869669
0.0 0.41776335
0.0 0.42621687
0.0 0.008640746
0.0 0.0005328184
1.0 0.99826235
0.0 0.42621687
1.0 0.99841404
0.0 0.00583063
0.0 0.062406894
0.0 0.0058369576
1.0 0.9794087
0.0 0.016450891
1.0 0.9930316
0.0 0.0028397513
0.0 0.37583145
0.0 0.0058369576
1.0 0.99494344
0.0 0.26362315
0.0 0.0713029
0.0 0.00093515276
0.0 0.002444227
0.0 0.34411082
0.0 0.00079535396
0.0 0.8533008
0.0 0.88250715
0.0 0.0007492639
0.0 0.037713796
0.0 0.015293839
0.0 0.8803829
0.0 0.002444227
0.0 0.37583145
0.0 0.042288028
0.0 0.0005560799
0.0 0.017917404
0.0 0.0012574549
1.0 0.9752959
0.0 0.016450891
0.0 0.038072873
1.0 0.99573284
1.0 0.998898
0.0 0.34411082
0.0 0.0006296074
0.0 0.01939527
1.0 0.97466904
1.0 0.99808925
0.0 0.37583145
0.0 0.05362284
1.0 0.9949037
0.0 0.00056747795
0.0 0.007342371
0.0 0.042543553
0.0 0.06681783
0.0 0.3384292
0.0 0.016999934
0.0 0.00079535396
0.0 0.007938858
0.0 0.008686528
1.0 0.97466904
0.0 0.0005328184
0.0 0.04251447
0.0 0.00086920004
0.0 0.02312125
1.0 0.9794087
0.0 0.020186078
0.0 0.0464033
0.0 0.0005421253
1.0 0.9954509
0.0 0.03617593
0.0 0.0011829868
0.0 0.87195605
0.0 0.8895813
0.0 0.017917404
1.0 0.99918646
0.0 0.007342371
0.0 0.04251447
0.0 0.019707993
0.0 0.42621687
0.0 0.00056747795
0.0 0.0005590618
0.0 0.0012571554
0.0 0.019956063
0.0 0.26362315
1.0 0.9991291
1.0 0.99841404
1.0 0.9990521
0.0 0.06681783
0.0 0.01581393
0.0 0.00052934577
0.0 0.0005328184
1.0 0.99808925
0.0 0.016450891
1.0 0.9794095
0.0 0.3384292
1.0 0.99830085
0.0 0.038938697
0.0 0.26362315
0.0 0.03617593
0.0 0.0028397513
1.0 0.983451
1.0 0.9991708
0.0 0.8895813
1.0 0.99841404
0.0 0.043674637
1.0 0.9990521
0.0 0.007066023
0.0 0.007938858
0.0 0.0006296074
1.0 0.9991372
0.0 0.0013531309
0.0 0.859499
0.0 0.0464033
1.0 0.99504423
1.0 0.9990564
0.0 0.0005328184
0.0 0.00093515276
0.0 0.0005421253
0.0 0.07416624
0.0 0.03617593
0.0 0.92009974
0.0 0.07303594
0.0 0.05362284
0.0 0.0025709805
0.0 0.007066023
0.0 0.019697672
0.0 0.01581393
0.0 0.00056747795
1.0 0.99830085
0.0 0.01581393
0.0 0.33344254
0.0 0.8895813
0.0 0.00083248824
1.0 0.97664535
0.0 0.0014208718
1.0 0.99826235
0.0 0.017917404
0.0 0.038938697
0.0 0.069786385
1.0 0.9984843
0.0 0.007342371
0.0 0.007938858
0.0 0.0008539789
1.0 0.9752959
0.0 0.859499
0.0 0.0008147718
1.0 0.99915934
1.0 0.9947113
0.0 0.03617593
1.0 0.9930316
0.0 0.00093515276
1.0 0.99808925
0.0 0.008686528
0.0 0.0007492639
1.0 0.9947113
1.0 0.99829215
0.0 0.0006697662
0.0 0.41776335
0.0 0.3384292
0.0 0.04251447
0.0 0.0005598377
0.0 0.019697672
0.0 0.043674637
1.0 0.99504423
0.0 0.05362284
1.0 0.99826235
0.0 0.0013897986
0.0 0.37583145
1.0 0.9752959
1.0 0.9987625
0.0 0.042288028
0.0 0.0012571554
0.0 0.019697672
0.0 0.05362284
0.0 0.016964352
0.0 0.00086920004
0.0 0.0713029
0.0 0.0013897986
0.0 0.017917404
0.0 0.019956063
0.0 0.0011829868
0.0 0.007066023
0.0 0.01581393
1.0 0.99901044
1.0 0.99494344
0.0 0.0013531309
0.0 0.006877534
1.0 0.99918646
1.0 0.9832828
0.0 0.007066023
0.0 0.0025890775
0.0 0.00074237946
1.0 0.9990521
0.0 0.069786385
1.0 0.97664535
1.0 0.9987525
0.0 0.0014208718
1.0 0.9991291
1.0 0.99901044
0.0 0.007342371
1.0 0.9930316
0.0 0.062406894
1.0 0.99852777
0.0 0.0014543959
0.0 0.0012571554
0.0 0.015293839
0.0 0.002444227
0.0 0.016964352
0.0 0.37169594
1.0 0.99808925
1.0 0.9990564
0.0 0.07951454
1.0 0.99852777
1.0 0.99917656
1.0 0.99362034
1.0 0.99504423
0.0 0.008640746
0.0 0.007342371
0.0 0.015517709
1.0 0.99573284
1.0 0.9991372
0.0 0.05362284
1.0 0.983451
0.0 0.0025890775
1.0 0.99841404
0.0 0.8580047
0.0 0.008166497
0.0 0.89548624
0.0 0.06681783
0.0 0.07416624
1.0 0.9949037
0.0 0.0027568555
0.0 0.0005560799
0.0 0.0028397513
1.0 0.9953029
0.0 0.028687567
0.0 0.0025709805
1.0 0.9987525
1.0 0.97466904
0.0 0.36189148
0.0 0.042543553
0.0 0.92009974
0.0 0.0011829868
1.0 0.983451
0.0 0.00093515276
0.0 0.019697672
1.0 0.9930316
0.0 0.015293839
0.0 0.020186078
1.0 0.9954509
0.0 0.89548624
1.0 0.983451
0.0 0.05362284
1.0 0.97466904
0.0 0.043674637
0.0 0.0013531309
1.0 0.99915934
1.0 0.9794087
1.0 0.983451
0.0 0.016964352
0.0 0.008640746
0.0 0.05362284
1.0 0.99826235
0.0 0.0009594242
1.0 0.9930316
1.0 0.99915934
0.0 0.42621687
0.0 0.002248166
0.0 0.069786385
1.0 0.99494344
0.0 0.002444227
0.0 0.019707993
1.0 0.9987625
0.0 0.002248166
1.0 0.99915934
0.0 0.07303594
1.0 0.9984951
0.0 0.89548624
0.0 0.0028397513
0.0 0.002444227
0.0 0.042288028
1.0 0.99918646
1.0 0.99841404
0.0 0.0011829868
0.0 0.07303594
0.0 0.8580047
0.0 0.00057166896
0.0 0.88444996
1.0 0.9947113
0.0 0.0058369576
0.0 0.02312125
0.0 0.00079535396
0.0 0.87195605
0.0 0.0013835785
0.0 0.008686528
0.0 0.019012474
0.0 0.016964352
1.0 0.9987625
0.0 0.0025709805
0.0 0.007342371
1.0 0.9770085
1.0 0.99852777
0.0 0.017719029
0.0 0.0014543959
0.0 0.00583063
1.0 0.99841404
1.0 0.99901044
1.0 0.9794095
1.0 0.998898
0.0 0.0006296074
0.0 0.0005421253
0.0 0.0012571554
1.0 0.9987625
1.0 0.99573284
0.0 0.0014208718
0.0 0.017719029
1.0 0.9832828
1.0 0.99504423
0.0 0.41776335
0.0 0.042543553
0.0 0.0028397513
0.0 0.0006296074
0.0 0.017917404
0.0 0.0008147718
0.0 0.015293839
0.0 0.0005598377
0.0 0.0012606959
0.0 0.00052934577
1.0 0.97664535
0.0 0.0008236843
0.0 0.00057166896
0.0 0.0013835785
1.0 0.9984843
0.0 0.020869669
0.0 0.0007492639
0.0 0.002379244
0.0 0.41776335
0.0 0.002498379
0.0 0.8533008
1.0 0.99852777
0.0 0.92009974
1.0 0.99901044
1.0 0.99917656
0.0 0.002379244
1.0 0.99917656
1.0 0.99808925
0.0 0.01581393
0.0 0.0014208718
0.0 0.008166497
1.0 0.983451
1.0 0.99504423
0.0 0.00093515276
1.0 0.99852777
1.0 0.99573284
0.0 0.47737157
0.0 0.007342371
1.0 0.9990564
1.0 0.9990521
1.0 0.9991372
0.0 0.41776335
0.0 0.41776335
0.0 0.0009594242
0.0 0.00086920004
1.0 0.99808925
0.0 0.0014208718
0.0 0.0713029
0.0 0.007938858
0.0 0.015738403
0.0 0.037713796
1.0 0.9832828
1.0 0.99915934
1.0 0.99841404
0.0 0.859499
0.0 0.0025709805
0.0 0.062406894
0.0 0.0008539789
1.0 0.99852777
0.0 0.01730269
0.0 0.0008236843
0.0 0.002444227
1.0 0.99808925
0.0 0.00052934577
1.0 0.99808925
0.0 0.037713796
0.0 0.015517709
0.0 0.008686528
0.0 0.042543553
0.0 0.0005328184
1.0 0.9991708
1.0 0.97664535
0.0 0.002498379
0.0 0.008166497
0.0 0.062406894
1.0 0.983451
0.0 0.007342371
1.0 0.9770085
0.0 0.0006296074
1.0 0.9752959
0.0 0.022762883
1.0 0.9990564
0.0 0.00093515276
1.0 0.998898
0.0 0.8803829
0.0 0.07416624
0.0 0.06681783
0.0 0.07416624
1.0 0.99385744
0.0 0.017719029
0.0 0.01730269
1.0 0.9794095
0.0 0.037713796
0.0 0.0008147718
0.0 0.0013531309
0.0 0.0025709805
1.0 0.9752959
1.0 0.99915934
0.0 0.3384292
1.0 0.9770085
0.0 0.015293839
0.0 0.042288028
1.0 0.97466904
0.0 0.020186078
0.0 0.859499
0.0 0.0025890775
1.0 0.9990564
0.0 0.0014543959
0.0 0.00079535396
0.0 0.015293839
0.0 0.02312125
0.0 0.016450891
0.0 0.0013897986
1.0 0.9953029
0.0 0.002498379
0.0 0.37583145
1.0 0.97466904
0.0 0.037713796
0.0 0.0007492639
0.0 0.016999934
0.0 0.00092392415
0.0 0.26362315
0.0 0.01939527
0.0 0.00056747795
0.0 0.043674637
0.0 0.019697672
0.0 0.038938697
1.0 0.99808925
0.0 0.021355225
0.0 0.00079535396
0.0 0.00086920004
1.0 0.97664535
0.0 0.043674637
0.0 0.015517709
0.0 0.008640746
1.0 0.97869027
0.0 0.008640746
0.0 0.017719029
1.0 0.99504423
