true vs pred:
1.0 0.9930326
0.0 0.012316983
0.0 0.000109926455
0.0 0.46293193
1.0 0.999398
0.0 0.015291191
0.0 0.000114637405
0.0 0.46293193
0.0 0.0016003099
0.0 0.00011606269
0.0 0.8250609
0.0 0.00011575752
1.0 0.9935814
0.0 0.00039149355
1.0 0.999335
0.0 0.00011575752
0.0 0.766112
0.0 0.00015255042
0.0 0.00042530464
0.0 0.0004691972
0.0 0.02477115
0.0 0.00012117331
0.0 0.8250609
0.0 0.00043665082
0.0 0.00014823879
0.0 0.000108891094
1.0 0.9994282
0.0 0.014906603
0.0 0.014992684
0.0 0.016664423
0.0 0.00012101962
0.0 0.47952357
0.0 0.89263237
0.0 0.018882692
0.0 0.00011448905
0.0 0.020577913
0.0 0.4516578
1.0 0.9935814
0.0 0.0001272421
0.0 0.00015373278
0.0 0.00012118498
1.0 0.9895867
0.0 0.00043665082
0.0 0.000100938116
0.0 0.00039998966
0.0 9.8269054e-05
0.0 0.018882692
0.0 0.016664423
0.0 0.0004864846
0.0 0.00010425946
0.0 9.584178e-05
0.0 0.017957203
0.0 0.00012117331
0.0 0.00011575752
0.0 0.4516578
0.0 0.0004566858
0.0 0.00010425946
0.0 0.7911152
1.0 0.9895867
0.0 0.00012101962
0.0 0.00011437296
1.0 0.9930326
0.0 0.023749348
0.0 0.00041320125
0.0 0.028871248
0.0 0.4454215
0.0 0.00013893627
1.0 0.98866826
0.0 0.00012976675
1.0 0.99948823
1.0 0.9930326
0.0 0.46293193
0.0 0.014992684
0.0 0.00010009454
0.0 0.000108891094
0.0 9.0810274e-05
0.0 0.4536806
0.0 0.013061746
0.0 0.4454215
1.0 0.99948823
0.0 0.014906603
0.0 0.013044667
0.0 0.02220964
0.0 0.00015438606
0.0 0.0015094042
0.0 0.00041320125
0.0 0.014992684
0.0 0.0012316774
0.0 0.018324478
0.0 0.450215
0.0 0.02477115
1.0 0.999313
0.0 0.845076
0.0 0.000113917
0.0 0.000100938116
0.0 0.00011448905
0.0 0.013044667
0.0 0.85782045
0.0 0.017957203
0.0 0.00015438606
0.0 0.00011448905
0.0 0.017930968
0.0 0.36044645
0.0 0.00043665082
0.0 0.010610275
0.0 0.00045633703
0.0 0.85782045
0.0 0.00016938265
0.0 0.00045633703
0.0 0.013446498
0.0 0.019081278
0.0 0.0004455708
0.0 0.000108891094
0.0 0.015903967
0.0 0.020577913
1.0 0.999313
0.0 0.000109926455
0.0 0.018882692
0.0 0.00012976675
0.0 0.0017049975
0.0 0.4536806
0.0 0.39867732
0.0 0.00041320125
0.0 9.456662e-05
0.0 0.0001272421
0.0 0.023749348
0.0 0.0001479853
0.0 9.8269054e-05
0.0 0.0017049975
0.0 0.00010009454
0.0 0.0001029093
0.0 0.013044667
0.0 0.0001479853
0.0 0.0004201226
1.0 0.99933416
0.0 0.00044689412
0.0 0.7137051
0.0 0.0004864846
0.0 0.00011437296
1.0 0.99930274
1.0 0.9930326
0.0 0.4454215
1.0 0.9920204
0.0 0.00038307393
0.0 0.0011601008
0.0 0.020682186
0.0 0.00010425946
0.0 0.0001029093
0.0 0.00011437296
0.0 0.00011688545
0.0 0.8156339
0.0 0.017957203
0.0 0.00011575752
0.0 0.000441144
0.0 0.018882692
0.0 0.02214981
0.0 0.00010221697
0.0 0.00039998966
0.0 0.00035582494
1.0 0.9913652
0.0 0.0011601008
0.0 0.85782045
0.0 0.0004864846
0.0 0.00015438606
0.0 0.00011575752
0.0 9.768867e-05
0.0 0.024011232
1.0 0.99930274
0.0 0.017957203
0.0 0.00039998966
0.0 0.00015255042
0.0 0.017930968
1.0 0.98866826
0.0 0.012316983
0.0 9.456662e-05
0.0 0.000441144
0.0 0.0001287358
0.0 0.00012570377
0.0 0.016664423
0.0 0.020682186
1.0 0.9913652
0.0 0.00034425355
0.0 0.00015373278
0.0 0.46293193
0.0 0.0001286001
0.0 9.456662e-05
0.0 0.00015499434
0.0 0.00011488406
0.0 0.450215
0.0 0.0004691972
0.0 0.0011601008
0.0 0.010610275
0.0 0.0004201226
0.0 0.00011488406
0.0 0.0011601008
0.0 0.00010009454
0.0 0.000100938116
0.0 0.013446498
1.0 0.9920204
0.0 0.00013482425
0.0 0.0001287358
0.0 0.0004201226
0.0 0.0015994393
0.0 0.0015793617
0.0 0.020577913
0.0 0.014992684
0.0 0.85782045
0.0 0.017957203
0.0 0.024011232
0.0 0.0004566858
0.0 0.0015793617
0.0 0.0015878744
1.0 0.9920204
0.0 0.00011437296
1.0 0.98866826
0.0 0.019401168
0.0 0.0001286001
1.0 0.9890442
0.0 0.00035582494
0.0 0.00016938265
0.0 0.016664423
0.0 0.00012220745
0.0 0.0001029093
0.0 0.00012118498
0.0 0.0019100906
0.0 0.000100938116
0.0 0.021052467
0.0 0.0015878744
1.0 0.9925782
0.0 0.0015994393
0.0 9.964438e-05
0.0 0.000108891094
0.0 0.000114637405
0.0 0.00011606269
0.0 0.0011601008
0.0 0.00036697998
0.0 0.85782045
1.0 0.9902035
1.0 0.9895867
0.0 0.4516578
0.0 0.000113917
0.0 0.00011012768
0.0 0.00015373278
0.0 0.00012570377
0.0 0.450215
0.0 0.0011601008
0.0 0.0004566858
0.0 0.02564171
0.0 0.0016003099
0.0 0.021052467
0.0 0.00012976675
0.0 0.013061746
0.0 0.023749348
0.0 0.00013855696
0.0 0.013044667
0.0 0.0001272421
0.0 9.768867e-05
0.0 9.8269054e-05
0.0 0.00041320125
0.0 0.022567613
0.0 0.00011606269
0.0 0.0019100906
0.0 0.023749348
0.0 0.0004302666
0.0 0.02220964
0.0 0.7911152
0.0 0.00012101962
0.0 0.0004455708
0.0 0.8250609
0.0 0.0004864846
0.0 0.766112
0.0 0.00010221697
0.0 0.47952357
0.0 0.450215
0.0 0.47952357
0.0 0.845076
0.0 0.012316983
0.0 0.0019100906
1.0 0.999335
0.0 0.0011601008
1.0 0.9994282
0.0 0.00046416107
0.0 0.017930968
0.0 0.0016003099
0.0 0.02214981
0.0 0.00050888193
0.0 0.0012316774
0.0 0.015291191
0.0 0.00011012768
0.0 0.00041320125
1.0 0.999313
0.0 0.39867732
0.0 0.00012976675
0.0 0.019081278
1.0 0.9902035
0.0 0.028701434
0.0 0.00042530464
0.0 0.02220964
0.0 0.02220964
0.0 0.46293193
1.0 0.99933416
0.0 0.0019100906
0.0 9.768867e-05
1.0 0.99930274
0.0 0.00012976675
0.0 0.00010425946
0.0 0.00011437296
0.0 0.0016003099
0.0 0.012316983
0.0 0.8250609
0.0 0.89263237
0.0 0.7911152
0.0 0.00016593985
0.0 0.00046416107
0.0 0.023749348
0.0 0.00015598071
0.0 0.028701434
1.0 0.9895867
0.0 0.00015373278
0.0 0.00011488406
0.0 0.766112
0.0 0.00011575752
0.0 0.020682186
1.0 0.9994234
0.0 0.028701434
0.0 0.82732964
0.0 0.00035582494
0.0 0.0001286001
0.0 0.0012316774
0.0 0.0015994393
1.0 0.9994234
0.0 0.016207518
0.0 0.0012316774
0.0 0.016664423
0.0 0.0017049975
0.0 0.000441144
0.0 9.584178e-05
0.0 0.32123518
0.0 0.4516578
0.0 0.0001479853
0.0 0.00036697998
0.0 0.000114637405
1.0 0.9994413
0.0 0.00011012768
0.0 0.013044667
0.0 0.4536806
0.0 0.00011688545
0.0 0.00010221697
0.0 0.0001029093
0.0 0.00012570377
1.0 0.99948823
0.0 0.80332625
0.0 0.022567613
0.0 0.00011012768
0.0 0.00010221697
0.0 0.00015328254
1.0 0.9925782
0.0 0.00012220745
0.0 0.89263237
0.0 0.00010009454
0.0 0.02220964
0.0 0.00042530464
1.0 0.99930274
0.0 0.0012316774
0.0 0.00011437296
0.0 0.017957203
0.0 0.5684993
0.0 0.00046416107
0.0 0.5684993
0.0 0.00041320125
0.0 0.0015994393
0.0 0.00012118498
0.0 0.023749348
0.0 0.00013482425
0.0 0.00039149355
0.0 0.0001272421
0.0 0.00013482425
0.0 0.4536806
0.0 0.00010425946
0.0 0.019401168
0.0 0.000109926455
1.0 0.9935814
1.0 0.99948823
0.0 0.7137051
0.0 0.00011606269
0.0 0.0001287358
0.0 9.964438e-05
0.0 0.00015328254
0.0 0.00036697998
1.0 0.98866826
0.0 0.00042530464
0.0 0.450215
0.0 0.000114637405
0.0 0.00011688545
0.0 0.0012316774
0.0 0.000441144
0.0 0.00039149355
1.0 0.9994413
0.0 0.00039149355
0.0 0.00015255042
0.0 0.32123518
0.0 0.0004566858
0.0 9.964438e-05
0.0 9.584178e-05
0.0 0.00034425355
0.0 0.021052467
0.0 0.000108477165
0.0 0.000108891094
1.0 0.9994413
0.0 0.00012118498
0.0 0.0001479853
0.0 0.020577913
0.0 0.0001029093
0.0 0.013044667
0.0 0.013446498
0.0 0.5684993
1.0 0.9994282
0.0 0.00035582494
0.0 0.00010221697
0.0 0.000100938116
0.0 0.0004864846
0.0 0.8250609
0.0 0.00016593985
0.0 0.00045633703
0.0 0.7137051
0.0 0.00015328254
0.0 0.00012976675
0.0 0.00043665082
0.0 0.00010221697
0.0 0.47952357
0.0 0.012316983
0.0 0.017930968
0.0 0.0001029093
1.0 0.999313
0.0 0.0017049975
1.0 0.9913652
0.0 0.00042530464
0.0 9.0810274e-05
0.0 0.020577913
0.0 0.0017049975
0.0 0.89263237
0.0 0.80332625
1.0 0.98866826
0.0 0.000100938116
0.0 0.0004864846
0.0 0.021052467
0.0 0.000108477165
0.0 0.0015793617
0.0 0.00036697998
1.0 0.9994413
0.0 0.016207518
1.0 0.9994234
0.0 0.8250609
0.0 0.0017049975
1.0 0.99933416
0.0 0.020682186
1.0 0.9935814
0.0 0.00046416107
0.0 0.00036697998
0.0 0.00010009454
0.0 0.028701434
0.0 0.0001359877
0.0 0.02220964
1.0 0.98866826
0.0 0.015291191
0.0 0.0011601008
1.0 0.98866826
0.0 0.019081278
0.0 0.0001287358
1.0 0.999398
1.0 0.9935814
0.0 0.00016900724
0.0 0.015291191
0.0 0.0004864846
0.0 0.00015255042
0.0 9.768867e-05
0.0 0.0004302666
0.0 9.768867e-05
0.0 0.00016900724
0.0 0.85782045
0.0 0.02214981
0.0 0.0004566858
0.0 0.0001272421
1.0 0.9895867
0.0 0.00012976675
0.0 0.016207518
0.0 0.02220964
0.0 0.00016938265
0.0 0.019081278
0.0 0.00012157526
0.0 0.00016593985
0.0 0.00041320125
1.0 0.9994282
0.0 0.00016593985
0.0 0.00011012768
0.0 0.00011437296
0.0 0.0004864846
0.0 0.0017049975
0.0 0.5684993
0.0 0.00012117331
0.0 0.00011437296
0.0 0.00014823879
0.0 9.8269054e-05
0.0 0.015903967
0.0 0.019081278
0.0 0.8156339
0.0 0.016207518
0.0 0.00010425946
0.0 0.017957203
1.0 0.98866826
0.0 0.016207518
0.0 0.00046416107
0.0 9.768867e-05
0.0 9.768867e-05
0.0 0.018324478
0.0 0.0014583896
0.0 0.00013482425
0.0 0.5684993
1.0 0.9925782
0.0 0.00013482425
