true vs pred:
1.0 0.9950597
1.0 0.9661591
1.0 0.99762756
1.0 0.975552
0.0 0.8807343
1.0 0.9973616
1.0 0.99583805
1.0 0.99287224
1.0 0.9975133
1.0 0.99762756
1.0 0.995865
1.0 0.9973616
1.0 0.9950781
1.0 0.975552
1.0 0.9742629
1.0 0.9645349
1.0 0.99552023
0.0 0.19470249
0.0 0.89888865
1.0 0.9915418
1.0 0.9965804
1.0 0.99617946
1.0 0.99617946
1.0 0.9975133
0.0 0.8853786
0.0 0.16703248
0.0 0.08987039
1.0 0.98689926
0.0 0.86672634
1.0 0.9874821
1.0 0.9732947
1.0 0.96646756
0.0 0.16703248
1.0 0.9965366
1.0 0.9975896
0.0 0.8800387
1.0 0.9915418
1.0 0.99620545
1.0 0.99583805
1.0 0.99750024
0.0 0.8853786
1.0 0.98689926
1.0 0.99750024
0.0 0.8798587
1.0 0.98709434
1.0 0.99754095
1.0 0.99618196
1.0 0.9915418
0.0 0.08691444
1.0 0.99555415
1.0 0.9956327
1.0 0.99569315
1.0 0.97641456
1.0 0.99666566
1.0 0.9951521
1.0 0.97450405
1.0 0.9931277
1.0 0.9948915
1.0 0.995865
1.0 0.9965366
1.0 0.9954104
1.0 0.96278113
1.0 0.9943104
0.0 0.19470249
1.0 0.9963102
1.0 0.9972836
1.0 0.9975896
1.0 0.9963102
1.0 0.9964616
1.0 0.9661591
1.0 0.9770652
1.0 0.9975896
1.0 0.9931277
0.0 0.8792476
0.0 0.8853786
1.0 0.9969854
0.0 0.19410138
1.0 0.99740666
1.0 0.9954786
1.0 0.99552023
1.0 0.9661591
1.0 0.99649185
0.0 0.8800387
1.0 0.9960312
1.0 0.9956766
1.0 0.99756986
1.0 0.9954104
1.0 0.9975896
1.0 0.9955914
1.0 0.99649185
1.0 0.995784
1.0 0.9960284
1.0 0.9958812
1.0 0.9964616
1.0 0.9960945
1.0 0.99649185
1.0 0.98399365
1.0 0.9922104
1.0 0.9923314
1.0 0.9931618
0.0 0.07774057
1.0 0.99591786
1.0 0.9951444
1.0 0.99756694
0.0 0.17996581
1.0 0.99651957
1.0 0.99555415
1.0 0.9732947
1.0 0.967755
1.0 0.99590886
1.0 0.9954786
1.0 0.9954786
0.0 0.17519486
1.0 0.9742629
1.0 0.99569315
1.0 0.9951521
0.0 0.07774057
1.0 0.9975133
1.0 0.9943104
0.0 0.89888865
1.0 0.99591714
0.0 0.8792476
1.0 0.98808134
1.0 0.995784
1.0 0.9948915
1.0 0.9950597
1.0 0.975552
1.0 0.99625313
1.0 0.9732947
1.0 0.9645349
1.0 0.99538165
0.0 0.8798587
1.0 0.99753904
1.0 0.99649376
1.0 0.97450405
1.0 0.9958812
1.0 0.99651957
0.0 0.16703248
1.0 0.99534094
1.0 0.9658545
1.0 0.97760004
1.0 0.9954319
0.0 0.17519486
1.0 0.99712807
1.0 0.99666566
0.0 0.17519486
1.0 0.9951521
1.0 0.97641456
1.0 0.99750024
1.0 0.97760004
1.0 0.99441296
0.0 0.17519486
1.0 0.997727
1.0 0.9931618
1.0 0.9965366
1.0 0.9945728
1.0 0.9923314
1.0 0.9958812
0.0 0.18080258
1.0 0.9600459
0.0 0.0876663
1.0 0.9922231
0.0 0.17996581
1.0 0.99666566
1.0 0.975552
1.0 0.9975896
0.0 0.89888865
1.0 0.9922448
1.0 0.99552023
1.0 0.9945728
0.0 0.89888865
0.0 0.08966312
1.0 0.9871356
0.0 0.8807343
1.0 0.9966799
0.0 0.8798587
1.0 0.9973616
0.0 0.08691444
1.0 0.9960945
1.0 0.9948915
1.0 0.9945728
1.0 0.97760004
1.0 0.9956327
0.0 0.16703248
1.0 0.99649376
1.0 0.99590886
1.0 0.99545527
1.0 0.9658545
1.0 0.9600459
1.0 0.96278113
1.0 0.99545527
1.0 0.98709434
1.0 0.99625313
1.0 0.97450405
1.0 0.97567886
1.0 0.995784
0.0 0.08966312
1.0 0.99600166
1.0 0.95920724
1.0 0.9964122
0.0 0.8853786
1.0 0.99617946
1.0 0.99590886
1.0 0.97450405
0.0 0.17564476
1.0 0.99762756
1.0 0.99618196
1.0 0.995865
1.0 0.97641456
1.0 0.99651957
0.0 0.86672634
0.0 0.07774057
1.0 0.9931618
1.0 0.9954104
1.0 0.98808134
0.0 0.07774057
0.0 0.08760609
1.0 0.9956644
1.0 0.99545527
0.0 0.18080258
1.0 0.96278113
0.0 0.08691444
1.0 0.9912431
1.0 0.9962059
1.0 0.9867582
1.0 0.9874821
1.0 0.9964616
0.0 0.19410138
1.0 0.9959466
1.0 0.99638844
1.0 0.967755
1.0 0.99734193
1.0 0.97567886
0.0 0.08511686
0.0 0.8792476
1.0 0.99756986
0.0 0.085329786
1.0 0.99638844
1.0 0.99545527
1.0 0.9966799
1.0 0.99740666
0.0 0.89888865
1.0 0.99441296
1.0 0.96278113
1.0 0.9922104
0.0 0.8853786
0.0 0.08708841
0.0 0.8800387
1.0 0.99538165
1.0 0.99734193
1.0 0.99591714
1.0 0.9951521
1.0 0.9960945
1.0 0.991629
1.0 0.99539185
1.0 0.98689926
0.0 0.08511686
1.0 0.99712807
1.0 0.9912431
1.0 0.97450405
1.0 0.99712807
1.0 0.99545527
1.0 0.97479284
1.0 0.99545527
1.0 0.97450405
1.0 0.99618196
1.0 0.99560153
1.0 0.99617946
1.0 0.9965804
1.0 0.9641256
1.0 0.9956327
0.0 0.17519486
1.0 0.967755
1.0 0.99560153
0.0 0.89173204
1.0 0.9955914
1.0 0.98709434
1.0 0.9962059
1.0 0.9951131
1.0 0.99649376
0.0 0.08708841
1.0 0.9969854
1.0 0.9922231
0.0 0.17996581
1.0 0.99583805
1.0 0.9956644
1.0 0.9975896
1.0 0.97567886
1.0 0.9963102
1.0 0.9912431
0.0 0.08760609
1.0 0.9964616
1.0 0.99538165
0.0 0.8853786
1.0 0.9658545
1.0 0.98709434
1.0 0.99552023
0.0 0.18080258
1.0 0.99666566
1.0 0.9965804
1.0 0.9963102
1.0 0.9874821
1.0 0.9950781
1.0 0.99754095
0.0 0.17519486
0.0 0.19410138
1.0 0.9974088
0.0 0.8853786
1.0 0.98808134
1.0 0.99750024
1.0 0.9912431
1.0 0.9931618
1.0 0.9964616
1.0 0.995865
1.0 0.975552
0.0 0.16703248
1.0 0.995865
1.0 0.97479284
1.0 0.97450405
1.0 0.98545283
1.0 0.9645349
0.0 0.89173204
1.0 0.9960945
0.0 0.07774057
1.0 0.9922104
1.0 0.9960284
1.0 0.99590886
1.0 0.9960945
1.0 0.96278113
1.0 0.995784
1.0 0.99712807
1.0 0.99618196
1.0 0.99625313
1.0 0.9658545
1.0 0.9960284
1.0 0.9645349
1.0 0.99750394
1.0 0.9878714
1.0 0.9960312
1.0 0.9770652
1.0 0.9871356
0.0 0.07774057
1.0 0.9957903
1.0 0.99539185
1.0 0.97479284
1.0 0.9943104
1.0 0.9975896
1.0 0.9945728
1.0 0.99756986
1.0 0.9964616
0.0 0.17996581
0.0 0.19470249
0.0 0.07774057
1.0 0.9923314
1.0 0.99600166
1.0 0.9931277
1.0 0.99441296
1.0 0.99750394
1.0 0.9960284
1.0 0.99569315
1.0 0.97479284
1.0 0.9931277
1.0 0.99539185
1.0 0.9954786
1.0 0.97641456
0.0 0.085329786
1.0 0.9874821
0.0 0.17842036
1.0 0.9950781
0.0 0.1890484
1.0 0.9952413
1.0 0.9964122
1.0 0.9878714
1.0 0.9645349
1.0 0.95920724
1.0 0.99600166
1.0 0.99756694
1.0 0.9948915
1.0 0.99649376
1.0 0.99750024
1.0 0.99545527
1.0 0.9975896
1.0 0.9972836
1.0 0.9974088
1.0 0.99287224
1.0 0.99750024
1.0 0.99591786
1.0 0.9956644
0.0 0.19470249
1.0 0.99618196
1.0 0.9915418
1.0 0.9922448
1.0 0.9965804
1.0 0.99600166
1.0 0.99539185
1.0 0.9956766
0.0 0.8853786
0.0 0.17996581
1.0 0.9957903
1.0 0.99600166
1.0 0.9922231
1.0 0.98689926
1.0 0.9658545
1.0 0.9948915
1.0 0.99762756
1.0 0.95920724
0.0 0.17564476
1.0 0.99560153
1.0 0.9931618
1.0 0.9960312
1.0 0.99755424
0.0 0.8800387
1.0 0.99625313
1.0 0.99545527
0.0 0.19410138
1.0 0.98709434
1.0 0.99539185
0.0 0.19470249
0.0 0.08708841
1.0 0.99649376
1.0 0.9658545
1.0 0.96440667
1.0 0.9956327
1.0 0.995784
1.0 0.9742629
1.0 0.9950781
1.0 0.99750394
1.0 0.9943104
1.0 0.9952413
1.0 0.99441296
1.0 0.995865
1.0 0.9912431
1.0 0.97760004
1.0 0.995784
0.0 0.16703248
0.0 0.17590806
1.0 0.9951131
1.0 0.9956327
1.0 0.99583805
0.0 0.18080258
1.0 0.9600459
1.0 0.99583805
1.0 0.99638844
1.0 0.9975133
1.0 0.9966799
0.0 0.17996581
1.0 0.9960284
1.0 0.9915418
1.0 0.99600166
1.0 0.96646756
1.0 0.9658545
1.0 0.99441296
1.0 0.9969854
0.0 0.08987039
0.0 0.17519486
1.0 0.9931618
1.0 0.99753904
1.0 0.98545283
1.0 0.9954786
1.0 0.9960312
1.0 0.9960284
1.0 0.9951521
1.0 0.995784
1.0 0.9954104
1.0 0.95920724
1.0 0.9960945
1.0 0.99750024
1.0 0.9952413
1.0 0.98808134
1.0 0.9956644
0.0 0.08691444
1.0 0.99753904
0.0 0.8807343
1.0 0.9922231
1.0 0.98689926
1.0 0.99620545
0.0 0.89173204
0.0 0.17590806
1.0 0.9874821
1.0 0.98808134
1.0 0.99641585
1.0 0.9658545
1.0 0.9871356
0.0 0.17590806
0.0 0.19410138
0.0 0.8875818
1.0 0.9958812
1.0 0.9960284
0.0 0.8853786
1.0 0.99441296
1.0 0.9888883
0.0 0.86672634
1.0 0.991629
1.0 0.9960312
0.0 0.17590806
1.0 0.99712807
1.0 0.98808134
0.0 0.17564476
1.0 0.9661591
1.0 0.99756694
1.0 0.997727
0.0 0.8875818
1.0 0.99569315
1.0 0.9912431
1.0 0.99641585
1.0 0.9966799
1.0 0.99762756
1.0 0.967755
1.0 0.9955914
1.0 0.9954786
0.0 0.08760609
1.0 0.99552023
1.0 0.9972836
1.0 0.9951131
1.0 0.98808134
1.0 0.96646756
1.0 0.99641585
0.0 0.89173204
0.0 0.07774057
1.0 0.99750394
