true vs pred:
0.0 2.1305194e-05
0.0 7.529673e-05
0.0 3.4764733e-05
0.0 0.026012257
0.0 3.473262e-05
0.0 3.9505e-05
0.0 1.700262e-05
0.0 1.8166145e-05
0.0 3.1882595e-05
0.0 1.8566792e-05
0.0 5.5037868e-05
0.0 7.027357e-05
0.0 1.3155481e-05
0.0 3.9505e-05
0.0 7.128015e-05
0.0 0.014931283
0.0 0.00033640635
0.0 0.036316216
0.0 1.6840375e-05
0.0 1.8566792e-05
0.0 3.473262e-05
0.0 0.024563292
0.0 1.3155683e-05
0.0 1.700262e-05
0.0 1.2736527e-05
0.0 0.082648866
0.0 0.00031488226
0.0 1.3393879e-05
0.0 0.00017193807
0.0 0.00026537018
0.0 2.2169432e-05
0.0 1.700262e-05
0.0 6.432501e-05
0.0 0.050061665
0.0 1.30121525e-05
0.0 8.8360706e-05
0.0 8.8360706e-05
0.0 1.700262e-05
0.0 2.1494025e-05
0.0 0.056657575
0.0 6.296523e-05
0.0 1.3155683e-05
0.0 1.4043097e-05
0.0 8.193956e-05
0.0 0.062396854
0.0 1.3685009e-05
0.0 1.6414311e-05
0.0 2.3201856e-05
0.0 1.2662011e-05
0.0 2.31299e-05
0.0 1.7531744e-05
0.0 1.3081731e-05
0.0 3.4764733e-05
0.0 7.221542e-05
0.0 2.1533828e-05
0.0 0.105603404
0.0 1.671766e-05
0.0 1.3230807e-05
0.0 1.5046875e-05
0.0 2.18976e-05
0.0 5.4522578e-05
0.0 0.07333785
0.0 1.3155683e-05
0.0 0.022103783
0.0 3.3334207e-05
0.0 1.7095457e-05
0.0 2.3125489e-05
0.0 0.082648866
0.0 6.6867986e-05
0.0 2.3125489e-05
0.0 2.2269616e-05
0.0 5.6988887e-05
0.0 1.6805512e-05
0.0 1.8352308e-05
0.0 2.3201856e-05
0.0 0.00033640635
0.0 1.7096403e-05
0.0 1.3230807e-05
0.0 0.00026455798
0.0 0.024563292
0.0 1.3848262e-05
0.0 0.105603404
0.0 1.3027253e-05
0.0 1.7243903e-05
0.0 2.1533828e-05
0.0 2.2269616e-05
0.0 0.026818827
0.0 3.473262e-05
0.0 0.014931283
0.0 1.8919374e-05
0.0 1.2478861e-05
0.0 0.022103783
0.0 2.3659504e-05
0.0 1.700262e-05
0.0 1.2959458e-05
0.0 1.2325485e-05
0.0 1.6805512e-05
0.0 0.00026537018
0.0 6.296523e-05
0.0 3.1826155e-05
0.0 3.9505e-05
0.0 1.6414311e-05
0.0 1.8238707e-05
0.0 1.5046875e-05
0.0 1.5173622e-05
0.0 3.5582776e-05
0.0 5.9820686e-05
0.0 2.2169432e-05
0.0 0.00031488226
0.0 1.2478861e-05
0.0 1.3195501e-05
0.0 0.032922406
0.0 2.1305194e-05
0.0 1.30121525e-05
0.0 1.2906868e-05
0.0 3.9505e-05
0.0 0.036316216
0.0 1.8626222e-05
0.0 2.3397364e-05
0.0 1.541141e-05
0.0 2.3125489e-05
0.0 1.8919374e-05
0.0 6.093356e-05
0.0 2.3397364e-05
0.0 1.490632e-05
0.0 1.1991875e-05
0.0 7.027357e-05
0.0 1.3230807e-05
0.0 1.4632292e-05
0.0 0.050061665
0.0 0.105603404
0.0 1.3393879e-05
0.0 0.056657575
0.0 0.014931283
0.0 1.2170057e-05
0.0 2.1305194e-05
0.0 1.2959458e-05
0.0 2.18976e-05
0.0 3.5609628e-05
0.0 5.6988887e-05
0.0 0.00019537286
0.0 6.61838e-05
0.0 1.4632292e-05
0.0 2.2112676e-05
0.0 1.27770145e-05
0.0 0.055938046
0.0 1.6840375e-05
0.0 2.0696261e-05
0.0 3.397304e-05
0.0 3.473262e-05
0.0 1.6414311e-05
0.0 1.2736527e-05
0.0 0.023987228
0.0 5.4522578e-05
0.0 8.193956e-05
0.0 0.082648866
0.0 0.014931283
0.0 1.3081731e-05
0.0 0.00025103192
0.0 1.9150948e-05
0.0 1.8352308e-05
0.0 1.3685009e-05
0.0 0.00031152304
0.0 1.4632292e-05
0.0 2.0033403e-05
0.0 3.3334207e-05
0.0 7.221542e-05
0.0 1.5046875e-05
0.0 1.2533163e-05
0.0 2.109447e-05
0.0 3.5609628e-05
0.0 1.8328905e-05
0.0 1.1991875e-05
0.0 0.062396854
0.0 1.4890917e-05
0.0 1.4651364e-05
0.0 1.30121525e-05
0.0 1.8352308e-05
0.0 8.193956e-05
0.0 1.4651364e-05
0.0 0.00031152304
0.0 2.0696261e-05
0.0 1.4651364e-05
0.0 0.00031488226
0.0 0.00031152304
0.0 6.296523e-05
0.0 1.32634395e-05
0.0 0.023987228
0.0 0.014931283
0.0 2.18976e-05
0.0 2.0033403e-05
0.0 1.2736527e-05
0.0 1.2533163e-05
0.0 1.2959458e-05
0.0 2.203254e-05
0.0 0.036316216
0.0 3.473262e-05
0.0 1.671766e-05
0.0 1.7861741e-05
0.0 0.00025254837
0.0 1.3155683e-05
0.0 2.1494025e-05
0.0 1.30121525e-05
0.0 1.5034925e-05
0.0 7.1192175e-05
0.0 1.4632292e-05
0.0 2.3397364e-05
0.0 0.014931283
0.0 7.128015e-05
0.0 3.397304e-05
0.0 0.014931283
0.0 1.4632292e-05
0.0 1.2736527e-05
0.0 1.8919374e-05
0.0 7.1192175e-05
0.0 3.9505e-05
0.0 7.529673e-05
0.0 1.8626222e-05
0.0 6.296523e-05
0.0 1.7861741e-05
0.0 0.07333785
0.0 1.3269044e-05
0.0 0.050061665
0.0 8.193956e-05
0.0 1.6840375e-05
0.0 0.023987228
0.0 0.023633923
0.0 0.023987228
0.0 0.00017193807
0.0 1.671766e-05
0.0 1.3027253e-05
0.0 5.9820686e-05
0.0 5.4522578e-05
0.0 2.1100364e-05
0.0 7.128015e-05
0.0 0.023633923
0.0 0.036316216
0.0 0.026012257
0.0 0.00031488226
0.0 5.6988887e-05
0.0 0.028565314
0.0 0.07333785
0.0 5.6988887e-05
0.0 2.3659504e-05
0.0 1.8473573e-05
0.0 7.027357e-05
0.0 3.5582776e-05
0.0 1.671766e-05
0.0 1.32217265e-05
0.0 1.4890917e-05
0.0 2.31299e-05
0.0 1.32217265e-05
0.0 5.1419553e-05
0.0 1.4890917e-05
0.0 5.1419553e-05
0.0 1.2767599e-05
0.0 1.32634395e-05
0.0 2.1093887e-05
0.0 3.5609628e-05
0.0 0.00031488226
0.0 1.3155481e-05
0.0 2.203254e-05
0.0 1.3393879e-05
0.0 0.023633923
0.0 1.3668015e-05
0.0 1.3269044e-05
0.0 7.027357e-05
0.0 0.07333785
0.0 3.5582776e-05
0.0 1.530061e-05
0.0 3.5609628e-05
0.0 1.3081731e-05
0.0 1.8919374e-05
0.0 1.27485955e-05
0.0 1.4043097e-05
0.0 0.105603404
0.0 0.028565314
0.0 1.4043097e-05
0.0 0.056657575
0.0 2.3201856e-05
0.0 1.7095457e-05
0.0 1.7096403e-05
0.0 5.9820686e-05
0.0 1.3269044e-05
0.0 1.541141e-05
0.0 1.6414311e-05
0.0 1.8626222e-05
0.0 1.3155683e-05
0.0 2.1305194e-05
0.0 0.00017193807
0.0 1.27770145e-05
0.0 1.2767599e-05
0.0 8.193956e-05
0.0 1.4651364e-05
0.0 1.32217265e-05
0.0 0.00017193807
0.0 1.30121525e-05
0.0 1.27770145e-05
0.0 1.27485955e-05
0.0 1.2325485e-05
0.0 5.6988887e-05
0.0 3.09851e-05
0.0 1.7531744e-05
0.0 2.2069804e-05
0.0 0.050061665
0.0 1.530061e-05
0.0 2.1100364e-05
0.0 1.4632292e-05
0.0 1.30121525e-05
0.0 1.4043097e-05
0.0 1.2478861e-05
0.0 2.1494025e-05
0.0 2.1100364e-05
0.0 0.00026537018
0.0 1.6840375e-05
0.0 3.1826155e-05
0.0 0.018629815
0.0 2.3125489e-05
0.0 1.8626222e-05
0.0 7.027357e-05
0.0 1.8166145e-05
0.0 1.4059337e-05
0.0 1.3081731e-05
0.0 0.00017193807
0.0 1.32217265e-05
0.0 7.1192175e-05
0.0 3.1826155e-05
0.0 1.6414311e-05
0.0 7.1192175e-05
0.0 0.00031488226
0.0 0.000380742
0.0 7.027357e-05
0.0 0.028565314
0.0 1.3393879e-05
0.0 1.4014653e-05
0.0 7.027357e-05
0.0 1.6414311e-05
0.0 1.8166145e-05
0.0 3.4764733e-05
0.0 7.128015e-05
0.0 1.3081731e-05
0.0 0.018629815
0.0 3.1826155e-05
0.0 1.8166145e-05
0.0 3.397304e-05
0.0 2.2069804e-05
0.0 0.105603404
0.0 1.4651364e-05
0.0 0.028565314
0.0 3.5582776e-05
0.0 7.1192175e-05
0.0 1.32008245e-05
0.0 7.1192175e-05
0.0 8.8360706e-05
0.0 1.4043097e-05
0.0 0.023633923
0.0 0.050061665
0.0 1.3155683e-05
0.0 1.6414311e-05
0.0 0.07333785
0.0 1.32217265e-05
0.0 6.186521e-05
0.0 2.289659e-05
0.0 3.9505e-05
0.0 1.7243903e-05
0.0 2.1533828e-05
0.0 0.032922406
0.0 1.32217265e-05
0.0 1.4059337e-05
0.0 0.028565314
0.0 1.7243903e-05
0.0 1.7096403e-05
0.0 2.2269616e-05
0.0 1.7095457e-05
0.0 2.2269616e-05
0.0 0.032922406
0.0 0.062396854
0.0 7.128015e-05
0.0 6.432501e-05
0.0 3.1826155e-05
0.0 1.671766e-05
0.0 1.3269044e-05
0.0 1.2959458e-05
0.0 2.0696261e-05
0.0 5.6988887e-05
0.0 0.00026455798
0.0 2.3201856e-05
0.0 1.2597152e-05
0.0 1.2325485e-05
0.0 0.102595486
0.0 1.2959458e-05
0.0 1.1991875e-05
0.0 2.1305194e-05
0.0 1.4059337e-05
0.0 7.027357e-05
0.0 1.4651364e-05
0.0 1.2267111e-05
0.0 2.3201856e-05
0.0 1.8352308e-05
0.0 1.7095457e-05
0.0 1.32217265e-05
0.0 0.056657575
0.0 0.014931283
0.0 1.32634395e-05
0.0 2.289659e-05
0.0 2.2169432e-05
0.0 1.3081731e-05
0.0 1.2533163e-05
0.0 0.000380742
0.0 7.1192175e-05
0.0 5.9820686e-05
0.0 1.3269044e-05
0.0 1.8352308e-05
0.0 3.3334207e-05
0.0 1.2906868e-05
0.0 1.2971638e-05
0.0 1.1991875e-05
0.0 1.5034925e-05
0.0 2.18976e-05
0.0 3.3334207e-05
0.0 0.024563292
0.0 1.530061e-05
0.0 1.2597152e-05
0.0 0.00026537018
0.0 7.1192175e-05
0.0 0.024563292
0.0 0.00025254837
0.0 1.2170057e-05
0.0 1.4059337e-05
0.0 1.3848262e-05
0.0 1.2959458e-05
0.0 1.1991875e-05
0.0 3.5582776e-05
0.0 6.6867986e-05
0.0 1.4632292e-05
0.0 2.1100364e-05
0.0 1.5173622e-05
0.0 1.490632e-05
0.0 1.8919374e-05
0.0 7.027357e-05
0.0 0.050061665
0.0 1.671766e-05
0.0 2.3125489e-05
0.0 0.00033640635
0.0 1.2170057e-05
0.0 1.6414311e-05
0.0 1.8352308e-05
0.0 1.8166145e-05
0.0 1.4651364e-05
0.0 1.7095457e-05
0.0 1.2170057e-05
0.0 3.1882595e-05
0.0 5.4522578e-05
0.0 1.2533163e-05
0.0 1.4095907e-05
0.0 0.028565314
0.0 2.1093887e-05
0.0 0.00031488226
0.0 2.0033403e-05
0.0 1.3155481e-05
0.0 0.023633923
0.0 0.026012257
0.0 1.671766e-05
0.0 0.028788254
0.0 0.018629815
0.0 2.0696261e-05
0.0 1.2971984e-05
0.0 0.00025103192
0.0 1.4059337e-05
0.0 1.27770145e-05
0.0 8.8360706e-05
0.0 1.700262e-05
0.0 6.296523e-05
0.0 1.3027253e-05
0.0 1.671766e-05
0.0 1.8919374e-05
0.0 1.236509e-05
0.0 3.5609628e-05
0.0 3.9505e-05
0.0 2.1494025e-05
0.0 7.221542e-05
0.0 0.102595486
0.0 3.3334207e-05
0.0 2.31299e-05
0.0 1.2332563e-05
0.0 1.30121525e-05
0.0 7.221542e-05
0.0 7.1192175e-05
0.0 0.00019537286
0.0 1.8473573e-05
0.0 2.109447e-05
0.0 6.093356e-05
0.0 1.8473573e-05
0.0 2.3125489e-05
0.0 1.1991875e-05
0.0 0.055938046
0.0 3.3334207e-05
0.0 2.31299e-05
0.0 1.2971984e-05
0.0 2.3201856e-05
0.0 1.700262e-05
0.0 2.1305194e-05
0.0 1.8919374e-05
0.0 1.2325485e-05
0.0 2.31299e-05
0.0 3.1826155e-05
0.0 1.9150948e-05
0.0 2.2169432e-05
0.0 1.671766e-05
0.0 1.8566792e-05
0.0 1.2736527e-05
0.0 1.7243903e-05
0.0 1.32008245e-05
0.0 1.5034925e-05
0.0 6.1517116e-05
0.0 1.3668015e-05
0.0 1.2906868e-05
0.0 5.5037868e-05
0.0 0.032922406
0.0 1.4714503e-05
