true vs pred:
0.0 0.00029933712
0.0 0.32877403
0.0 0.0001837527
0.0 0.00018883328
0.0 0.05304859
0.0 0.0002946752
0.0 0.00020892631
0.0 0.00020892631
0.0 0.00018883328
0.0 0.0443371
0.0 0.0001900714
0.0 0.0002872805
0.0 0.00013017126
0.0 0.0001717298
0.0 0.00027745133
0.0 0.00018883328
1.0 0.8115001
0.0 0.00015459715
0.0 0.05109858
0.0 0.0002872805
0.0 0.0002743754
0.0 0.00015291291
0.0 0.00093203504
0.0 0.00095819053
0.0 0.026859248
0.0 0.0002933496
0.0 0.33644038
0.0 0.0010873543
0.0 0.00020892631
1.0 0.68714905
0.0 0.00018529517
0.0 0.00012847607
0.0 0.0010163327
0.0 0.27314296
0.0 0.047009844
1.0 0.8115001
0.0 0.06601799
0.0 0.0012031884
1.0 0.8115001
0.0 0.00027745133
0.0 0.00016382578
0.0 0.0001900714
0.0 0.050830312
0.0 0.00030896868
0.0 0.00029386554
0.0 0.0010074064
0.0 0.00019556335
0.0 0.00018026488
0.0 0.00093203504
0.0 0.0012031884
0.0 0.00018940582
0.0 0.0001728497
0.0 0.00027745133
0.0 0.00015291291
0.0 0.00030065447
0.0 0.34873232
0.0 0.29208967
0.0 0.0001845305
0.0 0.0443371
0.0 0.0010173455
0.0 0.00015181053
0.0 0.00015284834
0.0 0.00015383161
0.0 0.00016382578
1.0 0.64452183
0.0 0.00020094439
0.0 0.0001473657
0.0 0.00015484204
0.0 0.00012378726
0.0 0.0010429666
0.0 0.32877403
0.0 0.00012847607
0.0 0.00021197424
0.0 0.013434606
0.0 0.050201338
0.0 0.0002933496
0.0 0.000975554
0.0 0.0002933496
0.0 0.0012031884
0.0 0.0001837527
0.0 0.00015284834
0.0 0.05109858
0.0 0.0009892941
0.0 0.00032948048
0.0 0.0001472751
0.0 0.030978259
0.0 0.29208967
0.0 0.031415895
0.0 0.00015284834
0.0 0.00094174925
0.0 0.01866038
1.0 0.78269064
0.0 0.00033174225
0.0 0.00015383161
0.0 0.00032298628
0.0 0.00015459715
0.0 0.00013763324
0.0 0.00032298628
0.0 0.0001472751
0.0 0.00034160135
0.0 0.00021197424
1.0 0.730755
0.0 0.00013017126
0.0 0.00012295718
0.0 0.00018775195
0.0 0.00017524342
0.0 0.0012516076
0.0 0.00027745133
0.0 0.00032206968
0.0 0.00020253245
0.0 0.0001837527
0.0 0.00015284834
0.0 0.0002657477
0.0 0.00012716617
0.0 0.05304859
0.0 0.00020733238
0.0 0.0012516076
0.0 0.05304859
0.0 0.00032268744
0.0 0.050830312
0.0 0.00012716617
0.0 0.00030065447
0.0 0.00013561218
0.0 0.0001867074
0.0 0.0010873543
0.0 0.00014671612
0.0 0.00014097689
0.0 0.00020733238
0.0 0.00033174225
0.0 0.0001472751
0.0 0.00023317874
0.0 0.00029933712
0.0 0.0008551523
0.0 0.0001717298
0.0 0.27314296
0.0 0.028463522
0.0 0.0012639053
0.0 0.00024517515
0.0 0.0002657477
0.0 0.00029947728
0.0 0.00018380105
0.0 0.0010429666
0.0 0.0002872805
0.0 0.29208967
0.0 0.00032268744
0.0 0.026859248
0.0 0.05109858
0.0 0.0002471676
1.0 0.78269064
0.0 0.0001867074
0.0 0.00018967816
0.0 0.00013763324
0.0 0.00018940582
0.0 0.00016382578
0.0 0.089078866
0.0 0.00018967816
0.0 0.00030896868
1.0 0.730755
0.0 0.000975554
0.0 0.00017404692
0.0 0.00013308572
0.0 0.00014639401
0.0 0.27314296
0.0 0.00017897914
0.0 0.32877403
0.0 0.00013763324
0.0 0.00018172296
0.0 0.022851456
0.0 0.00027745133
0.0 0.00016842231
0.0 0.0002872805
0.0 0.39991632
0.0 0.055614494
0.0 0.0012639053
0.0 0.00029933712
0.0 0.00013452492
0.0 0.00014892721
0.0 0.0010173455
0.0 0.0009892941
0.0 0.00016842231
1.0 0.64452183
1.0 0.78269064
0.0 0.29208967
0.0 0.0010873543
0.0 0.00033174225
0.0 0.0002743754
0.0 0.0010173455
0.0 0.02855848
0.0 0.00012378726
0.0 0.00095819053
0.0 0.00032298628
0.0 0.0012031884
0.0 0.013434606
0.0 0.06601799
0.0 0.0010173455
0.0 0.00014420362
0.0 0.18081371
0.0 0.0002743754
0.0 0.0012516076
0.0 0.0002872805
0.0 0.00017897914
0.0 0.00017954354
0.0 0.0001717298
0.0 0.00019243217
1.0 0.78269064
0.0 0.00094174925
0.0 0.27314296
0.0 0.21425202
0.0 0.0443371
1.0 0.79996705
0.0 0.00032206968
0.0 0.0010572019
0.0 0.000163434
0.0 0.18081371
0.0 0.028463522
0.0 0.00029386554
0.0 0.00021197424
0.0 0.0010686097
0.0 0.00013452492
0.0 0.05304859
0.0 0.00017404692
0.0 0.00034160135
0.0 0.2546816
0.0 0.0010074064
0.0 0.00013308572
0.0 0.00031841424
0.0 0.00015459715
0.0 0.00014142753
0.0 0.00018775195
0.0 0.00014980526
0.0 0.0009892941
0.0 0.00015484204
0.0 0.0012031884
0.0 0.00014142753
1.0 0.79996705
0.0 0.000975554
0.0 0.000163434
0.0 0.0011411296
0.0 0.00014671612
0.0 0.00026089168
0.0 0.00014420362
0.0 0.00017524342
0.0 0.0010686097
1.0 0.82720697
0.0 0.00012378726
0.0 0.27314296
0.0 0.0002471676
0.0 0.00015484204
0.0 0.00018380105
0.0 0.00018529517
0.0 0.00027745133
0.0 0.050830312
0.0 0.050830312
0.0 0.00094174925
0.0 0.00018883328
0.0 0.00013017126
1.0 0.5534988
1.0 0.64452183
0.0 0.022929264
0.0 0.00027745133
0.0 0.00015484204
0.0 0.0001717298
0.0 0.00015284834
0.0 0.001227059
0.0 0.00092588185
0.0 0.00013308572
0.0 0.00018172296
0.0 0.2546816
0.0 0.0002872805
0.0 0.030978259
0.0 0.00018172296
0.0 0.00033174225
0.0 0.055614494
0.0 0.00032268744
1.0 0.82720697
0.0 0.00030697035
0.0 0.031415895
0.0 0.00032298628
0.0 0.0001845305
0.0 0.34873232
0.0 0.00015181053
0.0 0.0001867074
0.0 0.00016842231
0.0 0.05109858
0.0 0.00015383161
0.0 0.0012516076
0.0 0.0002743754
0.0 0.000975554
0.0 0.05304859
1.0 0.8115001
0.0 0.00029091068
0.0 0.00014420362
0.0 0.022929264
0.0 0.0001837527
0.0 0.00033174225
0.0 0.00030697035
1.0 0.76587695
0.0 0.28935108
0.0 0.0002933496
0.0 0.0001900714
0.0 0.0010572019
1.0 0.8115001
1.0 0.79996705
0.0 0.0001473657
0.0 0.00015484204
0.0 0.00030896868
0.0 0.00032298628
0.0 0.00094174925
0.0 0.00014420362
0.0 0.0010572019
0.0 0.0011411296
0.0 0.00014097689
0.0 0.00016842231
0.0 0.00095819053
0.0 0.00014097689
0.0 0.00017524342
0.0 0.000163434
0.0 0.27314296
0.0 0.00095819053
0.0 0.050201338
0.0 0.00030896868
0.0 0.00015459715
0.0 0.050201338
0.0 0.00032206968
0.0 0.2546816
0.0 0.0010163327
0.0 0.0010873543
0.0 0.00024517515
0.0 0.00029933712
0.0 0.00015291291
0.0 0.02855848
1.0 0.79996705
0.0 0.055614494
0.0 0.00017748703
0.0 0.05304859
0.0 0.00013763324
0.0 0.00014639401
1.0 0.82720697
0.0 0.00020137383
0.0 0.00020253245
0.0 0.0001900714
0.0 0.01866038
0.0 0.028463522
0.0 0.2546816
0.0 0.00017897914
0.0 0.0002657477
0.0 0.00032206968
0.0 0.00013561218
0.0 0.089078866
0.0 0.00092588185
0.0 0.050201338
0.0 0.00031841424
0.0 0.0008551523
0.0 0.00023641268
0.0 0.00018775195
0.0 0.00020733238
0.0 0.0008551523
0.0 0.023504457
0.0 0.00033174225
0.0 0.0012516076
0.0 0.00031841424
0.0 0.00029933712
0.0 0.00020733238
0.0 0.00015284834
0.0 0.34873232
0.0 0.050201338
0.0 0.00014892721
0.0 0.055614494
0.0 0.022929264
0.0 0.0001837527
0.0 0.0443371
0.0 0.34873232
0.0 0.0007793323
0.0 0.0001472751
0.0 0.00014142753
0.0 0.00014142753
0.0 0.0010686097
0.0 0.00015284834
0.0 0.00016382578
0.0 0.0002857459
0.0 0.00016842231
0.0 0.05109858
0.0 0.00030694783
0.0 0.0007793323
0.0 0.0002946752
0.0 0.33644038
0.0 0.00020253245
0.0 0.39991632
0.0 0.00018967816
0.0 0.34873232
0.0 0.00015284834
0.0 0.0002933496
0.0 0.00015383161
0.0 0.028463522
0.0 0.00032206968
1.0 0.68714905
0.0 0.18081371
0.0 0.00026089168
0.0 0.00032948048
1.0 0.8115001
0.0 0.00024517515
0.0 0.00020094439
0.0 0.02855848
0.0 0.34873232
0.0 0.013434606
0.0 0.00018883328
0.0 0.00012847607
0.0 0.0001472751
0.0 0.0002857459
0.0 0.00092588185
0.0 0.00023641268
0.0 0.32877403
0.0 0.00029391624
0.0 0.00029091068
0.0 0.00015383161
0.0 0.0010572019
0.0 0.0002933496
0.0 0.047009844
0.0 0.00017954354
0.0 0.0001867074
0.0 0.0001867074
0.0 0.0010572019
0.0 0.023504457
0.0 0.0002933496
0.0 0.00032298628
0.0 0.022851456
0.0 0.00029386554
0.0 0.00015484204
0.0 0.0012639053
0.0 0.00015886492
0.0 0.05304859
0.0 0.00016842231
0.0 0.0001472751
0.0 0.00013017126
0.0 0.00014097689
0.0 0.00014671612
0.0 0.000163434
0.0 0.00020094439
0.0 0.00012716617
0.0 0.0002857459
0.0 0.00018967816
0.0 0.00032948048
0.0 0.0012516076
0.0 0.055614494
0.0 0.00015886492
0.0 0.18081371
0.0 0.0010173455
0.0 0.00012378726
0.0 0.00032948048
0.0 0.00013452492
0.0 0.28935108
0.0 0.00020137383
0.0 0.013434606
1.0 0.78269064
0.0 0.022851456
0.0 0.00017748703
0.0 0.0443371
0.0 0.00014892721
0.0 0.047009844
0.0 0.000975554
0.0 0.0001867074
0.0 0.00016382578
0.0 0.0011411296
0.0 0.0008551523
0.0 0.00023317874
0.0 0.00015383161
0.0 0.00014142753
0.0 0.33644038
0.0 0.18081371
0.0 0.0011411296
0.0 0.0001473657
0.0 0.00020253245
0.0 0.28935108
0.0 0.0002933496
0.0 0.00014892721
0.0 0.00018940582
0.0 0.00026089168
0.0 0.00029091068
0.0 0.0012639053
0.0 0.022929264
0.0 0.2546816
0.0 0.00015284834
0.0 0.0010686097
0.0 0.01866038
0.0 0.023504457
0.0 0.028463522
0.0 0.00017404692
0.0 0.00092588185
0.0 0.013434606
0.0 0.00012847607
0.0 0.34873232
0.0 0.02855848
0.0 0.00021197424
0.0 0.031415895
0.0 0.0011411296
1.0 0.68714905
0.0 0.030978259
0.0 0.00017524342
0.0 0.00030694783
0.0 0.001227059
0.0 0.047009844
0.0 0.0012639053
0.0 0.0012031884
0.0 0.01866038
0.0 0.00018940582
0.0 0.00095819053
0.0 0.00016382578
0.0 0.00013308572
0.0 0.00029947728
0.0 0.00020094439
0.0 0.00013763324
0.0 0.0002872805
0.0 0.00014420362
0.0 0.00027621875
0.0 0.33644038
0.0 0.001227059
0.0 0.29208967
1.0 0.78269064
0.0 0.050830312
0.0 0.013434606
