true vs pred:
1.0 0.99943095
1.0 0.9482287
1.0 0.9987457
1.0 0.9987557
1.0 0.9995346
1.0 0.99901545
1.0 0.9994129
1.0 0.99890673
1.0 0.9988444
1.0 0.9482287
1.0 0.99869305
1.0 0.9977858
1.0 0.9992052
1.0 0.9994848
1.0 0.9990656
1.0 0.99780816
1.0 0.9977604
1.0 0.9989147
1.0 0.99866295
1.0 0.99920005
1.0 0.93464196
1.0 0.9988305
1.0 0.9390609
1.0 0.99901545
1.0 0.9987822
1.0 0.9988381
1.0 0.9990656
1.0 0.9340338
1.0 0.9995346
1.0 0.99919313
1.0 0.9988205
1.0 0.9990025
1.0 0.99942315
1.0 0.9988514
1.0 0.9988223
1.0 0.99904686
1.0 0.9987822
1.0 0.9987822
1.0 0.9977604
1.0 0.9482287
1.0 0.99903536
1.0 0.9284194
1.0 0.99911124
1.0 0.99780065
1.0 0.99882656
1.0 0.9995332
1.0 0.9976629
1.0 0.99874544
1.0 0.99780816
1.0 0.9989624
1.0 0.9991522
1.0 0.9308808
1.0 0.9994615
1.0 0.9988205
1.0 0.9988514
1.0 0.99874544
1.0 0.9994708
1.0 0.9990526
1.0 0.9989863
1.0 0.9989147
1.0 0.99866295
1.0 0.9988205
1.0 0.9990025
1.0 0.93464196
1.0 0.9987337
1.0 0.99758136
1.0 0.99762964
1.0 0.999015
1.0 0.999435
1.0 0.99874544
1.0 0.99928707
1.0 0.9995308
1.0 0.99870384
1.0 0.9994562
1.0 0.9992312
1.0 0.9989141
1.0 0.99890673
1.0 0.99928707
1.0 0.99870384
1.0 0.9987789
1.0 0.9992052
1.0 0.9995308
1.0 0.9988381
1.0 0.9987822
1.0 0.99882656
1.0 0.99780065
1.0 0.9988305
1.0 0.91757286
1.0 0.9994562
1.0 0.9990465
1.0 0.99870384
1.0 0.99905413
1.0 0.99869496
1.0 0.9986118
1.0 0.9994708
1.0 0.99913436
1.0 0.9987023
1.0 0.9990526
1.0 0.9987764
1.0 0.99869305
1.0 0.999435
1.0 0.99903286
1.0 0.99942315
1.0 0.9990025
1.0 0.99945813
1.0 0.9988136
1.0 0.9988444
1.0 0.93892294
1.0 0.9991522
1.0 0.99940944
1.0 0.999418
1.0 0.99901485
1.0 0.99942315
1.0 0.9994392
1.0 0.9989806
1.0 0.9990988
1.0 0.99868375
1.0 0.9988158
1.0 0.99901485
1.0 0.9308808
1.0 0.9988819
1.0 0.99938345
1.0 0.99882656
1.0 0.99920005
1.0 0.9989141
1.0 0.9990526
1.0 0.9220941
1.0 0.99901545
1.0 0.9990988
1.0 0.99891746
1.0 0.9987931
1.0 0.999015
1.0 0.91757286
1.0 0.9988381
1.0 0.99944466
1.0 0.9987526
1.0 0.99891746
1.0 0.998767
1.0 0.99903536
1.0 0.9988136
1.0 0.99782324
1.0 0.9988205
1.0 0.9991548
1.0 0.9987337
1.0 0.9992052
1.0 0.9991522
1.0 0.9990403
1.0 0.9985844
1.0 0.9993241
1.0 0.9990465
1.0 0.9420316
1.0 0.9992601
1.0 0.99940944
1.0 0.99762964
1.0 0.9482287
1.0 0.99919313
1.0 0.9995346
1.0 0.99928015
1.0 0.99903536
1.0 0.9990025
1.0 0.99918586
1.0 0.9990013
1.0 0.9987023
1.0 0.9988223
1.0 0.9987337
1.0 0.9990163
1.0 0.9987931
1.0 0.99762964
1.0 0.99874544
1.0 0.99732
1.0 0.99903536
1.0 0.99903536
1.0 0.9991522
1.0 0.9988136
1.0 0.99913436
1.0 0.99762964
1.0 0.99903286
1.0 0.9992312
1.0 0.999015
1.0 0.9995377
1.0 0.9482287
1.0 0.99943095
1.0 0.99762964
1.0 0.99940944
1.0 0.9989624
1.0 0.9988514
1.0 0.99903536
1.0 0.9995284
1.0 0.99782324
1.0 0.9995696
1.0 0.9976629
1.0 0.9989348
1.0 0.99945027
1.0 0.9989863
1.0 0.99918586
1.0 0.9995346
1.0 0.9994392
1.0 0.99869496
1.0 0.99944466
1.0 0.9987526
1.0 0.9985844
1.0 0.99903286
1.0 0.9990808
1.0 0.99946815
1.0 0.99903655
1.0 0.99732
1.0 0.9988305
1.0 0.99890673
1.0 0.9420316
1.0 0.9990839
1.0 0.99901485
1.0 0.999418
1.0 0.998767
1.0 0.99903536
1.0 0.9992052
1.0 0.99901485
1.0 0.9995247
1.0 0.9994848
1.0 0.9987457
1.0 0.998767
1.0 0.99758136
1.0 0.9987789
1.0 0.99926466
1.0 0.999418
1.0 0.9988709
1.0 0.99870384
1.0 0.9994562
1.0 0.93892294
1.0 0.99932635
1.0 0.9989863
1.0 0.9988444
1.0 0.9987023
1.0 0.9977604
1.0 0.99888545
1.0 0.99888545
1.0 0.9987876
1.0 0.93892294
1.0 0.99904686
1.0 0.99903226
1.0 0.99938345
1.0 0.9987914
1.0 0.99780816
1.0 0.9989624
1.0 0.99758136
1.0 0.99906176
1.0 0.99919313
1.0 0.9988223
1.0 0.9994449
1.0 0.99928015
1.0 0.9308808
1.0 0.9977604
1.0 0.999435
1.0 0.999435
1.0 0.9987822
1.0 0.99913436
1.0 0.9987557
1.0 0.9995332
1.0 0.99938345
1.0 0.99938345
1.0 0.99928707
1.0 0.9989141
1.0 0.9992052
1.0 0.9990025
1.0 0.9988444
1.0 0.99913436
1.0 0.998456
1.0 0.99897766
1.0 0.9987876
1.0 0.9991548
1.0 0.9995216
1.0 0.9986118
1.0 0.9987337
1.0 0.99905354
1.0 0.99782324
1.0 0.99938345
1.0 0.9994129
1.0 0.9988223
1.0 0.99911124
1.0 0.9987337
1.0 0.9991522
1.0 0.99901485
1.0 0.99888545
1.0 0.9987822
1.0 0.9992939
1.0 0.9983798
1.0 0.9988819
1.0 0.9988205
1.0 0.99888545
1.0 0.9987789
1.0 0.9977858
1.0 0.9989624
1.0 0.9989806
1.0 0.9308808
1.0 0.99929476
1.0 0.9991548
1.0 0.9989863
1.0 0.99946815
1.0 0.99732
1.0 0.9987876
1.0 0.9994615
1.0 0.99732
1.0 0.9990395
1.0 0.9988223
1.0 0.9420316
1.0 0.9989806
1.0 0.99928015
1.0 0.99866295
1.0 0.9992312
1.0 0.9990526
1.0 0.9308808
1.0 0.99919313
1.0 0.9989348
1.0 0.99903536
1.0 0.99780816
1.0 0.999418
1.0 0.99945027
1.0 0.9220941
1.0 0.99903655
1.0 0.9994848
1.0 0.999435
1.0 0.9990465
1.0 0.99879885
1.0 0.9995277
1.0 0.9987822
1.0 0.99944466
1.0 0.9991744
1.0 0.9989806
1.0 0.9990277
1.0 0.99890673
1.0 0.9994615
1.0 0.9990163
1.0 0.99904686
1.0 0.99901545
1.0 0.99903226
1.0 0.9284194
1.0 0.9987789
1.0 0.99943095
1.0 0.9991522
1.0 0.9995332
1.0 0.99901485
1.0 0.99897766
1.0 0.99939287
1.0 0.9989141
1.0 0.99940944
1.0 0.99903286
1.0 0.9988514
1.0 0.9994562
1.0 0.99944776
1.0 0.99920005
1.0 0.99866295
1.0 0.99918586
1.0 0.9990465
1.0 0.99888545
1.0 0.9995277
1.0 0.99946815
1.0 0.99940944
1.0 0.9985844
1.0 0.99870384
1.0 0.9987764
1.0 0.9987876
1.0 0.99928707
1.0 0.99939287
1.0 0.99891746
1.0 0.9987914
1.0 0.9990808
1.0 0.9990533
1.0 0.99917585
1.0 0.999015
1.0 0.99868375
1.0 0.99943095
1.0 0.99905354
1.0 0.9991522
1.0 0.99946815
1.0 0.99732
1.0 0.9988819
1.0 0.9990526
1.0 0.99946815
1.0 0.9987023
1.0 0.99903226
1.0 0.9989141
1.0 0.99926466
1.0 0.9990403
1.0 0.9995284
1.0 0.99939287
1.0 0.9990465
1.0 0.9308808
1.0 0.9988205
1.0 0.998456
1.0 0.99946815
1.0 0.99919313
1.0 0.9995284
1.0 0.9994615
1.0 0.9988381
1.0 0.9994848
1.0 0.99870384
1.0 0.998456
1.0 0.99929476
1.0 0.9990765
1.0 0.99869496
1.0 0.999418
1.0 0.9991522
1.0 0.9989141
1.0 0.9976629
1.0 0.99879885
1.0 0.9992601
1.0 0.99943095
1.0 0.99939287
1.0 0.99868375
1.0 0.9987557
1.0 0.999015
1.0 0.99851865
1.0 0.99903286
1.0 0.9987023
1.0 0.9989348
1.0 0.9990294
1.0 0.9989863
1.0 0.9989863
1.0 0.9989147
1.0 0.9990403
1.0 0.9992601
1.0 0.99938345
1.0 0.9990829
1.0 0.99780065
1.0 0.9977604
1.0 0.99903655
1.0 0.999418
1.0 0.9995216
1.0 0.9990526
1.0 0.99869305
1.0 0.9990808
1.0 0.9990395
1.0 0.99929476
1.0 0.9987822
1.0 0.99903536
1.0 0.93892294
1.0 0.99903536
1.0 0.99944776
1.0 0.9991522
1.0 0.99940944
1.0 0.9390609
1.0 0.9994708
1.0 0.9983798
1.0 0.9994129
1.0 0.9994562
1.0 0.9990163
1.0 0.9994449
1.0 0.99940944
1.0 0.9482287
1.0 0.9989624
1.0 0.99869305
1.0 0.99919313
1.0 0.99919313
1.0 0.9994708
1.0 0.9990988
1.0 0.99891746
1.0 0.9988819
1.0 0.9987931
1.0 0.9988514
1.0 0.9976629
1.0 0.9987557
1.0 0.9308808
1.0 0.93892294
1.0 0.99938345
1.0 0.9977604
1.0 0.99780816
1.0 0.9987526
1.0 0.9482287
1.0 0.9987789
1.0 0.9976629
1.0 0.9989348
1.0 0.9991522
1.0 0.99851865
1.0 0.99928015
1.0 0.9993241
1.0 0.99938345
1.0 0.9992312
1.0 0.9987931
1.0 0.9988223
1.0 0.99780065
1.0 0.9990765
1.0 0.9989141
1.0 0.9995284
1.0 0.99851865
1.0 0.99762964
1.0 0.999418
1.0 0.99903655
1.0 0.9995247
1.0 0.99920005
1.0 0.9991744
1.0 0.99897766
1.0 0.9987023
1.0 0.9988444
1.0 0.9992601
1.0 0.99903226
1.0 0.9994562
1.0 0.9990125
1.0 0.9390609
1.0 0.9990656
1.0 0.99911124
1.0 0.9989806
1.0 0.9390609
1.0 0.9482287
1.0 0.9995509
1.0 0.99903655
1.0 0.9987931
1.0 0.9989624
1.0 0.99891746
1.0 0.99917173
1.0 0.99913436
1.0 0.93892294
1.0 0.9991548
1.0 0.9989806
1.0 0.99945813
1.0 0.9987457
1.0 0.99897766
1.0 0.93892294
1.0 0.93892294
1.0 0.9390609
1.0 0.9992601
1.0 0.9987822
