true vs pred:
1.0 0.9969619
1.0 0.9988765
1.0 0.9852481
1.0 0.9987684
1.0 0.9970247
1.0 0.99492776
1.0 0.98978955
1.0 0.9980469
1.0 0.9656249
1.0 0.9856312
1.0 0.99876356
1.0 0.98651415
1.0 0.99418336
1.0 0.96340805
1.0 0.9977914
1.0 0.99834776
1.0 0.9852481
1.0 0.988467
1.0 0.9943204
1.0 0.99876356
1.0 0.9867997
1.0 0.9869244
1.0 0.9985501
1.0 0.9656249
1.0 0.9987098
1.0 0.9976616
1.0 0.99395823
1.0 0.99492776
1.0 0.99690896
1.0 0.9974462
1.0 0.9970247
1.0 0.99350435
1.0 0.998664
1.0 0.9972492
1.0 0.99376947
1.0 0.99334466
1.0 0.9972613
1.0 0.9854151
1.0 0.9914153
1.0 0.9856312
1.0 0.9980216
1.0 0.9510141
1.0 0.9897289
1.0 0.9704021
1.0 0.9732781
1.0 0.99442625
1.0 0.9970861
1.0 0.99347734
1.0 0.9924683
1.0 0.99395823
1.0 0.9925827
1.0 0.99442625
1.0 0.9984995
1.0 0.99570256
1.0 0.995665
1.0 0.9717258
1.0 0.9937483
1.0 0.9969619
1.0 0.99570256
1.0 0.9989023
1.0 0.98543316
1.0 0.99745995
1.0 0.97968835
1.0 0.9370413
1.0 0.9976616
1.0 0.9974547
1.0 0.9960104
1.0 0.9961366
1.0 0.995665
1.0 0.96340805
1.0 0.9974462
1.0 0.9985501
1.0 0.9854151
1.0 0.99136645
1.0 0.9987098
1.0 0.9756561
1.0 0.9880652
1.0 0.9717258
1.0 0.99395823
1.0 0.99920076
1.0 0.9976616
1.0 0.9987317
1.0 0.9867997
1.0 0.945428
1.0 0.98311216
1.0 0.9980216
1.0 0.9370413
1.0 0.9955428
1.0 0.995503
1.0 0.9980216
1.0 0.9937483
1.0 0.9845063
1.0 0.9867997
1.0 0.99834776
1.0 0.9976889
1.0 0.98358154
1.0 0.98937804
1.0 0.99504197
1.0 0.9854151
1.0 0.988467
1.0 0.9876302
1.0 0.99920076
1.0 0.9943204
1.0 0.9987098
1.0 0.98651415
1.0 0.96911776
1.0 0.95331234
1.0 0.99395823
1.0 0.98978955
1.0 0.99593073
1.0 0.9976616
1.0 0.99570256
1.0 0.9958936
1.0 0.9697393
1.0 0.94036955
1.0 0.9933211
1.0 0.98311216
1.0 0.99626666
1.0 0.96340805
1.0 0.99737024
1.0 0.97654027
1.0 0.996148
1.0 0.9954566
1.0 0.9915338
1.0 0.98543316
1.0 0.995665
1.0 0.9984995
1.0 0.9974547
1.0 0.9756561
1.0 0.9988494
1.0 0.99842864
1.0 0.9808884
1.0 0.99376947
1.0 0.9704021
1.0 0.9972613
1.0 0.99745995
1.0 0.9937483
1.0 0.9756561
1.0 0.9876302
1.0 0.96693635
1.0 0.97968835
1.0 0.9956477
1.0 0.98358154
1.0 0.99626666
1.0 0.99334466
1.0 0.9568051
1.0 0.9925827
1.0 0.9987684
1.0 0.99376947
1.0 0.9914253
1.0 0.9867997
1.0 0.9925827
1.0 0.99690896
1.0 0.9974462
1.0 0.98056096
1.0 0.9982152
1.0 0.9956429
1.0 0.9849289
1.0 0.9976616
1.0 0.9956477
1.0 0.9717258
1.0 0.9969703
1.0 0.9704021
1.0 0.99718577
1.0 0.99442625
1.0 0.99384284
1.0 0.9561279
1.0 0.95331234
1.0 0.9656249
1.0 0.99574286
1.0 0.9869244
1.0 0.99842864
1.0 0.99690896
1.0 0.99418336
1.0 0.9856312
1.0 0.9370413
1.0 0.97654027
1.0 0.9845063
1.0 0.96693635
1.0 0.9980216
1.0 0.9974916
1.0 0.98222834
1.0 0.993891
1.0 0.9974462
1.0 0.98543316
1.0 0.9900287
1.0 0.9969619
1.0 0.99718577
1.0 0.9924683
1.0 0.98311216
1.0 0.99627197
1.0 0.9854151
1.0 0.9987098
1.0 0.9969703
1.0 0.99347734
1.0 0.9568051
1.0 0.9561279
1.0 0.9867997
1.0 0.96693635
1.0 0.98358154
1.0 0.9924683
1.0 0.996148
1.0 0.98495644
1.0 0.99627894
1.0 0.9987317
1.0 0.9756561
1.0 0.97968835
1.0 0.9979614
1.0 0.9956429
1.0 0.9925827
1.0 0.9867997
1.0 0.9732781
1.0 0.98114324
1.0 0.9123841
1.0 0.9925827
1.0 0.9510141
1.0 0.96340805
1.0 0.99075025
1.0 0.98937804
1.0 0.9987684
1.0 0.9961366
1.0 0.9988765
1.0 0.9855419
1.0 0.99504197
1.0 0.99784577
1.0 0.99627894
1.0 0.98543316
1.0 0.9717258
1.0 0.9974262
1.0 0.9956477
1.0 0.9510141
1.0 0.98222834
1.0 0.99334466
1.0 0.9717258
1.0 0.99745995
1.0 0.9976889
1.0 0.9561279
1.0 0.99737024
1.0 0.9970861
1.0 0.97968835
1.0 0.9980216
1.0 0.99745995
1.0 0.99350435
1.0 0.9876302
1.0 0.99504197
1.0 0.9914153
1.0 0.9897289
1.0 0.9982152
1.0 0.9988285
1.0 0.99376947
1.0 0.9712128
1.0 0.99627197
1.0 0.99842864
1.0 0.9908388
1.0 0.998664
1.0 0.97530544
1.0 0.9985501
1.0 0.9972613
1.0 0.98651415
1.0 0.9732781
1.0 0.9977914
1.0 0.9988494
1.0 0.99768746
1.0 0.9972492
1.0 0.9867997
1.0 0.99737024
1.0 0.993891
1.0 0.99418336
1.0 0.99818736
1.0 0.9855419
1.0 0.99350435
1.0 0.99818736
1.0 0.9988494
1.0 0.99627894
1.0 0.9987684
1.0 0.9335114
1.0 0.9856312
1.0 0.9974547
1.0 0.99626666
1.0 0.97968835
1.0 0.9944141
1.0 0.9925827
1.0 0.99876356
1.0 0.9925827
1.0 0.9980216
1.0 0.9972613
1.0 0.99347734
1.0 0.98114324
1.0 0.9984598
1.0 0.98543316
1.0 0.9987684
1.0 0.99818736
1.0 0.99376947
1.0 0.99737024
1.0 0.9856312
1.0 0.9974462
1.0 0.9933211
1.0 0.99347734
1.0 0.99136645
1.0 0.945428
1.0 0.9969619
1.0 0.96340805
1.0 0.99504197
1.0 0.9937483
1.0 0.9980469
1.0 0.99876356
1.0 0.9561279
1.0 0.9924683
1.0 0.9960104
1.0 0.9974262
1.0 0.995503
1.0 0.9956429
1.0 0.99627197
1.0 0.9561279
1.0 0.995503
1.0 0.9969703
1.0 0.9988765
1.0 0.99774545
1.0 0.9697393
1.0 0.99450386
1.0 0.9717258
1.0 0.99784577
1.0 0.9732781
1.0 0.99574286
1.0 0.9972492
1.0 0.9914253
1.0 0.98222834
1.0 0.9984995
1.0 0.9947126
1.0 0.98358154
1.0 0.9897289
1.0 0.99350435
1.0 0.9970247
1.0 0.9969619
1.0 0.9980216
1.0 0.9867997
1.0 0.99718577
1.0 0.96340805
1.0 0.9985501
1.0 0.9985501
1.0 0.97654027
1.0 0.9939672
1.0 0.98495644
1.0 0.97654027
1.0 0.96911776
1.0 0.99774545
1.0 0.99384284
1.0 0.988467
1.0 0.96911776
1.0 0.9970861
1.0 0.9960104
1.0 0.9955428
1.0 0.9984598
1.0 0.99818736
1.0 0.9335114
1.0 0.99450386
1.0 0.99774545
1.0 0.98495644
1.0 0.99627197
1.0 0.9808884
1.0 0.9869244
1.0 0.9985446
1.0 0.9974916
1.0 0.98495644
1.0 0.95331234
1.0 0.9955428
1.0 0.99450386
1.0 0.97654027
1.0 0.99384284
1.0 0.99500364
1.0 0.99450386
1.0 0.9567751
1.0 0.9969703
1.0 0.9900287
1.0 0.99718577
1.0 0.9805571
1.0 0.9985446
1.0 0.99876356
1.0 0.997971
1.0 0.9914153
1.0 0.96693635
1.0 0.9717258
1.0 0.9987317
1.0 0.9944141
1.0 0.9981179
1.0 0.9969703
1.0 0.9988494
1.0 0.995665
1.0 0.97530544
1.0 0.9977914
1.0 0.99376947
1.0 0.9972613
1.0 0.99570256
1.0 0.9880652
1.0 0.99876356
1.0 0.99834776
1.0 0.99774545
1.0 0.9981179
1.0 0.9989023
1.0 0.9937483
1.0 0.9925827
1.0 0.98937804
1.0 0.98937804
1.0 0.988467
1.0 0.9880652
1.0 0.9970553
1.0 0.99818736
1.0 0.992761
1.0 0.99574286
1.0 0.9955428
1.0 0.99745995
1.0 0.9958936
1.0 0.9968591
1.0 0.9987317
1.0 0.9943204
1.0 0.99774545
1.0 0.99745995
1.0 0.99818736
1.0 0.9704021
1.0 0.9510141
1.0 0.9944141
1.0 0.97654027
1.0 0.9712128
1.0 0.99842864
1.0 0.9956429
1.0 0.98543316
1.0 0.9974916
1.0 0.9988494
1.0 0.99774545
1.0 0.9987317
1.0 0.9561279
1.0 0.9974462
1.0 0.9974916
1.0 0.9954566
1.0 0.9958936
1.0 0.993891
1.0 0.9958936
1.0 0.99737024
1.0 0.9969703
1.0 0.9942583
1.0 0.99418336
1.0 0.993891
1.0 0.99834776
1.0 0.99718577
1.0 0.98222834
1.0 0.98114324
1.0 0.9903799
1.0 0.9984956
1.0 0.9970247
1.0 0.9869244
1.0 0.9968591
1.0 0.9972613
1.0 0.94036955
1.0 0.98978955
1.0 0.9943204
1.0 0.9970553
1.0 0.9979614
1.0 0.9985446
1.0 0.9977914
1.0 0.9889086
1.0 0.9989023
1.0 0.995503
1.0 0.9969703
1.0 0.98543316
1.0 0.9960104
1.0 0.9914153
1.0 0.9925827
1.0 0.9704021
1.0 0.97654027
1.0 0.9970247
1.0 0.997971
1.0 0.99350435
1.0 0.97249055
1.0 0.99376947
1.0 0.945428
1.0 0.99690896
1.0 0.9956429
1.0 0.99627197
1.0 0.9970247
1.0 0.99418336
1.0 0.99485815
1.0 0.99804866
1.0 0.99842864
1.0 0.9985446
1.0 0.98056096
1.0 0.9970247
1.0 0.9944141
1.0 0.99729985
1.0 0.97968835
1.0 0.9982152
1.0 0.9880652
1.0 0.9854151
1.0 0.9961366
1.0 0.9960104
1.0 0.9900287
1.0 0.9942583
1.0 0.9510141
1.0 0.9976889
1.0 0.9970247
1.0 0.9956429
1.0 0.9988285
1.0 0.9981179
1.0 0.99774545
1.0 0.99485815
1.0 0.99485815
1.0 0.99593073
1.0 0.9942583
1.0 0.9754406
1.0 0.9889086
1.0 0.998664
1.0 0.99574286
1.0 0.9944141
1.0 0.9880652
1.0 0.99376947
1.0 0.9988285
1.0 0.99574286
1.0 0.9656249
1.0 0.9856312
1.0 0.988467
1.0 0.99627197
