true vs pred:
1.0 0.95979035
1.0 0.9881606
1.0 0.99479795
1.0 0.99666744
0.0 0.7809722
1.0 0.9966304
1.0 0.9958711
1.0 0.99603325
0.0 0.7915107
0.0 0.4503759
1.0 0.99480283
0.0 0.67038727
1.0 0.9799906
1.0 0.90574753
1.0 0.9807812
1.0 0.9752102
1.0 0.95404905
1.0 0.9881606
1.0 0.9965167
1.0 0.99311453
1.0 0.98618835
1.0 0.9744012
1.0 0.9890215
1.0 0.99622273
0.0 0.44039148
0.0 0.6277493
1.0 0.98201615
1.0 0.99522734
1.0 0.99622273
1.0 0.996693
1.0 0.981461
1.0 0.97122955
1.0 0.99493104
0.0 0.5937891
1.0 0.9911328
0.0 0.8026699
1.0 0.9946174
1.0 0.9755563
1.0 0.9966947
1.0 0.9915256
1.0 0.9813316
1.0 0.9582642
1.0 0.9709933
1.0 0.9922699
1.0 0.90629476
1.0 0.97122955
1.0 0.99493104
1.0 0.9844825
1.0 0.99549294
1.0 0.9813316
0.0 0.8098491
1.0 0.98501414
1.0 0.9874988
0.0 0.38349527
1.0 0.99666744
1.0 0.99295807
0.0 0.64254797
1.0 0.99491054
1.0 0.98618835
1.0 0.95979035
1.0 0.9582642
1.0 0.9956144
1.0 0.9956144
1.0 0.99480283
1.0 0.99260557
1.0 0.99500823
0.0 0.67038727
1.0 0.99295807
1.0 0.99479795
1.0 0.90629476
0.0 0.80604744
1.0 0.99451256
0.0 0.40292698
1.0 0.9744012
1.0 0.99491054
1.0 0.9874988
1.0 0.996716
1.0 0.98245186
1.0 0.9924233
1.0 0.97122955
1.0 0.9650272
0.0 0.80604744
1.0 0.9543851
1.0 0.9915256
1.0 0.99535275
1.0 0.99636567
1.0 0.97125745
1.0 0.97039557
1.0 0.9813316
1.0 0.9964495
1.0 0.99603325
1.0 0.97122955
1.0 0.99666744
1.0 0.98646104
1.0 0.9966664
1.0 0.89700377
0.0 0.6416799
1.0 0.9966304
1.0 0.99197817
1.0 0.9807812
1.0 0.99479795
1.0 0.97122955
1.0 0.95404905
1.0 0.9725218
1.0 0.996902
1.0 0.9924166
1.0 0.99606675
1.0 0.99666744
1.0 0.99606675
1.0 0.99311453
0.0 0.80604744
0.0 0.40845266
1.0 0.99656147
1.0 0.99318063
1.0 0.9962781
1.0 0.9959584
1.0 0.89707035
1.0 0.9958711
1.0 0.99656147
1.0 0.9946174
1.0 0.99489
0.0 0.44413134
1.0 0.9709933
1.0 0.9650272
1.0 0.90629476
1.0 0.99479795
1.0 0.99476683
1.0 0.9953649
1.0 0.9946174
1.0 0.9871882
1.0 0.99462646
1.0 0.9582642
0.0 0.80888885
1.0 0.90629476
1.0 0.95404905
1.0 0.9752102
0.0 0.64254797
1.0 0.97039557
1.0 0.9966304
1.0 0.9797346
1.0 0.9932019
0.0 0.3934989
1.0 0.9543851
1.0 0.99493104
1.0 0.99601483
0.0 0.40845266
1.0 0.9607441
1.0 0.97125745
1.0 0.981461
1.0 0.99267197
1.0 0.9709933
1.0 0.9922699
1.0 0.9806214
1.0 0.9844825
1.0 0.95701915
0.0 0.64254797
1.0 0.95701915
1.0 0.9953649
1.0 0.9966664
0.0 0.6429061
1.0 0.9755563
1.0 0.9752102
1.0 0.99666744
1.0 0.996902
0.0 0.44039148
1.0 0.99601483
1.0 0.99601483
1.0 0.99626225
1.0 0.99489
1.0 0.9926796
1.0 0.99636567
1.0 0.9961701
1.0 0.883529
0.0 0.5937891
1.0 0.99606675
1.0 0.87856555
1.0 0.99479795
1.0 0.9745917
1.0 0.9709933
1.0 0.9964495
1.0 0.99295807
1.0 0.90629476
1.0 0.95750266
1.0 0.98798007
1.0 0.8920992
1.0 0.98501414
1.0 0.9890215
1.0 0.99622273
1.0 0.993828
0.0 0.8098491
0.0 0.8148646
1.0 0.8826719
1.0 0.9958711
0.0 0.5937891
1.0 0.9911328
1.0 0.99295807
0.0 0.8098491
1.0 0.99606675
1.0 0.8920992
1.0 0.87856555
1.0 0.9874988
1.0 0.98798007
0.0 0.3934989
0.0 0.40845266
0.0 0.38750187
1.0 0.99462646
1.0 0.996443
1.0 0.99475706
1.0 0.9932019
1.0 0.99656147
1.0 0.9837406
1.0 0.99311453
1.0 0.99622273
1.0 0.99535275
1.0 0.87856555
0.0 0.77551746
1.0 0.99522734
1.0 0.9915215
1.0 0.99549294
1.0 0.9922604
1.0 0.99260557
1.0 0.99295276
1.0 0.9927833
1.0 0.9927833
1.0 0.9915215
1.0 0.96373427
1.0 0.9964194
1.0 0.99535275
0.0 0.38349527
1.0 0.99500823
1.0 0.98618835
1.0 0.99491054
1.0 0.95404905
0.0 0.38750187
0.0 0.8026699
1.0 0.9871882
1.0 0.9850419
1.0 0.9795864
1.0 0.99489
1.0 0.99318063
1.0 0.95750266
1.0 0.9946174
1.0 0.9961701
1.0 0.90574753
1.0 0.996716
0.0 0.38750187
1.0 0.98618835
1.0 0.9965167
1.0 0.9932019
1.0 0.99451256
0.0 0.80604744
1.0 0.9850419
1.0 0.89700377
1.0 0.9871882
1.0 0.9966664
1.0 0.9965025
1.0 0.99451256
1.0 0.9922699
1.0 0.877508
1.0 0.96893924
0.0 0.79665875
1.0 0.98501414
1.0 0.99603325
1.0 0.99318063
1.0 0.99479795
0.0 0.6630062
1.0 0.996693
1.0 0.89700377
1.0 0.95750266
1.0 0.99318063
1.0 0.9871882
1.0 0.99675864
1.0 0.99311453
1.0 0.9543851
1.0 0.9922699
1.0 0.9926796
1.0 0.9874988
1.0 0.98618835
1.0 0.9543851
1.0 0.99549294
1.0 0.89707035
1.0 0.99479795
1.0 0.99475706
0.0 0.6277493
1.0 0.9966304
1.0 0.9959584
1.0 0.99500823
1.0 0.9966664
0.0 0.80604744
1.0 0.99549294
0.0 0.77551746
1.0 0.9966664
1.0 0.9960226
1.0 0.9915256
1.0 0.99603325
1.0 0.96893924
1.0 0.9965025
1.0 0.9871882
1.0 0.9942425
1.0 0.8920992
1.0 0.90574753
1.0 0.9964194
1.0 0.9915256
0.0 0.67038727
1.0 0.9709933
1.0 0.9881606
1.0 0.9924166
1.0 0.9960226
1.0 0.981461
1.0 0.95750266
1.0 0.9744012
1.0 0.9797346
1.0 0.97125745
1.0 0.9850419
1.0 0.99311453
1.0 0.9850419
1.0 0.996443
1.0 0.883529
1.0 0.98618835
1.0 0.89700377
0.0 0.44413134
0.0 0.44039148
1.0 0.99549294
0.0 0.40845266
1.0 0.99245137
0.0 0.6416799
1.0 0.98646104
1.0 0.9844825
0.0 0.8026699
1.0 0.97122955
1.0 0.9871882
1.0 0.9922018
1.0 0.9966947
1.0 0.9850419
1.0 0.99318063
0.0 0.80888885
1.0 0.9601622
1.0 0.9709933
0.0 0.8148646
1.0 0.9755563
1.0 0.9543851
1.0 0.993828
1.0 0.9745917
1.0 0.99260557
1.0 0.9924166
1.0 0.99603325
1.0 0.9582642
0.0 0.6630062
1.0 0.99267197
1.0 0.99245775
1.0 0.993828
1.0 0.8826719
1.0 0.99462646
1.0 0.9837406
1.0 0.99666744
1.0 0.9953649
1.0 0.996443
1.0 0.9961701
1.0 0.9964495
1.0 0.9709933
1.0 0.99656147
1.0 0.95701915
1.0 0.99626225
1.0 0.99549294
1.0 0.97122955
1.0 0.99245775
1.0 0.883529
1.0 0.97125745
1.0 0.99479795
1.0 0.99479795
1.0 0.97125745
1.0 0.99267197
1.0 0.99245775
1.0 0.9966664
1.0 0.9844825
1.0 0.9927833
1.0 0.99476683
1.0 0.9966664
1.0 0.996716
1.0 0.9932019
0.0 0.40845266
0.0 0.4503759
1.0 0.99603325
1.0 0.996716
1.0 0.99267197
1.0 0.9924166
1.0 0.99622273
1.0 0.9966664
1.0 0.99311453
1.0 0.9601622
1.0 0.99636567
0.0 0.64254797
1.0 0.99311453
1.0 0.99549294
1.0 0.9795864
1.0 0.99500823
0.0 0.6277493
0.0 0.4503759
1.0 0.996443
1.0 0.9946174
1.0 0.9961701
1.0 0.9806214
1.0 0.981461
1.0 0.99535275
1.0 0.9915256
1.0 0.9871882
1.0 0.99451256
1.0 0.9924233
1.0 0.9942425
1.0 0.996693
1.0 0.98798007
1.0 0.883529
0.0 0.4503759
1.0 0.9543851
1.0 0.9752102
1.0 0.9813316
1.0 0.95750266
1.0 0.98501414
1.0 0.981461
0.0 0.8098491
0.0 0.44039148
1.0 0.99675864
1.0 0.9837406
1.0 0.8920992
0.0 0.6376092
0.0 0.44039148
1.0 0.9755563
1.0 0.98646104
0.0 0.44039148
1.0 0.9607441
1.0 0.99476683
1.0 0.9964495
1.0 0.89700377
1.0 0.9755563
0.0 0.7809722
1.0 0.996443
1.0 0.9964495
1.0 0.9959584
0.0 0.40292698
1.0 0.99318063
1.0 0.87856555
1.0 0.9850419
0.0 0.5937891
1.0 0.9964495
1.0 0.9966947
1.0 0.95750266
1.0 0.9966304
1.0 0.9744012
1.0 0.98501414
0.0 0.5937891
1.0 0.9927833
1.0 0.99245137
0.0 0.64254797
0.0 0.67038727
1.0 0.99475706
1.0 0.97122955
0.0 0.40845266
1.0 0.9850419
1.0 0.9837406
1.0 0.9844825
1.0 0.9752102
1.0 0.90574753
0.0 0.6416799
1.0 0.87856555
1.0 0.9806214
1.0 0.99245775
1.0 0.99245775
1.0 0.99462646
1.0 0.90629476
0.0 0.77551746
1.0 0.883529
0.0 0.38750187
0.0 0.36900446
1.0 0.883529
1.0 0.99626225
1.0 0.99260557
1.0 0.98798007
1.0 0.99603325
1.0 0.99267197
1.0 0.90629476
1.0 0.99522734
1.0 0.9924166
1.0 0.99606675
1.0 0.99500823
1.0 0.97039557
1.0 0.99295276
1.0 0.9960299
1.0 0.95750266
0.0 0.5937891
1.0 0.996693
1.0 0.9795864
1.0 0.9958711
1.0 0.996443
1.0 0.99503607
1.0 0.9922018
1.0 0.9601622
0.0 0.6630062
1.0 0.9962781
1.0 0.99622273
1.0 0.877508
0.0 0.36900446
1.0 0.98245186
1.0 0.99622273
1.0 0.99462646
1.0 0.99318063
0.0 0.8148646
1.0 0.9964194
1.0 0.9874988
1.0 0.9965167
1.0 0.97122955
0.0 0.3934989
0.0 0.65242845
1.0 0.9709933
1.0 0.9927833
0.0 0.44039148
1.0 0.99311453
0.0 0.7915107
1.0 0.95701915
0.0 0.40022597
1.0 0.9942425
