true vs pred:
1.0 0.9926554
0.0 0.5138631
0.0 0.15893169
1.0 0.9877252
0.0 0.14891472
0.0 0.45425314
0.0 0.14891472
0.0 0.15842524
1.0 0.9991862
0.0 0.009878289
1.0 0.99950707
1.0 0.99840075
1.0 0.99969673
0.0 0.06885166
0.0 0.026759474
1.0 0.9983536
0.0 0.15840144
1.0 0.99959415
0.0 0.94297093
1.0 0.9977355
1.0 0.9937503
1.0 0.9940679
0.0 0.9356021
0.0 0.9356021
1.0 0.9983802
1.0 0.9991912
1.0 0.9996761
1.0 0.9991862
0.0 0.14520776
1.0 0.99843854
1.0 0.99956113
1.0 0.9926554
1.0 0.9991862
1.0 0.9781913
0.0 0.15893169
1.0 0.9996985
1.0 0.9996947
1.0 0.99969673
1.0 0.9996886
1.0 0.9781913
1.0 0.9985176
1.0 0.9977355
0.0 0.9461883
0.0 0.029667888
1.0 0.9996424
1.0 0.9977355
1.0 0.9996424
0.0 0.93905
1.0 0.9926554
0.0 0.9356021
1.0 0.99950707
1.0 0.98730963
1.0 0.9996106
0.0 0.50391287
1.0 0.9983536
0.0 0.9356021
1.0 0.9995783
1.0 0.99840075
1.0 0.9951568
0.0 0.06924127
0.0 0.51851517
1.0 0.99843854
0.0 0.06362421
1.0 0.9991277
1.0 0.99919516
0.0 0.08365772
0.0 0.057580765
0.0 0.011450052
1.0 0.9991841
0.0 0.51851517
1.0 0.9983536
0.0 0.051190946
0.0 0.026028847
1.0 0.987344
0.0 0.15522622
1.0 0.99953103
1.0 0.98730963
0.0 0.052166242
1.0 0.9996056
1.0 0.99969673
1.0 0.99843854
0.0 0.02295826
0.0 0.010961645
1.0 0.9995197
1.0 0.9996513
1.0 0.9983536
1.0 0.99501234
1.0 0.99959415
0.0 0.028268088
0.0 0.94297093
0.0 0.043470345
1.0 0.9940679
1.0 0.9983802
1.0 0.9849525
0.0 0.06362421
0.0 0.93009585
0.0 0.947278
1.0 0.9995197
0.0 0.029667888
1.0 0.99456996
0.0 0.06290565
1.0 0.9877252
1.0 0.99950707
1.0 0.984543
0.0 0.06933957
0.0 0.023653237
1.0 0.99956113
0.0 0.05571951
0.0 0.15906952
1.0 0.9991912
1.0 0.99911624
1.0 0.987344
1.0 0.9996761
0.0 0.94297093
1.0 0.99456996
1.0 0.98532593
1.0 0.9977355
0.0 0.028268088
0.0 0.022784924
0.0 0.13075435
0.0 0.01062975
1.0 0.99840075
1.0 0.9996939
1.0 0.9996424
1.0 0.9996886
1.0 0.9940679
0.0 0.009878289
0.0 0.025188817
0.0 0.029667888
1.0 0.9996513
1.0 0.98730963
1.0 0.9994854
1.0 0.9983802
1.0 0.999645
0.0 0.04519973
1.0 0.99840075
0.0 0.05571951
0.0 0.50391287
1.0 0.99948823
1.0 0.9997117
1.0 0.99911624
1.0 0.9996424
0.0 0.055783812
1.0 0.9996886
0.0 0.9368771
0.0 0.93009585
0.0 0.02295826
1.0 0.9996985
0.0 0.15840144
1.0 0.9991862
0.0 0.06933957
1.0 0.99958795
1.0 0.9996947
0.0 0.029667888
0.0 0.06924127
0.0 0.023653237
1.0 0.9937503
0.0 0.05571951
1.0 0.99917006
1.0 0.9933808
1.0 0.99501234
0.0 0.46936482
0.0 0.9368771
0.0 0.010682791
0.0 0.009878289
0.0 0.028268088
1.0 0.999645
0.0 0.009878289
1.0 0.9983803
1.0 0.99911624
0.0 0.066601805
1.0 0.99951327
0.0 0.15842524
1.0 0.9996424
1.0 0.987344
0.0 0.04519973
1.0 0.9944159
1.0 0.99965286
0.0 0.94297093
0.0 0.93009585
0.0 0.08759901
1.0 0.99953103
1.0 0.9991862
0.0 0.07314732
1.0 0.9997025
1.0 0.99956864
0.0 0.05571951
1.0 0.9996106
0.0 0.06924127
1.0 0.9996513
0.0 0.947278
0.0 0.08365772
1.0 0.99956864
1.0 0.9996505
0.0 0.024683446
1.0 0.9985176
1.0 0.9983802
1.0 0.99456996
0.0 0.026759474
0.0 0.010682791
0.0 0.055783812
1.0 0.99958795
1.0 0.99501234
1.0 0.9996424
0.0 0.18811417
1.0 0.9983536
1.0 0.99953103
1.0 0.99965584
0.0 0.051190946
0.0 0.13075435
0.0 0.010682791
1.0 0.99501234
1.0 0.98101324
0.0 0.06290565
1.0 0.9951568
0.0 0.18811417
1.0 0.987344
0.0 0.01062975
0.0 0.15906952
0.0 0.9368771
0.0 0.009878289
1.0 0.9996929
1.0 0.9995783
0.0 0.15840144
0.0 0.93374205
1.0 0.9996761
1.0 0.9995633
0.0 0.9368771
0.0 0.53594095
0.0 0.070944466
1.0 0.9996886
1.0 0.9944159
1.0 0.99951327
1.0 0.99965656
0.0 0.15842524
1.0 0.9996939
1.0 0.9996929
0.0 0.94297093
1.0 0.9996106
1.0 0.9926554
1.0 0.99964416
0.0 0.14520776
0.0 0.13075435
0.0 0.011450052
0.0 0.51851517
1.0 0.98101324
1.0 0.998386
1.0 0.9996513
1.0 0.9996947
1.0 0.99446726
1.0 0.99964416
1.0 0.9996904
1.0 0.9995776
1.0 0.99958795
0.0 0.9461883
0.0 0.94297093
1.0 0.9844898
1.0 0.9996056
1.0 0.9996985
1.0 0.99501234
1.0 0.99948823
0.0 0.53594095
1.0 0.9996424
1.0 0.99915767
0.0 0.9402584
1.0 0.999057
1.0 0.9940679
1.0 0.9937503
1.0 0.99959415
0.0 0.5082212
0.0 0.026028847
0.0 0.50391287
1.0 0.9996189
0.0 0.051080782
0.0 0.46936482
1.0 0.99965656
1.0 0.9995197
1.0 0.9982735
0.0 0.043470345
1.0 0.99917006
0.0 0.15906952
1.0 0.99948823
0.0 0.06924127
0.0 0.010682791
1.0 0.9996106
0.0 0.011450052
1.0 0.984543
1.0 0.99956113
1.0 0.999057
1.0 0.99948823
1.0 0.99501234
1.0 0.9995197
0.0 0.055783812
0.0 0.15840144
1.0 0.9997025
1.0 0.99950707
1.0 0.99948823
1.0 0.98101324
0.0 0.9461883
1.0 0.99501234
1.0 0.9996424
0.0 0.15893169
1.0 0.9996106
1.0 0.9997025
1.0 0.9977355
0.0 0.52838504
1.0 0.9944159
1.0 0.9995783
0.0 0.51851517
1.0 0.98532593
1.0 0.99965584
0.0 0.52838504
1.0 0.9997025
1.0 0.9933808
1.0 0.9996544
1.0 0.999057
0.0 0.50391287
0.0 0.51851517
0.0 0.051190946
1.0 0.9996761
1.0 0.9996424
0.0 0.15906952
1.0 0.9933808
1.0 0.99915767
0.0 0.02835437
1.0 0.99916303
1.0 0.99956864
0.0 0.9356021
1.0 0.9877252
0.0 0.06362421
1.0 0.9991912
0.0 0.15602823
0.0 0.947278
0.0 0.010391035
1.0 0.98101324
1.0 0.99965584
0.0 0.46936482
0.0 0.94297093
1.0 0.9995278
1.0 0.99964416
1.0 0.98245865
0.0 0.14520776
0.0 0.93905
1.0 0.9996424
1.0 0.9996929
1.0 0.9994854
1.0 0.99969673
0.0 0.02295826
0.0 0.023653237
0.0 0.13075435
1.0 0.99965584
1.0 0.9996056
0.0 0.15842524
1.0 0.98245865
1.0 0.9995633
1.0 0.99958795
1.0 0.9985176
0.0 0.043470345
0.0 0.50391287
0.0 0.02295826
1.0 0.987344
0.0 0.07314732
0.0 0.011450052
0.0 0.026759474
0.0 0.14891472
0.0 0.025188817
1.0 0.99951327
0.0 0.06885166
0.0 0.02835437
0.0 0.15602823
1.0 0.99965286
1.0 0.9781913
0.0 0.08365772
0.0 0.53969187
1.0 0.9985176
0.0 0.5138631
1.0 0.9991277
1.0 0.99964416
1.0 0.99917006
1.0 0.9996929
1.0 0.9996904
0.0 0.53969187
1.0 0.9996904
1.0 0.9996513
0.0 0.009878289
0.0 0.15842524
0.0 0.9402584
1.0 0.99948823
1.0 0.99958795
0.0 0.06924127
1.0 0.99964416
1.0 0.9996056
1.0 0.99832696
0.0 0.94297093
1.0 0.9996947
1.0 0.9996886
1.0 0.9996985
1.0 0.9985176
1.0 0.9985176
0.0 0.15893169
0.0 0.06290565
1.0 0.9996513
0.0 0.15842524
1.0 0.9951568
0.0 0.93009585
0.0 0.011844154
0.0 0.057580765
1.0 0.9995633
1.0 0.9997025
1.0 0.9996424
1.0 0.9991862
0.0 0.46936482
1.0 0.9926554
0.0 0.08759901
1.0 0.99964416
0.0 0.011080544
0.0 0.06885166
0.0 0.51851517
1.0 0.9996513
0.0 0.025188817
1.0 0.9996513
0.0 0.057580765
1.0 0.9844898
0.0 0.947278
0.0 0.043470345
0.0 0.029667888
1.0 0.9997117
1.0 0.99951327
0.0 0.5138631
0.0 0.9402584
1.0 0.9926554
1.0 0.99948823
0.0 0.94297093
1.0 0.9995278
0.0 0.02295826
1.0 0.99953103
0.0 0.011642477
1.0 0.9996947
0.0 0.06924127
1.0 0.99969673
1.0 0.9991841
1.0 0.9937503
1.0 0.9940679
1.0 0.9937503
1.0 0.9996132
1.0 0.98245865
0.0 0.011080544
1.0 0.9994854
0.0 0.057580765
0.0 0.07314732
0.0 0.15840144
0.0 0.46936482
1.0 0.99953103
1.0 0.9997025
1.0 0.9983802
1.0 0.9995278
0.0 0.011450052
0.0 0.051190946
1.0 0.9995197
1.0 0.984543
1.0 0.9991862
0.0 0.53594095
1.0 0.9996947
0.0 0.14520776
0.0 0.06362421
0.0 0.011450052
1.0 0.9877252
1.0 0.98730963
0.0 0.18811417
1.0 0.9996189
0.0 0.5138631
1.0 0.9983536
1.0 0.9995197
0.0 0.057580765
0.0 0.08365772
1.0 0.9849525
0.0 0.0678755
1.0 0.99840075
0.0 0.010961645
0.0 0.028268088
0.0 0.055783812
0.0 0.010682791
0.0 0.04519973
1.0 0.9996513
0.0 0.011173441
0.0 0.06362421
0.0 0.06290565
1.0 0.99951327
0.0 0.055783812
1.0 0.9844898
0.0 0.9461883
1.0 0.9995413
0.0 0.9461883
1.0 0.98245865
1.0 0.99958795
0.0 0.06933957
0.0 0.05571951
0.0 0.051080782
1.0 0.9985176
0.0 0.011642477
0.0 0.07314732
0.0 0.53594095
1.0 0.9997025
1.0 0.99958795
1.0 0.9996947
0.0 0.043470345
1.0 0.99911624
1.0 0.9983536
1.0 0.99915767
1.0 0.998386
1.0 0.987344
1.0 0.9940679
1.0 0.9844898
1.0 0.9997117
1.0 0.99965656
1.0 0.9996886
0.0 0.026028847
1.0 0.9937503
0.0 0.53969187
1.0 0.984543
