true vs pred:
1.0 0.99994624
1.0 0.99915254
0.0 0.02475747
1.0 0.99996734
1.0 0.9998752
0.0 0.0009312282
0.0 0.0007026605
1.0 0.9999789
1.0 0.99998796
1.0 0.99724627
1.0 0.9999409
1.0 0.9975648
1.0 0.99998677
1.0 0.99996877
0.0 0.020740058
1.0 0.99998677
1.0 0.99953353
1.0 0.9999881
1.0 0.99986887
1.0 0.9999502
1.0 0.99989307
1.0 0.96930534
1.0 0.99994814
1.0 0.9994837
1.0 0.7800338
0.0 0.0010086736
0.0 0.031242745
1.0 0.99987864
1.0 0.9994837
1.0 0.9999838
1.0 0.99678063
0.0 0.018116882
1.0 0.9999783
1.0 0.9999502
1.0 0.9754406
0.0 0.023492776
1.0 0.9994837
1.0 0.9999869
1.0 0.9999453
1.0 0.96886194
1.0 0.95763636
1.0 0.99988055
1.0 0.99994934
1.0 0.96930534
1.0 0.9994837
0.0 0.0007385636
0.0 0.0010086736
1.0 0.99989307
1.0 0.9975648
1.0 0.97608745
1.0 0.999979
1.0 0.99996734
1.0 0.99998367
1.0 0.7999306
1.0 0.99998665
1.0 0.99767214
1.0 0.9999838
1.0 0.9999682
1.0 0.99998593
0.0 0.0009312282
1.0 0.9999783
1.0 0.99994814
1.0 0.9999864
1.0 0.9999838
1.0 0.99996436
1.0 0.76195955
1.0 0.9754764
1.0 0.99986887
1.0 0.99988055
1.0 0.99988747
1.0 0.9975648
1.0 0.9999682
0.0 0.0007569902
1.0 0.9999521
1.0 0.999979
1.0 0.65525556
1.0 0.9999864
1.0 0.9999839
1.0 0.7349715
1.0 0.99730104
1.0 0.76195955
1.0 0.99996734
1.0 0.99996877
1.0 0.9998301
1.0 0.99994624
1.0 0.9993193
0.0 0.020740058
1.0 0.99994624
1.0 0.95763636
0.0 0.031242745
0.0 0.19751063
1.0 0.99988055
1.0 0.7999306
0.0 0.0007892287
1.0 0.97855705
1.0 0.99998796
1.0 0.9999862
1.0 0.99996734
1.0 0.9999863
1.0 0.999979
0.0 0.030760413
0.0 0.17997026
0.0 0.19751063
1.0 0.99998796
0.0 0.19751063
1.0 0.99988055
1.0 0.9999502
1.0 0.99998367
1.0 0.99998796
1.0 0.99998677
1.0 0.99724627
1.0 0.9994803
1.0 0.999977
1.0 0.99994934
1.0 0.9998752
1.0 0.95763636
1.0 0.9999838
1.0 0.99994814
1.0 0.99987864
1.0 0.99998796
1.0 0.99996877
1.0 0.9759291
1.0 0.9999666
1.0 0.99998796
0.0 0.030415552
1.0 0.99996793
1.0 0.9759291
1.0 0.99998367
1.0 0.9999453
1.0 0.999948
1.0 0.9999869
1.0 0.99955064
0.0 0.24164112
0.0 0.031242745
1.0 0.99678063
1.0 0.99997854
1.0 0.9999882
0.0 0.20511472
1.0 0.99994814
1.0 0.9959608
0.0 0.023492776
0.0 0.20511472
1.0 0.99998677
1.0 0.99767214
1.0 0.99996734
1.0 0.95763636
1.0 0.99996734
1.0 0.99997854
1.0 0.99996877
1.0 0.96590394
1.0 0.99998677
1.0 0.9999502
1.0 0.99996877
1.0 0.99998677
1.0 0.9999882
1.0 0.99996877
1.0 0.9999881
1.0 0.99988747
1.0 0.99998677
0.0 0.028454574
1.0 0.99730104
1.0 0.999979
1.0 0.99998593
1.0 0.7999306
1.0 0.79795057
0.0 0.17997026
1.0 0.99955064
1.0 0.9999869
1.0 0.9999831
1.0 0.9999502
0.0 0.031242745
1.0 0.9999869
1.0 0.9959608
0.0 0.0009425284
1.0 0.99998677
1.0 0.96930534
1.0 0.9999831
1.0 0.9999453
1.0 0.99730104
0.0 0.0007385636
0.0 0.24164112
0.0 0.19751063
1.0 0.9999453
1.0 0.99997854
1.0 0.99996805
1.0 0.9999702
1.0 0.99950993
1.0 0.99998796
1.0 0.99998677
1.0 0.97608745
1.0 0.99987864
1.0 0.9994803
1.0 0.99915254
1.0 0.99767214
1.0 0.99988747
1.0 0.99996436
1.0 0.9999838
1.0 0.99997854
0.0 0.17997026
1.0 0.9759291
1.0 0.9975648
1.0 0.99998355
1.0 0.99998367
1.0 0.99998796
1.0 0.99998677
0.0 0.020740058
0.0 0.19616255
1.0 0.99996877
1.0 0.99998355
0.0 0.030760413
1.0 0.9998611
1.0 0.9999839
1.0 0.9998611
1.0 0.99998796
1.0 0.99996877
1.0 0.99953353
1.0 0.99998796
1.0 0.76195955
1.0 0.99953353
1.0 0.9999409
1.0 0.999979
1.0 0.9999682
1.0 0.77581525
1.0 0.9998301
1.0 0.99986887
1.0 0.96930534
1.0 0.9999789
1.0 0.9999862
1.0 0.9999838
1.0 0.99994624
1.0 0.9999831
1.0 0.9999838
1.0 0.99953353
1.0 0.77581525
1.0 0.99998677
1.0 0.99724627
1.0 0.9999838
1.0 0.76195955
1.0 0.79795057
1.0 0.99996436
1.0 0.99955064
1.0 0.9999453
1.0 0.9999863
1.0 0.97855705
1.0 0.9999833
1.0 0.9999864
1.0 0.9999502
1.0 0.99998593
1.0 0.99998367
1.0 0.99996436
1.0 0.9981831
0.0 0.018668415
1.0 0.999979
1.0 0.99986625
1.0 0.9999839
1.0 0.96590394
1.0 0.9999453
1.0 0.9999864
1.0 0.96590394
1.0 0.6659492
0.0 0.028454574
1.0 0.99998367
1.0 0.9999784
1.0 0.9999702
1.0 0.77581525
0.0 0.24164112
1.0 0.97608745
1.0 0.9999864
1.0 0.99994814
1.0 0.7800338
1.0 0.65525556
1.0 0.9999682
1.0 0.99998796
1.0 0.9999789
0.0 0.0009983516
1.0 0.99955064
1.0 0.99989307
1.0 0.9999838
0.0 0.19616255
1.0 0.9999838
1.0 0.99953353
0.0 0.24164112
0.0 0.028454574
0.0 0.0009425284
0.0 0.139244
1.0 0.7800338
1.0 0.99998665
1.0 0.9999869
1.0 0.99960655
1.0 0.9998752
0.0 0.0008186853
1.0 0.99988484
0.0 0.031242745
1.0 0.99996877
1.0 0.99960655
0.0 0.0009312282
1.0 0.9999864
1.0 0.9999864
1.0 0.99987864
1.0 0.9999521
1.0 0.9994837
1.0 0.9998301
1.0 0.99998355
1.0 0.9993193
1.0 0.9999682
0.0 0.020740058
1.0 0.9999783
0.0 0.0010392239
1.0 0.7999306
1.0 0.99943787
0.0 0.17997026
1.0 0.99998796
0.0 0.0007385636
1.0 0.99994814
1.0 0.9999789
1.0 0.999948
1.0 0.99998665
1.0 0.99996793
1.0 0.99767214
1.0 0.9999409
0.0 0.19751063
1.0 0.9999881
1.0 0.97608745
1.0 0.99996805
1.0 0.99767214
1.0 0.9994837
1.0 0.99994934
1.0 0.9999882
1.0 0.99915254
1.0 0.99998677
1.0 0.9999502
1.0 0.9999833
1.0 0.99998665
1.0 0.99996877
1.0 0.99987864
1.0 0.9759291
0.0 0.20511472
1.0 0.9999838
1.0 0.9999869
1.0 0.95763636
1.0 0.9959608
1.0 0.9999833
1.0 0.99996877
1.0 0.7574913
1.0 0.99996436
1.0 0.95763636
1.0 0.99989307
1.0 0.999979
1.0 0.9999453
1.0 0.9975648
1.0 0.99986887
1.0 0.9800975
0.0 0.139244
1.0 0.99932146
1.0 0.99997866
1.0 0.99997854
1.0 0.99955064
1.0 0.99998796
1.0 0.999977
1.0 0.9981831
1.0 0.99998355
1.0 0.65525556
1.0 0.99994814
1.0 0.999979
0.0 0.17997026
1.0 0.99988747
1.0 0.9975648
1.0 0.999977
1.0 0.95763636
0.0 0.19616255
1.0 0.99998796
1.0 0.9999784
1.0 0.999977
1.0 0.99998796
0.0 0.2258511
1.0 0.99994934
1.0 0.99998677
1.0 0.99955064
1.0 0.9999783
0.0 0.02475747
0.0 0.139244
1.0 0.7800338
1.0 0.9999502
1.0 0.97855705
1.0 0.99994814
1.0 0.99998796
1.0 0.99994934
1.0 0.99950993
1.0 0.99994624
1.0 0.9959608
1.0 0.99998796
1.0 0.9999409
1.0 0.9999831
1.0 0.9980932
0.0 0.030760413
0.0 0.0007892287
1.0 0.99678063
1.0 0.9999682
1.0 0.999979
1.0 0.99996436
1.0 0.99996805
0.0 0.19616255
1.0 0.9999863
1.0 0.9999881
0.0 0.0007569902
1.0 0.9999839
1.0 0.99989307
0.0 0.139244
1.0 0.99994624
1.0 0.999948
1.0 0.9999882
1.0 0.99996793
1.0 0.99994934
0.0 0.14129016
1.0 0.9979663
1.0 0.99998796
1.0 0.999979
0.0 0.02475747
1.0 0.9998301
1.0 0.9999862
1.0 0.999979
1.0 0.9999453
0.0 0.018116882
1.0 0.9980932
1.0 0.99915254
1.0 0.95763636
1.0 0.9999784
1.0 0.99998677
0.0 0.0010392239
1.0 0.9959608
0.0 0.0009425284
0.0 0.26610392
0.0 0.023492776
1.0 0.9999783
0.0 0.18134314
1.0 0.9999833
1.0 0.9800975
1.0 0.99932146
0.0 0.020740058
1.0 0.96590394
1.0 0.9975648
0.0 0.14129016
1.0 0.99998796
0.0 0.031242745
1.0 0.99996734
1.0 0.9994803
1.0 0.9999863
1.0 0.99998677
1.0 0.999979
1.0 0.9999838
0.0 0.030415552
1.0 0.99998796
1.0 0.99998677
0.0 0.028454574
1.0 0.99998677
1.0 0.9998611
1.0 0.99998677
1.0 0.9999502
1.0 0.9999833
1.0 0.999948
1.0 0.7574913
0.0 0.030415552
1.0 0.999979
1.0 0.9999784
1.0 0.77581525
1.0 0.9999862
1.0 0.99960655
1.0 0.99724627
1.0 0.7510303
0.0 0.0007569902
1.0 0.99996734
1.0 0.76195955
1.0 0.999977
1.0 0.9993193
1.0 0.9999839
0.0 0.018668415
1.0 0.99994814
1.0 0.7510303
0.0 0.030760413
0.0 0.14129016
0.0 0.24164112
1.0 0.7510303
1.0 0.99987864
1.0 0.9759291
1.0 0.99998677
1.0 0.99994814
0.0 0.19751063
0.0 0.14129016
1.0 0.9980932
0.0 0.0009983516
0.0 0.020740058
1.0 0.9959608
1.0 0.99678063
0.0 0.030760413
1.0 0.9959608
1.0 0.99915254
1.0 0.99998367
0.0 0.0010392239
1.0 0.999977
1.0 0.6659492
1.0 0.99998677
1.0 0.9999783
1.0 0.9999881
0.0 0.020740058
1.0 0.9994837
1.0 0.99955064
1.0 0.99996877
1.0 0.9999453
1.0 0.999979
0.0 0.028454574
1.0 0.9980932
1.0 0.9999409
0.0 0.028454574
1.0 0.99988484
1.0 0.99998796
1.0 0.9980932
0.0 0.0007026605
1.0 0.99996436
0.0 0.031242745
1.0 0.7999306
