true vs pred:
1.0 0.9982956
1.0 0.9991186
1.0 0.99767584
1.0 0.99854124
1.0 0.99767584
1.0 0.99811184
1.0 0.99956924
1.0 0.9902992
1.0 0.9996847
1.0 0.99938154
1.0 0.9997607
1.0 0.99793744
1.0 0.99576724
1.0 0.99948514
1.0 0.99775714
1.0 0.9997098
1.0 0.99882525
1.0 0.9994549
1.0 0.9993855
1.0 0.9993643
1.0 0.99842536
1.0 0.99842536
1.0 0.9993887
1.0 0.9996209
1.0 0.9997583
1.0 0.99956924
1.0 0.99807763
1.0 0.99942917
1.0 0.99971443
1.0 0.9992982
1.0 0.99956924
1.0 0.99923456
1.0 0.9982956
1.0 0.99974996
1.0 0.99975675
1.0 0.9997607
1.0 0.99974304
1.0 0.99923456
1.0 0.999433
1.0 0.9994549
1.0 0.998505
1.0 0.99508977
1.0 0.99969256
1.0 0.9994549
1.0 0.9997098
1.0 0.99837995
1.0 0.9992982
1.0 0.99842536
1.0 0.9996847
1.0 0.9993055
1.0 0.9997254
1.0 0.99824035
1.0 0.99948514
1.0 0.99842536
1.0 0.99971133
1.0 0.99938154
1.0 0.9994161
1.0 0.99689686
1.0 0.99848026
1.0 0.99942917
1.0 0.9972377
1.0 0.9996094
1.0 0.999603
1.0 0.9978137
1.0 0.70147145
1.0 0.9908602
1.0 0.9996275
1.0 0.99848026
1.0 0.99948514
1.0 0.62287617
1.0 0.9955953
1.0 0.99930334
1.0 0.9979838
1.0 0.9997012
1.0 0.9993055
1.0 0.6644024
1.0 0.99970347
1.0 0.9997607
1.0 0.99942917
1.0 0.99447256
1.0 0.9883385
1.0 0.9996742
1.0 0.9997062
1.0 0.99948514
1.0 0.999343
1.0 0.9997098
1.0 0.9960979
1.0 0.99882525
1.0 0.66295254
1.0 0.9993643
1.0 0.9993887
1.0 0.9991768
1.0 0.9972377
1.0 0.9987631
1.0 0.9985759
1.0 0.9996742
1.0 0.99508977
1.0 0.9994072
1.0 0.99691796
1.0 0.9991186
1.0 0.9996847
1.0 0.9991478
1.0 0.5800629
1.0 0.9944471
1.0 0.99971443
1.0 0.57950747
1.0 0.9973571
1.0 0.9996209
1.0 0.99958545
1.0 0.99930334
1.0 0.9997583
1.0 0.99882525
1.0 0.9994072
1.0 0.99924976
1.0 0.9994549
1.0 0.9960979
1.0 0.99529487
1.0 0.99748105
1.0 0.9879935
1.0 0.99938154
1.0 0.9997551
1.0 0.9997098
1.0 0.99974304
1.0 0.9993643
1.0 0.9902992
1.0 0.9959223
1.0 0.99508977
1.0 0.9997062
1.0 0.9993055
1.0 0.9996803
1.0 0.9993887
1.0 0.9996848
1.0 0.6777477
1.0 0.99938154
1.0 0.57950747
1.0 0.99824035
1.0 0.99969304
1.0 0.9997476
1.0 0.99958545
1.0 0.9997098
1.0 0.60602736
1.0 0.99974304
1.0 0.9986125
1.0 0.9987631
1.0 0.99447256
1.0 0.99974996
1.0 0.99775714
1.0 0.99956924
1.0 0.5800629
1.0 0.999699
1.0 0.99975675
1.0 0.99508977
1.0 0.99689686
1.0 0.9944471
1.0 0.9993855
1.0 0.57950747
1.0 0.9995901
1.0 0.9992925
1.0 0.999343
1.0 0.998295
1.0 0.9986125
1.0 0.9890603
1.0 0.9902992
1.0 0.9960979
1.0 0.9996848
1.0 0.9902992
1.0 0.9994797
1.0 0.99958545
1.0 0.99691653
1.0 0.99968123
1.0 0.99811184
1.0 0.99969256
1.0 0.99930334
1.0 0.6777477
1.0 0.99935037
1.0 0.9997092
1.0 0.99882525
1.0 0.9987631
1.0 0.9972832
1.0 0.9997012
1.0 0.99956924
1.0 0.99749506
1.0 0.99975866
1.0 0.99971825
1.0 0.57950747
1.0 0.9997254
1.0 0.99689686
1.0 0.9997062
1.0 0.9985759
1.0 0.9978137
1.0 0.99971825
1.0 0.9996847
1.0 0.9944534
1.0 0.999433
1.0 0.9993887
1.0 0.9994072
1.0 0.99576724
1.0 0.9890603
1.0 0.60602736
1.0 0.999699
1.0 0.999343
1.0 0.99969256
1.0 0.99820364
1.0 0.99948514
1.0 0.9997012
1.0 0.99971694
1.0 0.62287617
1.0 0.99748105
1.0 0.9890603
1.0 0.999343
1.0 0.9992441
1.0 0.99691796
1.0 0.9994161
1.0 0.99820364
1.0 0.99930334
1.0 0.9879935
1.0 0.9973571
1.0 0.9986125
1.0 0.9902992
1.0 0.99975866
1.0 0.99971133
1.0 0.99775714
1.0 0.99869174
1.0 0.9997583
1.0 0.99968386
1.0 0.9986125
1.0 0.99826485
1.0 0.99739397
1.0 0.99974304
1.0 0.99935037
1.0 0.99968123
1.0 0.9997013
1.0 0.99811184
1.0 0.9997551
1.0 0.99975866
1.0 0.99882525
1.0 0.9997254
1.0 0.9992982
1.0 0.9996965
1.0 0.99807763
1.0 0.99748105
1.0 0.9908602
1.0 0.99848026
1.0 0.9992441
1.0 0.9994419
1.0 0.9997062
1.0 0.99975675
1.0 0.9993079
1.0 0.9996965
1.0 0.9997532
1.0 0.9996942
1.0 0.999699
1.0 0.998505
1.0 0.99882525
1.0 0.9992073
1.0 0.99970347
1.0 0.99974996
1.0 0.999343
1.0 0.99969304
1.0 0.99826485
1.0 0.9997098
1.0 0.99957055
1.0 0.9985127
1.0 0.99961203
1.0 0.9993643
1.0 0.9993855
1.0 0.9997098
1.0 0.99803275
1.0 0.9955953
1.0 0.99824035
1.0 0.99971884
1.0 0.6389163
1.0 0.998295
1.0 0.9997013
1.0 0.9996742
1.0 0.9994678
1.0 0.66295254
1.0 0.9995901
1.0 0.9973571
1.0 0.99969304
1.0 0.99689686
1.0 0.9890603
1.0 0.9997254
1.0 0.9908602
1.0 0.9991478
1.0 0.99971443
1.0 0.99961203
1.0 0.99969304
1.0 0.999343
1.0 0.9996742
1.0 0.60602736
1.0 0.99775714
1.0 0.99975866
1.0 0.9996847
1.0 0.99969304
1.0 0.9992441
1.0 0.998505
1.0 0.999343
1.0 0.99969256
1.0 0.9982956
1.0 0.9997254
1.0 0.99975866
1.0 0.9994549
1.0 0.9986016
1.0 0.99935037
1.0 0.99971133
1.0 0.99848026
1.0 0.99924976
1.0 0.99971694
1.0 0.9986016
1.0 0.99975866
1.0 0.9992925
1.0 0.9997018
1.0 0.99961203
1.0 0.99824035
1.0 0.99848026
1.0 0.62287617
1.0 0.9997583
1.0 0.9997098
1.0 0.9973571
1.0 0.9992925
1.0 0.99957055
1.0 0.99638903
1.0 0.99960226
1.0 0.99971825
1.0 0.99842536
1.0 0.9991186
1.0 0.9972377
1.0 0.9996209
1.0 0.99788374
1.0 0.9985759
1.0 0.99378633
1.0 0.9992441
1.0 0.99971694
1.0 0.998295
1.0 0.99882525
1.0 0.99971026
1.0 0.9996965
1.0 0.9993649
1.0 0.99807763
1.0 0.99837995
1.0 0.9997098
1.0 0.99975866
1.0 0.9996803
1.0 0.9997607
1.0 0.99447256
1.0 0.9944471
1.0 0.99748105
1.0 0.99971694
1.0 0.99970347
1.0 0.99811184
1.0 0.9993649
1.0 0.99968386
1.0 0.999699
1.0 0.999433
1.0 0.66295254
1.0 0.99824035
1.0 0.99447256
1.0 0.99930334
1.0 0.99749506
1.0 0.9908602
1.0 0.99576724
1.0 0.99767584
1.0 0.9959223
1.0 0.99968123
1.0 0.99793744
1.0 0.99638903
1.0 0.99788374
1.0 0.9997092
1.0 0.99923456
1.0 0.9978137
1.0 0.9982797
1.0 0.999433
1.0 0.99844044
1.0 0.9996094
1.0 0.9996965
1.0 0.9995901
1.0 0.99975866
1.0 0.9997532
1.0 0.9982797
1.0 0.9997532
1.0 0.9997062
1.0 0.9902992
1.0 0.99811184
1.0 0.9985127
1.0 0.99969304
1.0 0.999699
1.0 0.99689686
1.0 0.9996965
1.0 0.99970347
1.0 0.99939823
1.0 0.99882525
1.0 0.99975675
1.0 0.99974304
1.0 0.99974996
1.0 0.999433
1.0 0.999433
1.0 0.9982956
1.0 0.99691796
1.0 0.9997062
1.0 0.99811184
1.0 0.9994161
1.0 0.9987631
1.0 0.9876342
1.0 0.70147145
1.0 0.99968386
1.0 0.99975866
1.0 0.9997098
1.0 0.99956924
1.0 0.998295
1.0 0.9992982
1.0 0.9972832
1.0 0.9996965
1.0 0.9908828
1.0 0.99793744
1.0 0.99848026
1.0 0.9997062
1.0 0.9959223
1.0 0.9997062
1.0 0.70147145
1.0 0.9992073
1.0 0.9985759
1.0 0.66295254
1.0 0.99508977
1.0 0.9997476
1.0 0.99968123
1.0 0.99844044
1.0 0.9985127
1.0 0.9992982
1.0 0.99969304
1.0 0.99882525
1.0 0.99971026
1.0 0.99447256
1.0 0.9997012
1.0 0.9911902
1.0 0.99975675
1.0 0.99689686
1.0 0.9997607
1.0 0.9996275
1.0 0.9993855
1.0 0.9993643
1.0 0.9993855
1.0 0.99969316
1.0 0.9993649
1.0 0.9908828
1.0 0.9996803
1.0 0.70147145
1.0 0.99749506
1.0 0.99775714
1.0 0.998295
1.0 0.9997012
1.0 0.99975866
1.0 0.9993887
1.0 0.99971026
1.0 0.9908602
1.0 0.62287617
1.0 0.9996742
1.0 0.9991478
1.0 0.99956924
1.0 0.99826485
1.0 0.99975675
1.0 0.99807763
1.0 0.9972377
1.0 0.9908602
1.0 0.9991186
1.0 0.9993055
1.0 0.99820364
1.0 0.99971884
1.0 0.99844044
1.0 0.99948514
1.0 0.9996742
1.0 0.70147145
1.0 0.9978137
1.0 0.9991768
1.0 0.997738
1.0 0.99938154
1.0 0.9883385
1.0 0.9960979
1.0 0.60602736
1.0 0.9890603
1.0 0.6777477
1.0 0.9997062
1.0 0.9921341
1.0 0.9972377
1.0 0.99691796
1.0 0.99968123
1.0 0.60602736
1.0 0.9992073
1.0 0.998505
1.0 0.99969375
1.0 0.998505
1.0 0.9993649
1.0 0.999699
1.0 0.5800629
1.0 0.57950747
1.0 0.6389163
1.0 0.999433
1.0 0.9911902
1.0 0.99749506
1.0 0.99826485
1.0 0.99975866
1.0 0.999699
1.0 0.99975675
1.0 0.66295254
1.0 0.99958545
1.0 0.99948514
1.0 0.99957055
1.0 0.9994419
1.0 0.99930334
1.0 0.9993643
1.0 0.9992073
1.0 0.9997476
1.0 0.9997013
1.0 0.99974304
1.0 0.9955953
1.0 0.9993855
1.0 0.9982797
1.0 0.9991478
1.0 0.99971026
1.0 0.9944471
