true vs pred:
1.0 0.9983468
1.0 0.99973875
1.0 0.99833834
1.0 0.9996407
1.0 0.9997204
1.0 0.9987382
1.0 0.75113165
1.0 0.99931324
1.0 0.9827947
1.0 0.99955386
1.0 0.99975187
1.0 0.99863154
1.0 0.98763883
1.0 0.9869337
1.0 0.9997131
1.0 0.9952173
1.0 0.9997054
1.0 0.69805604
1.0 0.9993117
1.0 0.65836024
1.0 0.99833834
1.0 0.99937373
1.0 0.99943215
1.0 0.99863154
1.0 0.7399669
1.0 0.99973875
1.0 0.9996214
1.0 0.9993807
1.0 0.99970007
1.0 0.9995782
1.0 0.99801135
1.0 0.9991239
1.0 0.99967
1.0 0.99937373
1.0 0.99937373
1.0 0.9869337
1.0 0.75113165
1.0 0.99872965
1.0 0.5938386
1.0 0.99955267
1.0 0.99042284
1.0 0.99917597
1.0 0.9997305
1.0 0.9906996
1.0 0.99874556
1.0 0.98763883
1.0 0.99970204
1.0 0.9996146
1.0 0.6745998
1.0 0.9997204
1.0 0.9993807
1.0 0.99801135
1.0 0.99874556
1.0 0.99960214
1.0 0.9978411
1.0 0.99971527
1.0 0.9997131
1.0 0.9952173
1.0 0.9993807
1.0 0.99970007
1.0 0.69805604
1.0 0.999009
1.0 0.99133354
1.0 0.9948832
1.0 0.9997174
1.0 0.99957114
1.0 0.99874556
1.0 0.99971956
1.0 0.99975437
1.0 0.99691284
1.0 0.99972683
1.0 0.9997111
1.0 0.99818605
1.0 0.9997204
1.0 0.99971956
1.0 0.99691284
1.0 0.9986765
1.0 0.99955386
1.0 0.99975437
1.0 0.99943215
1.0 0.99937373
1.0 0.99917597
1.0 0.99042284
1.0 0.9993117
1.0 0.5327644
1.0 0.99972683
1.0 0.99755645
1.0 0.99691284
1.0 0.9996401
1.0 0.9993673
1.0 0.99532735
1.0 0.99960214
1.0 0.9996075
1.0 0.9990244
1.0 0.9978411
1.0 0.9985247
1.0 0.99931324
1.0 0.99957114
1.0 0.9996012
1.0 0.9995782
1.0 0.99970007
1.0 0.999532
1.0 0.9986512
1.0 0.9987382
1.0 0.6865182
1.0 0.9996146
1.0 0.99952364
1.0 0.99950325
1.0 0.99961996
1.0 0.9995782
1.0 0.9997453
1.0 0.99780375
1.0 0.9996531
1.0 0.99623847
1.0 0.99890435
1.0 0.99961996
1.0 0.6745998
1.0 0.9992105
1.0 0.99974376
1.0 0.99917597
1.0 0.9997054
1.0 0.99818605
1.0 0.9978411
1.0 0.8146148
1.0 0.99833834
1.0 0.9996531
1.0 0.99901855
1.0 0.9988325
1.0 0.9997174
1.0 0.5327644
1.0 0.99943215
1.0 0.9995964
1.0 0.99938416
1.0 0.99901855
1.0 0.9993319
1.0 0.99872965
1.0 0.9986512
1.0 0.9927436
1.0 0.9993807
1.0 0.99958557
1.0 0.999009
1.0 0.99955386
1.0 0.9996146
1.0 0.99970216
1.0 0.996637
1.0 0.99972826
1.0 0.99755645
1.0 0.6497264
1.0 0.999723
1.0 0.99952364
1.0 0.9948832
1.0 0.75113165
1.0 0.9996214
1.0 0.99973875
1.0 0.99974126
1.0 0.99872965
1.0 0.99970007
1.0 0.99963534
1.0 0.99968207
1.0 0.9990244
1.0 0.9991239
1.0 0.999009
1.0 0.99966824
1.0 0.9988325
1.0 0.9948832
1.0 0.99874556
1.0 0.99060947
1.0 0.99872965
1.0 0.99872965
1.0 0.9996146
1.0 0.9986512
1.0 0.9996075
1.0 0.9948832
1.0 0.9996012
1.0 0.9997111
1.0 0.9997174
1.0 0.9997379
1.0 0.75113165
1.0 0.9997551
1.0 0.9948832
1.0 0.99952364
1.0 0.99970204
1.0 0.99801135
1.0 0.99872965
1.0 0.9997428
1.0 0.9927436
1.0 0.9997271
1.0 0.9906996
1.0 0.9981871
1.0 0.99973756
1.0 0.99971527
1.0 0.99963534
1.0 0.99973875
1.0 0.9997453
1.0 0.9993673
1.0 0.9995964
1.0 0.99938416
1.0 0.996637
1.0 0.9996012
1.0 0.99969125
1.0 0.99955755
1.0 0.99964213
1.0 0.99060947
1.0 0.9993117
1.0 0.9997204
1.0 0.6497264
1.0 0.9997271
1.0 0.99961996
1.0 0.99950325
1.0 0.9993319
1.0 0.99872965
1.0 0.99955386
1.0 0.99961996
1.0 0.99973196
1.0 0.99975187
1.0 0.9992194
1.0 0.9993319
1.0 0.99133354
1.0 0.9986765
1.0 0.9996952
1.0 0.99950325
1.0 0.9990121
1.0 0.99691284
1.0 0.9995771
1.0 0.6865182
1.0 0.99971765
1.0 0.99971527
1.0 0.9987382
1.0 0.9990244
1.0 0.9869337
1.0 0.9991165
1.0 0.9991165
1.0 0.99946684
1.0 0.6865182
1.0 0.99967
1.0 0.9996904
1.0 0.99974376
1.0 0.9993555
1.0 0.98763883
1.0 0.99970204
1.0 0.99133354
1.0 0.9996605
1.0 0.9996214
1.0 0.9991239
1.0 0.99975497
1.0 0.99974126
1.0 0.6745998
1.0 0.9869337
1.0 0.99957114
1.0 0.99957114
1.0 0.99937373
1.0 0.9996075
1.0 0.9983468
1.0 0.9997305
1.0 0.99974376
1.0 0.99974376
1.0 0.99971956
1.0 0.99818605
1.0 0.99955386
1.0 0.99970007
1.0 0.9987382
1.0 0.9996075
1.0 0.99587566
1.0 0.9996966
1.0 0.99946684
1.0 0.99958557
1.0 0.9997148
1.0 0.99532735
1.0 0.999009
1.0 0.99965787
1.0 0.9927436
1.0 0.99974376
1.0 0.9996407
1.0 0.9991239
1.0 0.99955267
1.0 0.999009
1.0 0.9996146
1.0 0.99961996
1.0 0.9991165
1.0 0.99937373
1.0 0.99970275
1.0 0.99733126
1.0 0.9992105
1.0 0.9993807
1.0 0.9991165
1.0 0.9986765
1.0 0.9827947
1.0 0.99970204
1.0 0.99780375
1.0 0.6745998
1.0 0.99973136
1.0 0.99958557
1.0 0.99971527
1.0 0.99955755
1.0 0.99060947
1.0 0.99946684
1.0 0.9997204
1.0 0.99060947
1.0 0.99968696
1.0 0.9991239
1.0 0.6497264
1.0 0.99780375
1.0 0.99974126
1.0 0.9952173
1.0 0.9997111
1.0 0.9978411
1.0 0.6745998
1.0 0.9996214
1.0 0.9981871
1.0 0.99872965
1.0 0.98763883
1.0 0.99950325
1.0 0.99973756
1.0 0.8146148
1.0 0.99964213
1.0 0.99975187
1.0 0.99957114
1.0 0.99755645
1.0 0.9989919
1.0 0.99974674
1.0 0.99937373
1.0 0.9995964
1.0 0.99959296
1.0 0.9997396
1.0 0.9996872
1.0 0.9997204
1.0 0.9997204
1.0 0.99966824
1.0 0.99967
1.0 0.99833834
1.0 0.9996904
1.0 0.5938386
1.0 0.9986765
1.0 0.9997551
1.0 0.9996146
1.0 0.9997305
1.0 0.99961996
1.0 0.9996966
1.0 0.9997489
1.0 0.99818605
1.0 0.99952364
1.0 0.9996012
1.0 0.99801135
1.0 0.9995771
1.0 0.99974364
1.0 0.9997054
1.0 0.9952173
1.0 0.99963534
1.0 0.99755645
1.0 0.9991165
1.0 0.99974674
1.0 0.99955755
1.0 0.99952364
1.0 0.996637
1.0 0.99691284
1.0 0.9985247
1.0 0.99946684
1.0 0.99971956
1.0 0.9997489
1.0 0.99901855
1.0 0.9993555
1.0 0.99969125
1.0 0.9997118
1.0 0.9995857
1.0 0.9997174
1.0 0.99623847
1.0 0.9997551
1.0 0.99965787
1.0 0.9996146
1.0 0.99955755
1.0 0.99060947
1.0 0.9992105
1.0 0.9978411
1.0 0.99955755
1.0 0.9990244
1.0 0.9996904
1.0 0.99818605
1.0 0.9996952
1.0 0.99970216
1.0 0.9997428
1.0 0.9997489
1.0 0.99755645
1.0 0.6745998
1.0 0.9993807
1.0 0.99587566
1.0 0.99955755
1.0 0.9996214
1.0 0.9997428
1.0 0.9997204
1.0 0.99943215
1.0 0.99975187
1.0 0.99691284
1.0 0.99587566
1.0 0.99973136
1.0 0.99966156
1.0 0.9993673
1.0 0.99950325
1.0 0.9996146
1.0 0.99818605
1.0 0.9906996
1.0 0.9989919
1.0 0.999723
1.0 0.9997551
1.0 0.9997489
1.0 0.99623847
1.0 0.9983468
1.0 0.9997174
1.0 0.9943979
1.0 0.9996012
1.0 0.9990244
1.0 0.9981871
1.0 0.9996469
1.0 0.99971527
1.0 0.99971527
1.0 0.9997131
1.0 0.99970216
1.0 0.999723
1.0 0.99974376
1.0 0.99967027
1.0 0.99042284
1.0 0.9869337
1.0 0.99964213
1.0 0.99950325
1.0 0.9997148
1.0 0.9978411
1.0 0.99931324
1.0 0.99969125
1.0 0.99968696
1.0 0.99973136
1.0 0.99937373
1.0 0.99872965
1.0 0.6865182
1.0 0.99872965
1.0 0.99974364
1.0 0.9996146
1.0 0.99952364
1.0 0.65836024
1.0 0.99960214
1.0 0.99733126
1.0 0.9996407
1.0 0.9995771
1.0 0.99966824
1.0 0.99975497
1.0 0.99952364
1.0 0.75113165
1.0 0.99970204
1.0 0.99931324
1.0 0.9996214
1.0 0.9996214
1.0 0.99960214
1.0 0.9996531
1.0 0.99901855
1.0 0.9992105
1.0 0.9988325
1.0 0.99801135
1.0 0.9906996
1.0 0.9983468
1.0 0.6745998
1.0 0.6865182
1.0 0.99974376
1.0 0.9869337
1.0 0.98763883
1.0 0.99938416
1.0 0.75113165
1.0 0.9986765
1.0 0.9906996
1.0 0.9981871
1.0 0.9996146
1.0 0.9943979
1.0 0.99974126
1.0 0.99972826
1.0 0.99974376
1.0 0.9997111
1.0 0.9988325
1.0 0.9991239
1.0 0.99042284
1.0 0.99966156
1.0 0.99818605
1.0 0.9997428
1.0 0.9943979
1.0 0.9948832
1.0 0.99950325
1.0 0.99964213
1.0 0.99973196
1.0 0.9997054
1.0 0.99959296
1.0 0.9996966
1.0 0.9990244
1.0 0.9987382
1.0 0.999723
1.0 0.9996904
1.0 0.9995771
1.0 0.99847823
1.0 0.65836024
1.0 0.99863154
1.0 0.99955267
1.0 0.9997396
1.0 0.65836024
1.0 0.75113165
1.0 0.99972135
1.0 0.99964213
1.0 0.9988325
1.0 0.99970204
1.0 0.99901855
1.0 0.99954236
1.0 0.9996075
1.0 0.6865182
1.0 0.99958557
1.0 0.99780375
1.0 0.999532
1.0 0.9992194
1.0 0.9996966
1.0 0.6865182
1.0 0.6865182
1.0 0.65836024
1.0 0.999723
1.0 0.99937373
1.0 0.9995964
1.0 0.9985247
1.0 0.99943215
