true vs pred:
1.0 0.9999536
1.0 0.999959
1.0 0.9999491
1.0 0.99996066
1.0 0.9999553
1.0 0.9999589
1.0 0.9999541
1.0 0.99996066
1.0 0.9999578
1.0 0.9999287
1.0 0.9999553
1.0 0.9999547
1.0 0.99995196
1.0 0.99996126
1.0 0.9999554
1.0 0.9999547
1.0 0.9999552
1.0 0.9999559
1.0 0.9999614
1.0 0.9999597
1.0 0.99987125
1.0 0.9999449
1.0 0.9999553
1.0 0.9999583
1.0 0.9999447
1.0 0.99995446
1.0 0.99995744
1.0 0.9999583
1.0 0.99987924
1.0 0.99995875
1.0 0.99994636
1.0 0.9999616
1.0 0.99995756
1.0 0.99765426
1.0 0.9999362
1.0 0.99524117
1.0 0.99996054
1.0 0.99995196
1.0 0.99995184
1.0 0.99995613
1.0 0.99992645
1.0 0.99995124
1.0 0.9999583
1.0 0.9999492
1.0 0.9999589
1.0 0.9999517
1.0 0.99765426
1.0 0.99995875
1.0 0.9999589
1.0 0.99994993
1.0 0.9999503
1.0 0.9998908
1.0 0.9999449
1.0 0.9999547
1.0 0.99996054
1.0 0.99995935
1.0 0.99994993
1.0 0.9999554
1.0 0.99995124
1.0 0.99994636
1.0 0.9999547
1.0 0.9999536
1.0 0.99679023
1.0 0.9999597
1.0 0.9999591
1.0 0.99996126
1.0 0.99993956
1.0 0.9999516
1.0 0.9999502
1.0 0.9999572
1.0 0.9999536
1.0 0.99996066
1.0 0.99987924
1.0 0.9999279
1.0 0.99995446
1.0 0.99995005
1.0 0.99996054
1.0 0.9999591
1.0 0.99996126
1.0 0.9999572
1.0 0.9999583
1.0 0.9999583
1.0 0.999858
1.0 0.9999571
1.0 0.99995804
1.0 0.9999597
1.0 0.99987924
1.0 0.9999589
1.0 0.9955426
1.0 0.99996114
1.0 0.99987125
1.0 0.9999558
1.0 0.9999567
1.0 0.9999324
1.0 0.9999492
1.0 0.9999362
1.0 0.9999583
1.0 0.999956
1.0 0.9998908
1.0 0.9999571
1.0 0.9999362
1.0 0.9985306
1.0 0.99996066
1.0 0.9999583
1.0 0.9999578
1.0 0.99995935
1.0 0.999956
1.0 0.9999553
1.0 0.99995935
1.0 0.99995804
1.0 0.99981314
1.0 0.9999597
1.0 0.99995446
1.0 0.9998752
1.0 0.99524117
1.0 0.9999558
1.0 0.9999491
1.0 0.99765426
1.0 0.9999502
1.0 0.99995875
1.0 0.99996054
1.0 0.9999608
1.0 0.9999597
1.0 0.999956
1.0 0.99995184
1.0 0.99679023
1.0 0.99995697
1.0 0.9999517
1.0 0.99995875
1.0 0.9999279
1.0 0.99994993
1.0 0.9999583
1.0 0.99995697
1.0 0.9999604
1.0 0.9999579
1.0 0.99995875
1.0 0.99995756
1.0 0.9999589
1.0 0.9999547
1.0 0.99995625
1.0 0.9999536
1.0 0.99996126
1.0 0.9999529
1.0 0.99996173
1.0 0.9999577
1.0 0.99678385
1.0 0.99994993
1.0 0.99994993
1.0 0.9999547
1.0 0.99992454
1.0 0.9999558
1.0 0.9998908
1.0 0.9999547
1.0 0.999961
1.0 0.99765426
1.0 0.99990547
1.0 0.9999491
1.0 0.9999589
1.0 0.9999609
1.0 0.999954
1.0 0.9999577
1.0 0.999956
1.0 0.9999589
1.0 0.9999571
1.0 0.9999547
1.0 0.9999558
1.0 0.99603844
1.0 0.99995625
1.0 0.9998908
1.0 0.9999589
1.0 0.9999559
1.0 0.9985306
1.0 0.9999516
1.0 0.999959
1.0 0.999956
1.0 0.999961
1.0 0.9999255
1.0 0.99994576
1.0 0.99995875
1.0 0.99678385
1.0 0.999954
1.0 0.9999615
1.0 0.99995613
1.0 0.99996066
1.0 0.9999467
1.0 0.999956
1.0 0.99995434
1.0 0.99991035
1.0 0.99996114
1.0 0.9999597
1.0 0.9999577
1.0 0.9999578
1.0 0.9999604
1.0 0.99991035
1.0 0.9999577
1.0 0.9999279
1.0 0.9999492
1.0 0.99995804
1.0 0.9999529
1.0 0.9999248
1.0 0.9999255
1.0 0.9999604
1.0 0.99995875
1.0 0.9999578
1.0 0.99524117
1.0 0.99987924
1.0 0.999956
1.0 0.9998908
1.0 0.99603844
1.0 0.99995935
1.0 0.9999578
1.0 0.9999584
1.0 0.9999529
1.0 0.9999547
1.0 0.9999516
1.0 0.99987864
1.0 0.9999467
1.0 0.99995315
1.0 0.9999609
1.0 0.9999553
1.0 0.99995875
1.0 0.99995434
1.0 0.99994993
1.0 0.99992645
1.0 0.9999579
1.0 0.9999492
1.0 0.9998667
1.0 0.9999584
1.0 0.99995434
1.0 0.99995875
1.0 0.9999453
1.0 0.99995446
1.0 0.9999541
1.0 0.9999287
1.0 0.9999577
1.0 0.99996185
1.0 0.999956
1.0 0.99995124
1.0 0.99995124
1.0 0.99996054
1.0 0.9999324
1.0 0.9999286
1.0 0.99995613
1.0 0.99994576
1.0 0.99996114
1.0 0.9999577
1.0 0.99995935
1.0 0.9960018
1.0 0.9999578
1.0 0.9998667
1.0 0.9999502
1.0 0.9999591
1.0 0.99679023
1.0 0.99994636
1.0 0.9999583
1.0 0.99995184
1.0 0.9999558
1.0 0.9999517
1.0 0.9999597
1.0 0.9998678
1.0 0.9999287
1.0 0.9999579
1.0 0.99679023
1.0 0.99996126
1.0 0.999858
1.0 0.9999554
1.0 0.99994636
1.0 0.9999597
1.0 0.9999553
1.0 0.9999589
1.0 0.9999552
1.0 0.9999491
1.0 0.9999616
1.0 0.99996114
1.0 0.9999616
1.0 0.9999567
1.0 0.999959
1.0 0.9999579
1.0 0.9999554
1.0 0.9999577
1.0 0.99995744
1.0 0.999961
1.0 0.9985306
1.0 0.9999578
1.0 0.99990547
1.0 0.99995935
1.0 0.9999589
1.0 0.9999589
1.0 0.9999286
1.0 0.9999597
1.0 0.9999558
1.0 0.9999608
1.0 0.9999502
1.0 0.99981314
1.0 0.99995124
1.0 0.9873613
1.0 0.9999614
1.0 0.999858
1.0 0.999858
1.0 0.99996066
1.0 0.9999579
1.0 0.9999579
1.0 0.9999558
1.0 0.99995625
1.0 0.9999502
1.0 0.99994993
1.0 0.9999547
1.0 0.9999578
1.0 0.999959
1.0 0.9999553
1.0 0.99995756
1.0 0.9999554
1.0 0.99995625
1.0 0.999961
1.0 0.99679023
1.0 0.999956
1.0 0.9873613
1.0 0.99995124
1.0 0.99995613
1.0 0.99991035
1.0 0.9999552
1.0 0.9999547
1.0 0.99678385
1.0 0.999956
1.0 0.9873613
1.0 0.99995637
1.0 0.9999609
1.0 0.9999467
1.0 0.9999589
1.0 0.99995875
1.0 0.999956
1.0 0.99652123
1.0 0.9999589
1.0 0.99995875
1.0 0.99995875
1.0 0.999961
1.0 0.9999503
1.0 0.99996173
1.0 0.99996054
1.0 0.99995697
1.0 0.99996185
1.0 0.9999541
1.0 0.9999566
1.0 0.9999286
1.0 0.9999583
1.0 0.99996054
1.0 0.99992454
1.0 0.9999491
1.0 0.99994993
1.0 0.99994576
1.0 0.9999572
1.0 0.9999559
1.0 0.9998678
1.0 0.9999286
1.0 0.9999491
1.0 0.999956
1.0 0.99995434
1.0 0.99995434
1.0 0.99995756
1.0 0.9999279
1.0 0.999858
1.0 0.9999614
1.0 0.99995625
1.0 0.9999589
1.0 0.9999547
1.0 0.9998908
1.0 0.9999615
1.0 0.999961
1.0 0.9999615
1.0 0.9999597
1.0 0.99995875
1.0 0.99992645
1.0 0.99679023
1.0 0.9999248
1.0 0.99996126
1.0 0.99995184
1.0 0.9999248
1.0 0.99996054
1.0 0.99994993
1.0 0.99987864
1.0 0.9999491
1.0 0.99995196
1.0 0.9999572
1.0 0.99995756
1.0 0.9999287
1.0 0.9999255
1.0 0.9999453
1.0 0.999956
1.0 0.99996185
1.0 0.9999516
1.0 0.9999614
1.0 0.99996114
1.0 0.9999541
1.0 0.99992454
1.0 0.9999589
1.0 0.999961
1.0 0.99996126
1.0 0.9999566
1.0 0.99996126
1.0 0.9999559
1.0 0.99996173
1.0 0.99995935
1.0 0.9999453
1.0 0.9999503
1.0 0.9999615
1.0 0.9998667
1.0 0.9999486
1.0 0.99995446
1.0 0.9999566
1.0 0.99992645
1.0 0.99995697
1.0 0.99524117
1.0 0.99994993
1.0 0.9999583
1.0 0.99995804
1.0 0.9999615
1.0 0.99995744
1.0 0.9999609
1.0 0.9999491
1.0 0.9999492
1.0 0.9999589
1.0 0.9999553
1.0 0.99995625
1.0 0.99995935
1.0 0.99995756
1.0 0.999956
1.0 0.9999502
1.0 0.9999583
1.0 0.9999491
1.0 0.9999616
1.0 0.999959
1.0 0.9985306
1.0 0.99994993
1.0 0.9999558
1.0 0.99995875
1.0 0.999954
1.0 0.9999614
1.0 0.99995005
1.0 0.99524117
1.0 0.99995875
1.0 0.99995756
1.0 0.9999559
1.0 0.9999516
1.0 0.9999492
1.0 0.9999589
1.0 0.9998667
1.0 0.9999486
1.0 0.9999578
1.0 0.99996185
1.0 0.9999566
1.0 0.99652123
1.0 0.999956
1.0 0.9999553
1.0 0.99995875
1.0 0.9999579
1.0 0.99678385
1.0 0.99995196
1.0 0.999961
1.0 0.99996185
1.0 0.9999279
1.0 0.9873613
1.0 0.9999453
1.0 0.999858
1.0 0.9999516
1.0 0.9999589
1.0 0.9999577
1.0 0.9999516
1.0 0.99981314
1.0 0.9999255
1.0 0.9999553
1.0 0.99995196
1.0 0.99995565
1.0 0.9999589
1.0 0.9999589
1.0 0.9999559
1.0 0.9999558
1.0 0.99996126
1.0 0.9999558
1.0 0.99995565
1.0 0.999956
1.0 0.99990547
1.0 0.99995935
1.0 0.99995184
1.0 0.99995124
1.0 0.9999502
1.0 0.99652123
1.0 0.999858
1.0 0.9999553
1.0 0.99981314
1.0 0.99995446
1.0 0.99995625
1.0 0.9999597
1.0 0.99995744
1.0 0.99995625
1.0 0.9999286
1.0 0.9999547
1.0 0.9999589
1.0 0.99995875
1.0 0.9999615
1.0 0.9999449
1.0 0.9999547
1.0 0.9999447
1.0 0.9999517
1.0 0.9998752
1.0 0.99981314
1.0 0.9999558
1.0 0.99652123
1.0 0.99994993
1.0 0.9998908
1.0 0.9999516
1.0 0.99652123
1.0 0.999961
1.0 0.9999558
1.0 0.9999558
1.0 0.9955426
1.0 0.99995863
1.0 0.9999248
1.0 0.9999615
1.0 0.99995434
1.0 0.9999248
