true vs pred:
0.0 0.87874734
1.0 0.9920536
1.0 0.999481
1.0 0.9980994
1.0 0.9933137
1.0 0.99954283
1.0 0.9953922
0.0 0.19402067
0.0 0.90853137
1.0 0.9992489
1.0 0.9995659
1.0 0.99932396
1.0 0.9847268
1.0 0.9994804
1.0 0.9997191
1.0 0.9993513
1.0 0.99167484
1.0 0.9994804
1.0 0.99866545
0.0 0.8950481
1.0 0.99958533
1.0 0.99185103
1.0 0.99953246
1.0 0.998223
1.0 0.99971396
1.0 0.99185103
1.0 0.9995677
1.0 0.9959122
1.0 0.9981351
1.0 0.9984389
0.0 0.19402067
1.0 0.9678808
1.0 0.99958533
1.0 0.998161
1.0 0.9700865
1.0 0.9933137
1.0 0.9997105
1.0 0.9993591
0.0 0.19908895
1.0 0.99932456
1.0 0.96662
1.0 0.9994773
1.0 0.9995722
0.0 0.09061204
0.0 0.9020509
0.0 0.11247114
1.0 0.99945444
1.0 0.99953246
1.0 0.99223787
1.0 0.99563897
0.0 0.89508945
1.0 0.99957055
1.0 0.998161
1.0 0.9835118
1.0 0.998309
1.0 0.98546267
0.0 0.09061204
1.0 0.99932456
1.0 0.998345
1.0 0.98026067
1.0 0.9834659
0.0 0.1750935
1.0 0.9678808
1.0 0.99185103
1.0 0.99945444
1.0 0.99839157
1.0 0.98026067
1.0 0.9995245
1.0 0.99957055
1.0 0.96662
1.0 0.9921326
1.0 0.9995659
0.0 0.102912076
1.0 0.99846196
1.0 0.9992489
1.0 0.99955267
1.0 0.96343
1.0 0.99953985
1.0 0.9696246
1.0 0.9996972
1.0 0.9995659
1.0 0.9994804
0.0 0.19908895
0.0 0.9023791
1.0 0.9933137
1.0 0.9855407
1.0 0.9994646
1.0 0.99935514
1.0 0.99955267
1.0 0.9996972
1.0 0.9993591
1.0 0.99928254
0.0 0.19188654
1.0 0.99464536
1.0 0.99876356
1.0 0.99846196
0.0 0.19908895
1.0 0.9988387
0.0 0.082675464
1.0 0.9995079
0.0 0.19402067
1.0 0.99970514
1.0 0.99951625
0.0 0.8899199
1.0 0.9835118
0.0 0.9020509
1.0 0.99928254
1.0 0.999481
0.0 0.1750935
1.0 0.99464536
0.0 0.9020509
0.0 0.101352006
1.0 0.9995123
1.0 0.998161
1.0 0.9992988
1.0 0.99842584
1.0 0.999481
1.0 0.9951669
1.0 0.99842584
1.0 0.9993511
0.0 0.2011673
1.0 0.9984138
1.0 0.9933137
0.0 0.19569774
0.0 0.11247114
1.0 0.99970514
1.0 0.9847268
0.0 0.09061204
1.0 0.9696246
1.0 0.99874437
1.0 0.9994646
1.0 0.9995065
1.0 0.99846196
1.0 0.9915644
1.0 0.99223787
0.0 0.102912076
1.0 0.99590516
1.0 0.98546267
1.0 0.99874437
0.0 0.9023791
1.0 0.98342806
1.0 0.99928254
1.0 0.99590516
1.0 0.99771345
1.0 0.9996979
1.0 0.99857473
1.0 0.9995003
1.0 0.998345
1.0 0.9921326
1.0 0.99969244
1.0 0.9995659
1.0 0.99955267
1.0 0.99955946
1.0 0.9980994
1.0 0.9987035
0.0 0.10760019
1.0 0.98026067
1.0 0.98342806
1.0 0.9921326
0.0 0.91265845
1.0 0.9995554
0.0 0.1750935
1.0 0.99185103
1.0 0.99819654
0.0 0.09061204
0.0 0.18691911
1.0 0.98155457
1.0 0.998309
1.0 0.9982267
1.0 0.99955744
1.0 0.9987035
1.0 0.999481
1.0 0.998345
1.0 0.99464536
1.0 0.99185103
1.0 0.9933454
0.0 0.11049407
1.0 0.99969244
0.0 0.1750935
1.0 0.998309
1.0 0.9959122
0.0 0.101352006
1.0 0.99953985
1.0 0.99932396
1.0 0.9915644
1.0 0.99819654
0.0 0.8754772
1.0 0.96950847
1.0 0.99932456
0.0 0.10760019
1.0 0.99955744
1.0 0.9984609
1.0 0.99563897
1.0 0.9994804
1.0 0.9681693
1.0 0.9915644
1.0 0.9952864
0.0 0.87874734
1.0 0.9995079
1.0 0.9984389
1.0 0.9987035
1.0 0.9992988
1.0 0.99771345
0.0 0.87874734
1.0 0.9987035
0.0 0.9023791
1.0 0.9835118
1.0 0.9993511
1.0 0.99955946
0.0 0.90853137
0.0 0.8754772
1.0 0.99771345
1.0 0.9987437
1.0 0.9987953
0.0 0.11247114
0.0 0.19908895
1.0 0.999481
0.0 0.1750935
0.0 0.11049407
1.0 0.99839157
1.0 0.9987953
1.0 0.99878186
1.0 0.99955946
1.0 0.9921326
1.0 0.99953985
0.0 0.19835049
1.0 0.9681693
1.0 0.999546
1.0 0.9982267
1.0 0.9951669
1.0 0.99932456
1.0 0.9920536
1.0 0.98342806
0.0 0.89508945
1.0 0.99881554
1.0 0.9835118
0.0 0.22275232
1.0 0.99878186
1.0 0.99954283
1.0 0.9987437
1.0 0.9845464
1.0 0.9933137
1.0 0.99167484
0.0 0.8950481
1.0 0.9987035
1.0 0.9979965
1.0 0.999481
1.0 0.999585
1.0 0.99957055
1.0 0.99945444
0.0 0.8899199
0.0 0.90814847
1.0 0.99563897
1.0 0.96950847
1.0 0.9995079
1.0 0.9987035
1.0 0.99839157
0.0 0.09183792
1.0 0.99866545
0.0 0.22275232
1.0 0.9696246
1.0 0.99935514
0.0 0.102912076
1.0 0.967166
1.0 0.99928254
1.0 0.99223787
1.0 0.9933454
1.0 0.98546267
1.0 0.99846196
0.0 0.1831928
0.0 0.8950481
1.0 0.99881554
0.0 0.102912076
1.0 0.9983022
0.0 0.19188654
1.0 0.9995245
1.0 0.96662
1.0 0.9984138
1.0 0.99958533
1.0 0.998345
1.0 0.9995677
1.0 0.98155457
1.0 0.9994773
1.0 0.9995079
1.0 0.9994773
1.0 0.99951625
1.0 0.99932396
1.0 0.99881554
1.0 0.99971396
1.0 0.9987035
1.0 0.9997105
1.0 0.9982703
0.0 0.101352006
1.0 0.99866545
0.0 0.18691911
1.0 0.99852496
1.0 0.9988387
1.0 0.9993513
0.0 0.90814847
1.0 0.99846196
1.0 0.99970514
1.0 0.9995065
1.0 0.9696246
0.0 0.2011673
1.0 0.999585
0.0 0.115398265
1.0 0.9981351
0.0 0.19188654
0.0 0.19188654
1.0 0.9994804
1.0 0.9996979
1.0 0.99881554
1.0 0.9933454
1.0 0.99969244
1.0 0.9696246
1.0 0.98026067
1.0 0.9921326
1.0 0.99866545
1.0 0.99932396
1.0 0.99958533
1.0 0.9995722
1.0 0.9995245
1.0 0.9956838
1.0 0.9982703
0.0 0.102912076
1.0 0.99646205
0.0 0.115398265
1.0 0.99957055
1.0 0.99563897
0.0 0.87874734
1.0 0.9995677
1.0 0.99185103
0.0 0.10760019
1.0 0.99967754
0.0 0.115398265
1.0 0.99952793
1.0 0.9982267
1.0 0.9681693
1.0 0.9988387
1.0 0.9987437
1.0 0.99967754
0.0 0.10949997
1.0 0.9988387
1.0 0.99932456
1.0 0.99874437
1.0 0.99819654
1.0 0.9834659
1.0 0.99946386
1.0 0.99945444
1.0 0.99590516
1.0 0.9979965
1.0 0.99167484
1.0 0.999699
0.0 0.90814847
1.0 0.99928254
1.0 0.9994646
0.0 0.91265845
1.0 0.98155457
1.0 0.98342806
1.0 0.96950847
1.0 0.9996972
1.0 0.9995104
0.0 0.1831928
0.0 0.90814847
1.0 0.98155457
1.0 0.9960007
1.0 0.99954283
1.0 0.9920536
1.0 0.9995722
0.0 0.9023791
0.0 0.19188654
1.0 0.9981351
1.0 0.99969244
1.0 0.9988387
1.0 0.9921326
0.0 0.1750935
1.0 0.9994848
1.0 0.9982703
1.0 0.9994848
1.0 0.99846196
1.0 0.9987437
0.0 0.89508945
0.0 0.102912076
0.0 0.90853137
1.0 0.998223
1.0 0.99223787
0.0 0.90853137
1.0 0.9994646
1.0 0.98026067
0.0 0.19835049
1.0 0.9847268
1.0 0.99953246
1.0 0.9996972
1.0 0.9995003
0.0 0.8950481
0.0 0.8754772
1.0 0.9845464
1.0 0.9960007
1.0 0.9979965
1.0 0.99953985
1.0 0.9981351
1.0 0.9995079
1.0 0.99167484
0.0 0.91265845
1.0 0.9988387
1.0 0.99819654
1.0 0.998223
1.0 0.999699
1.0 0.998223
1.0 0.9959122
1.0 0.99946386
1.0 0.99839157
1.0 0.9845464
1.0 0.9834659
1.0 0.9984609
0.0 0.22275232
1.0 0.96577203
1.0 0.9933137
1.0 0.999699
0.0 0.89508945
1.0 0.99590516
0.0 0.11247114
1.0 0.98342806
1.0 0.99928254
1.0 0.9993511
1.0 0.9994848
1.0 0.9997105
1.0 0.9982267
1.0 0.98155457
1.0 0.9835118
1.0 0.998345
1.0 0.99958533
1.0 0.9956838
1.0 0.99842584
1.0 0.9995003
1.0 0.9960007
1.0 0.9696246
1.0 0.998161
1.0 0.98155457
1.0 0.9994773
1.0 0.99932396
0.0 0.101352006
1.0 0.98342806
1.0 0.99970514
1.0 0.99874437
1.0 0.99955744
1.0 0.9981351
1.0 0.9855407
0.0 0.11247114
1.0 0.99874437
1.0 0.9995722
1.0 0.9995104
1.0 0.99953985
1.0 0.9835118
1.0 0.998345
0.0 0.22275232
1.0 0.96577203
1.0 0.9987953
1.0 0.9979965
1.0 0.999699
0.0 0.10949997
1.0 0.99967754
1.0 0.99958533
1.0 0.99874437
1.0 0.9996979
0.0 0.10760019
1.0 0.99953246
1.0 0.9982703
1.0 0.9979965
0.0 0.9023791
0.0 0.115398265
1.0 0.9597482
0.0 0.19188654
1.0 0.99953985
1.0 0.9993513
1.0 0.9987035
1.0 0.99953985
0.0 0.2011673
0.0 0.8754772
1.0 0.9997191
1.0 0.99953246
1.0 0.9953922
1.0 0.9993513
1.0 0.998345
1.0 0.9959122
1.0 0.9933454
1.0 0.9983022
1.0 0.9933454
1.0 0.9953922
1.0 0.999481
0.0 0.18691911
1.0 0.99839157
1.0 0.99223787
1.0 0.99957055
1.0 0.9696246
0.0 0.10949997
0.0 0.19188654
1.0 0.9951669
0.0 0.2011673
1.0 0.9920745
1.0 0.9956838
1.0 0.99846196
1.0 0.9997105
1.0 0.9956838
0.0 0.90814847
1.0 0.9921326
1.0 0.998345
1.0 0.99874437
1.0 0.9994848
1.0 0.9678808
1.0 0.9921326
1.0 0.9700865
1.0 0.98546267
0.0 0.19569774
0.0 0.2011673
1.0 0.9995554
0.0 0.10949997
1.0 0.98026067
0.0 0.1750935
1.0 0.99953985
