true vs pred:
0.0 0.0014408064
0.0 0.0010590169
0.0 0.47748253
0.0 0.0033241212
0.0 0.0007394732
0.0 0.0017225205
0.0 0.0146021815
0.0 0.0146021815
0.0 0.018385548
0.0 0.0034666655
0.0 0.51037395
1.0 0.88179886
0.0 0.00095260923
0.0 0.0029312815
0.0 0.0010611558
0.0 0.0013832155
0.0 0.0013979253
0.0 0.51037395
0.0 0.0015022361
0.0 0.016119752
0.0 0.0031706507
0.0 0.0007394732
0.0 0.00057705486
0.0 0.0010046202
0.0 0.0017371823
0.0 0.0034666655
0.0 0.00095260923
0.0 0.0017371823
0.0 0.0033715712
0.0 0.0009966776
0.0 0.0014194241
0.0 0.00052449136
0.0 0.0007394732
1.0 0.90125483
0.0 0.001074984
0.0 0.006494017
0.0 0.008486275
0.0 0.0015383682
0.0 0.0016556057
0.0 0.0011361636
0.0 0.0015756816
0.0 0.0006712218
0.0 0.0010750778
0.0 0.007623811
0.0 0.0015022361
0.0 0.0009970773
0.0 0.0013148122
0.0 0.0011601654
0.0 0.47748253
0.0 0.0015061335
0.0 0.0013776498
0.0 0.016119752
0.0 0.0015061335
0.0 0.0018232863
0.0 0.001293716
0.0 0.001426321
0.0 0.016119752
0.0 0.0006712218
0.0 0.0036239955
0.0 0.0034666655
0.0 0.0018703715
0.0 0.47685662
0.0 0.0017580093
0.0 0.0010234202
0.0 0.0010590169
0.0 0.001293716
0.0 0.0004743214
0.0 0.0031706507
0.0 0.008208754
0.0 0.014246546
0.0 0.017248249
0.0 0.0009970773
0.0 0.016119752
0.0 0.020045476
0.0 0.0004743214
0.0 0.008716677
0.0 0.0017907318
0.0 0.014997184
0.0 0.0018232863
0.0 0.008416244
0.0 0.0004743214
0.0 0.001032624
0.0 0.000692669
0.0 0.00068589
0.0 0.0006879138
1.0 0.9032178
0.0 0.0068412214
0.0 0.0009412501
0.0 0.017551713
0.0 0.630169
0.0 0.001704793
0.0 0.001074984
0.0 0.0013832155
0.0 0.0013829594
0.0 0.0066280277
0.0 0.0010234202
0.0 0.0010234202
0.0 0.5084441
0.0 0.0014739021
0.0 0.008486275
0.0 0.0011361636
1.0 0.9032178
0.0 0.018385548
0.0 0.0011601654
0.0 0.0033241212
0.0 0.011884309
0.0 0.0036239955
0.0 0.0010010779
0.0 0.008716677
0.0 0.0010750778
0.0 0.0010478247
0.0 0.0015176538
0.0 0.00051390805
0.0 0.0013832155
0.0 0.0014408064
0.0 0.015824473
0.0 0.0033715712
0.0 0.018411055
0.0 0.00049689156
0.0 0.0015756816
0.0 0.014997184
0.0 0.001704793
0.0 0.51037395
0.0 0.00089252496
0.0 0.0014654086
0.0 0.0014630557
0.0 0.0012019519
0.0 0.5084441
0.0 0.0155833475
0.0 0.0016556057
0.0 0.5084441
0.0 0.0011361636
0.0 0.0015383682
0.0 0.0017371823
0.0 0.0014630557
0.0 0.0010108554
0.0 0.5084441
0.0 0.0016729995
0.0 0.0006879138
0.0 0.0015022361
0.0 0.0010312905
0.0 0.00068589
0.0 0.014997184
0.0 0.52665377
0.0 0.0015553938
1.0 0.9131519
0.0 0.0005990329
0.0 0.630169
0.0 0.0016556057
0.0 0.0015176538
0.0 0.016119752
0.0 0.0033241212
0.0 0.00067455973
0.0 0.0010590169
0.0 0.0010312905
0.0 0.0033241212
1.0 0.89407635
0.0 0.0009834017
0.0 0.003741647
0.0 0.00053067267
0.0 0.0033715712
0.0 0.001655375
1.0 0.90125483
0.0 0.008416244
0.0 0.0010750778
0.0 0.0010312905
0.0 0.0014630557
0.0 0.006494017
0.0 0.51037395
0.0 0.00049689156
0.0 0.0066280277
0.0 0.01737323
0.0 0.0014654086
0.0 0.0015553938
0.0 0.0013148122
0.0 0.01737323
0.0 0.0009966776
0.0 0.00051390805
0.0 0.0015756816
0.0 0.0015016677
0.0 0.008716677
1.0 0.89407635
0.0 0.0005388984
0.0 0.0014182323
0.0 0.0019127578
0.0 0.0034666655
0.0 0.0146021815
0.0 0.0066280277
0.0 0.0015756816
0.0 0.53236914
0.0 0.0016179457
0.0 0.00052449136
0.0 0.007623811
0.0 0.0015383682
0.0 0.001704793
0.0 0.0029312815
1.0 0.9032178
0.0 0.0006879138
0.0 0.0009970773
0.0 0.0010010779
1.0 0.9032178
1.0 0.91543454
0.0 0.0076026847
0.0 0.01737323
0.0 0.52665377
0.0 0.0013148122
1.0 0.90125483
0.0 0.00070007576
0.0 0.0060759354
0.0 0.0012245273
0.0 0.0010611558
0.0 0.0018232863
0.0 0.47685662
0.0 0.0006127427
0.0 0.0004840818
0.0 0.0013829594
0.0 0.0013685458
0.0 0.0015016677
1.0 0.9110419
0.0 0.0036239955
0.0 0.017248249
1.0 0.8863822
0.0 0.0004840818
0.0 0.01737323
0.0 0.00053067267
0.0 0.0017580093
0.0 0.0033241212
0.0 0.0010108554
0.0 0.0013148122
0.0 0.000692669
0.0 0.0034666655
1.0 0.89872736
0.0 0.0031706507
0.0 0.015824473
0.0 0.0013685458
0.0 0.011884309
0.0 0.0011361636
0.0 0.008416244
0.0 0.0007170031
0.0 0.0119511215
0.0 0.00095260923
1.0 0.9110419
0.0 0.0155833475
0.0 0.00070007576
0.0 0.0015756816
0.0 0.0155833475
0.0 0.01737323
0.0 0.0014583437
0.0 0.01737323
0.0 0.0015756816
0.0 0.00052449136
0.0 0.0010478082
0.0 0.0146021815
0.0 0.0017225205
0.0 0.0014054198
0.0 0.006494017
0.0 0.5084441
0.0 0.0013829594
0.0 0.0010478082
0.0 0.0038096881
0.0 0.020045476
0.0 0.0009966776
0.0 0.0060759354
0.0 0.0011411292
0.0 0.00049689156
1.0 0.89872736
0.0 0.0018703715
0.0 0.0005990329
0.0 0.630169
0.0 0.0010046202
0.0 0.0076026847
0.0 0.016119752
0.0 0.0015016677
0.0 0.0015061335
0.0 0.00070007576
1.0 0.91543454
0.0 0.0018232863
0.0 0.015824473
0.0 0.0034666655
0.0 0.0014654086
0.0 0.0009966776
0.0 0.0010590169
0.0 0.52665377
0.0 0.0016556057
0.0 0.0017225205
0.0 0.0015061335
0.0 0.0010611558
0.0 0.0010219694
0.0 0.0014194241
0.0 0.5084441
0.0 0.47685662
0.0 0.019435067
0.0 0.0034666655
0.0 0.0010010779
0.0 0.0017371823
0.0 0.00070007576
0.0 0.0006879138
0.0 0.0018232863
0.0 0.007623811
0.0 0.0015176538
0.0 0.51037395
0.0 0.007623811
0.0 0.0014583437
0.0 0.0015756816
0.0 0.0010269837
0.0 0.0014408064
0.0 0.0038096881
0.0 0.008416244
1.0 0.9032178
0.0 0.000692669
0.0 0.0017907318
0.0 0.0066280277
0.0 0.008416244
0.0 0.0013148122
0.0 0.008716677
0.0 0.0155833475
0.0 0.00052449136
0.0 0.00051390805
0.0 0.0014654086
0.0 0.0017907318
0.0 0.0014408064
0.0 0.0014808958
0.0 0.0010113877
0.0 0.008208754
0.0 0.001426321
0.0 0.0009834017
1.0 0.9032178
0.0 0.013030838
0.0 0.0119511215
0.0 0.0014583437
0.0 0.0011601654
0.0 0.016119752
0.0 0.0010312905
0.0 0.017248249
0.0 0.0018232863
0.0 0.630169
0.0 0.47748253
1.0 0.9032178
0.0 0.00068589
0.0 0.0005388984
0.0 0.0006712218
0.0 0.0010108554
0.0 0.0014808958
0.0 0.0017907318
0.0 0.008486275
0.0 0.0014583437
0.0 0.0006712218
0.0 0.0119511215
0.0 0.0010234202
0.0 0.0015383682
1.0 0.8863822
0.0 0.0010611558
0.0 0.4945621
0.0 0.0010219694
0.0 0.5245942
0.0 0.0010448019
0.0 0.0019127578
0.0 0.0010113877
0.0 0.0014408064
0.0 0.0014182323
0.0 0.0005388984
0.0 0.017551713
0.0 0.0010750778
0.0 0.00049689156
0.0 0.0017371823
0.0 0.01737323
0.0 0.016119752
0.0 0.0013776498
0.0 0.019435067
0.0 0.0006594936
0.0 0.0017371823
0.0 0.0068412214
0.0 0.0076026847
0.0 0.47748253
0.0 0.00052449136
0.0 0.0007394732
0.0 0.00067455973
0.0 0.0017225205
0.0 0.0005388984
0.0 0.0119511215
0.0 0.014246546
0.0 0.0034666655
0.0 0.630169
0.0 0.013030838
0.0 0.0005388984
0.0 0.0005990329
0.0 0.00095260923
0.0 0.0014654086
0.0 0.0010750778
0.0 0.0016179457
0.0 0.0014182323
0.0 0.53236914
0.0 0.0010478082
0.0 0.0006879138
0.0 0.008208754
0.0 0.01696688
0.0 0.0031706507
0.0 0.00051390805
0.0 0.01737323
0.0 0.47685662
0.0 0.0009966776
0.0 0.0119511215
0.0 0.47748253
1.0 0.89872736
0.0 0.00049689156
0.0 0.0014654086
0.0 0.0014858511
0.0 0.006494017
0.0 0.008716677
0.0 0.0014739021
0.0 0.0010219694
0.0 0.0014808958
0.0 0.0011601654
0.0 0.0010448019
0.0 0.0010108554
0.0 0.007623811
0.0 0.00070007576
0.0 0.0014630557
0.0 0.008716677
0.0 0.51037395
0.0 0.5736195
0.0 0.0011411292
0.0 0.006494017
0.0 0.0010046202
0.0 0.52665377
0.0 0.0015553938
0.0 0.0010046202
0.0 0.0004840818
0.0 0.018385548
0.0 0.00053067267
0.0 0.630169
0.0 0.0017907318
0.0 0.0007394732
0.0 0.0005388984
0.0 0.0013979253
0.0 0.0014654086
0.0 0.0010108554
0.0 0.0018703715
1.0 0.88179886
0.0 0.5084441
0.0 0.0006879138
0.0 0.018411055
0.0 0.0010269837
0.0 0.0010234202
0.0 0.008208754
0.0 0.0017907318
0.0 0.0011361636
0.0 0.008716677
0.0 0.0009970773
0.0 0.0014182323
0.0 0.008416244
0.0 0.0017371823
0.0 0.0010448019
0.0 0.0010010779
0.0 0.0076026847
1.0 0.90125483
0.0 0.018411055
0.0 0.003741647
0.0 0.0005990329
0.0 0.00095260923
0.0 0.00057705486
0.0 0.0038096881
0.0 0.5736195
0.0 0.0010611558
0.0 0.0010010779
0.0 0.0005362572
0.0 0.0014654086
0.0 0.0009834017
0.0 0.5736195
0.0 0.47685662
0.0 0.0027828643
0.0 0.014997184
0.0 0.0017907318
0.0 0.0034666655
0.0 0.0010108554
0.0 0.0010373465
0.0 0.0029312815
0.0 0.0007170031
0.0 0.008208754
0.0 0.5736195
0.0 0.0155833475
0.0 0.0010010779
0.0 0.53236914
0.0 0.001293716
0.0 0.017551713
0.0 0.0016729995
0.0 0.0027828643
0.0 0.008486275
0.0 0.00070007576
0.0 0.0005362572
0.0 0.00053067267
0.0 0.0016179457
0.0 0.0013829594
0.0 0.020045476
0.0 0.0010234202
1.0 0.91543454
0.0 0.0010590169
0.0 0.0013776498
0.0 0.0011411292
0.0 0.0010010779
0.0 0.0013979253
0.0 0.0005362572
0.0 0.0038096881
1.0 0.9032178
0.0 0.0014808958
0.0 0.0016729995
1.0 0.8929273
0.0 0.006494017
0.0 0.0018703715
0.0 0.01737323
0.0 0.0007394732
1.0 0.89407635
0.0 0.008486275
0.0 0.0018232863
0.0 0.00070007576
1.0 0.88179886
0.0 0.0015061335
0.0 0.0010478082
0.0 0.018385548
0.0 0.00068589
