true vs pred:
1.0 0.9994006
0.0 0.9083693
0.0 0.0036095628
0.0 0.9162014
0.0 0.05516393
0.0 0.016320312
0.0 0.9162014
0.0 0.005718094
1.0 0.9997726
1.0 0.99622923
1.0 0.99977165
0.0 0.0028070481
0.0 0.22876456
1.0 0.9994006
0.0 0.013258794
0.0 0.0059922813
0.0 0.0070725163
1.0 0.99977463
0.0 0.010699587
1.0 0.9998858
1.0 0.99941194
1.0 0.99941194
0.0 0.016123066
0.0 0.12115208
1.0 0.99964476
1.0 0.99988365
0.0 0.05516393
1.0 0.99977034
1.0 0.999801
1.0 0.97448903
1.0 0.99977463
0.0 0.84916085
1.0 0.99988365
0.0 0.9216788
0.0 0.055923983
0.0 0.2753061
1.0 0.9998791
1.0 0.9996356
0.0 0.016853515
1.0 0.99966085
1.0 0.99988365
0.0 0.015749967
1.0 0.9998791
1.0 0.996775
0.0 0.0035220594
0.0 0.011538327
1.0 0.999889
0.0 0.003867583
1.0 0.9997726
1.0 0.99661946
0.0 0.016853515
0.0 0.0046712044
1.0 0.9997844
0.0 0.6717441
1.0 0.98249555
1.0 0.9861407
1.0 0.99927324
0.0 0.015749967
0.0 0.74717546
1.0 0.9998791
0.0 0.6923891
0.0 0.6022489
1.0 0.9993456
0.0 0.010265429
0.0 0.035485253
0.0 0.007324775
1.0 0.99978906
0.0 0.005718094
0.0 0.012806389
0.0 0.8965796
1.0 0.9994655
0.0 0.012130736
1.0 0.99924856
1.0 0.9998728
0.0 0.047360748
1.0 0.9856111
1.0 0.99978906
1.0 0.99977165
1.0 0.99966085
0.0 0.012130736
1.0 0.99977034
0.0 0.0057193385
1.0 0.9993704
1.0 0.99690396
1.0 0.9993704
0.0 0.007324775
1.0 0.9998809
0.0 0.14318143
0.0 0.029811196
1.0 0.9993456
1.0 0.9997875
0.0 0.0070725163
1.0 0.9959926
0.0 0.05516393
1.0 0.9997844
1.0 0.9970035
0.0 0.016853515
0.0 0.0038165548
0.0 0.008108301
1.0 0.99965477
0.0 0.010699587
1.0 0.9994655
1.0 0.98194605
0.0 0.016140368
0.0 0.6923891
0.0 0.005257512
0.0 0.041951053
0.0 0.0048820362
0.0 0.002638519
0.0 0.035485253
0.0 0.63180476
0.0 0.01939819
0.0 0.012130736
0.0 0.015749967
1.0 0.99964595
1.0 0.99988365
0.0 0.74717546
0.0 0.0048820362
0.0 0.6839564
0.0 0.003867583
1.0 0.99977463
0.0 0.89296556
0.0 0.8619885
0.0 0.016123066
0.0 0.009508859
1.0 0.99927324
0.0 0.012130736
0.0 0.015749967
0.0 0.011538327
1.0 0.99966264
0.0 0.0057193385
1.0 0.99928385
0.0 0.009787429
0.0 0.0062339497
0.0 0.84916085
0.0 0.047360748
0.0 0.84916085
0.0 0.01153476
0.0 0.009508859
0.0 0.015749967
0.0 0.0036394433
0.0 0.66189134
0.0 0.89296556
1.0 0.99924856
0.0 0.011538327
1.0 0.9874139
0.0 0.005718094
0.0 0.005257512
1.0 0.9996686
0.0 0.003867583
0.0 0.012806389
1.0 0.9998809
0.0 0.010265429
0.0 0.016140368
0.0 0.74717546
0.0 0.0036394433
1.0 0.9817677
1.0 0.9998809
0.0 0.009787429
0.0 0.22876456
0.0 0.89296556
0.0 0.0028070481
1.0 0.9994655
1.0 0.99935585
1.0 0.99968326
0.0 0.029811196
0.0 0.009508859
1.0 0.9813719
0.0 0.035485253
0.0 0.0036095628
0.0 0.20858316
0.0 0.18765654
0.0 0.008591166
0.0 0.012806389
1.0 0.98249555
1.0 0.97448903
0.0 0.2753061
1.0 0.999801
0.0 0.015749967
1.0 0.99988794
0.0 0.0078682415
0.0 0.005257512
0.0 0.0036394433
1.0 0.99988794
1.0 0.9993704
0.0 0.055923983
0.0 0.19639298
1.0 0.9997844
1.0 0.9861407
0.0 0.012657099
1.0 0.99928385
0.0 0.9239546
0.0 0.008108301
0.0 0.041951053
0.0 0.6691983
0.0 0.9083693
1.0 0.98102206
0.0 0.012657099
0.0 0.0062339497
0.0 0.016140368
0.0 0.009162867
0.0 0.84338015
0.0 0.19639298
1.0 0.99966085
1.0 0.99988675
0.0 0.0057193385
1.0 0.999889
0.0 0.89296556
0.0 0.6839564
1.0 0.99988365
0.0 0.0046712044
0.0 0.009508859
0.0 0.002638519
0.0 0.0078682415
0.0 0.01939819
0.0 0.0048820362
1.0 0.9997726
0.0 0.8619885
1.0 0.9997726
0.0 0.63180476
1.0 0.98102206
0.0 0.8965796
1.0 0.9993456
0.0 0.007324775
0.0 0.0036394433
1.0 0.98194605
0.0 0.015749967
0.0 0.74717546
1.0 0.99649787
0.0 0.0048820362
1.0 0.99965477
0.0 0.005718094
0.0 0.22020285
0.0 0.004172451
0.0 0.0062339497
0.0 0.010699587
0.0 0.66189134
1.0 0.99978524
1.0 0.9994655
0.0 0.055923983
0.0 0.0062562176
0.0 0.8965796
1.0 0.9998728
0.0 0.007324775
1.0 0.99965477
0.0 0.88953656
0.0 0.05516393
0.0 0.14318143
0.0 0.008165307
0.0 0.008591166
0.0 0.0074182153
0.0 0.01153476
0.0 0.6839564
0.0 0.009787429
0.0 0.9083693
0.0 0.6022489
1.0 0.9998858
1.0 0.99988365
0.0 0.003381081
1.0 0.9968459
0.0 0.035257176
1.0 0.99964476
0.0 0.008591166
0.0 0.008108301
0.0 0.6110682
1.0 0.99649787
1.0 0.99649787
0.0 0.0035220594
1.0 0.9998877
1.0 0.9998877
0.0 0.0046712044
1.0 0.9996356
0.0 0.84916085
1.0 0.98836505
1.0 0.9861407
1.0 0.9856111
0.0 0.8619885
1.0 0.9861407
1.0 0.99965477
1.0 0.99978524
1.0 0.9861407
1.0 0.99988365
0.0 0.84916085
0.0 0.89296556
1.0 0.9994006
1.0 0.99661946
1.0 0.996775
1.0 0.99661946
0.0 0.002638519
0.0 0.0051675914
1.0 0.99928385
1.0 0.9998791
0.0 0.003867583
1.0 0.99661946
1.0 0.99935585
0.0 0.22020285
0.0 0.0059889047
1.0 0.9996686
0.0 0.013258794
1.0 0.9998809
0.0 0.22137016
1.0 0.98194605
0.0 0.0057193385
0.0 0.012830743
1.0 0.99977905
1.0 0.99927324
1.0 0.99924856
1.0 0.99622923
0.0 0.008165307
1.0 0.9998859
0.0 0.22282341
1.0 0.99964476
0.0 0.010265429
0.0 0.016140368
0.0 0.0070725163
1.0 0.9994006
0.0 0.010265429
1.0 0.99964476
0.0 0.003381081
1.0 0.9997726
1.0 0.9997875
0.0 0.22137016
0.0 0.011538327
0.0 0.0070725163
1.0 0.9970035
0.0 0.008591166
0.0 0.015749967
0.0 0.008108301
1.0 0.996775
0.0 0.6022489
0.0 0.029811196
0.0 0.015749967
1.0 0.996633
1.0 0.99977165
1.0 0.99968326
0.0 0.032666728
0.0 0.015749967
0.0 0.008591166
0.0 0.016123066
1.0 0.9994655
1.0 0.98836505
0.0 0.032666728
0.0 0.016853515
0.0 0.6717441
1.0 0.9856111
0.0 0.6022489
1.0 0.9998859
0.0 0.88953656
0.0 0.055923983
0.0 0.0028070481
0.0 0.014114085
0.0 0.012806389
0.0 0.016320312
1.0 0.9996356
1.0 0.9993801
0.0 0.0057193385
0.0 0.009162867
1.0 0.9970004
0.0 0.22137016
0.0 0.035485253
0.0 0.009162867
0.0 0.89296556
0.0 0.6110682
0.0 0.0062562176
0.0 0.22282341
0.0 0.6691983
0.0 0.003381081
1.0 0.9997844
0.0 0.8965796
0.0 0.055923983
0.0 0.012657099
0.0 0.14318143
1.0 0.98836505
0.0 0.66189134
0.0 0.046804775
0.0 0.014114085
1.0 0.9993801
0.0 0.0062562176
0.0 0.055923983
1.0 0.99977463
0.0 0.6110682
0.0 0.041951053
1.0 0.9993704
1.0 0.9874139
0.0 0.0062562176
0.0 0.012657099
0.0 0.041951053
0.0 0.20858316
0.0 0.0062339497
0.0 0.0106612835
1.0 0.98194605
0.0 0.6839564
0.0 0.04805936
1.0 0.99622923
0.0 0.19639298
0.0 0.0106612835
1.0 0.99964595
0.0 0.013258794
1.0 0.99649787
0.0 0.032666728
1.0 0.97448903
1.0 0.9996686
0.0 0.6022489
0.0 0.12115208
0.0 0.016123066
1.0 0.99978906
0.0 0.035485253
0.0 0.012830743
1.0 0.9998858
1.0 0.9998858
0.0 0.012657099
0.0 0.016140368
0.0 0.016123066
0.0 0.9239546
0.0 0.003867583
0.0 0.9239546
0.0 0.89296556
1.0 0.9993801
0.0 0.013258794
0.0 0.89296556
0.0 0.016123066
0.0 0.0106612835
1.0 0.99966085
1.0 0.99978524
0.0 0.008591166
0.0 0.002638519
0.0 0.6839564
1.0 0.97448903
0.0 0.19639298
0.0 0.12115208
1.0 0.999889
0.0 0.013258794
0.0 0.007953608
1.0 0.99988365
1.0 0.99977034
1.0 0.97448903
0.0 0.012130736
1.0 0.9970004
0.0 0.014114085
0.0 0.22020285
0.0 0.9162014
1.0 0.9874139
1.0 0.99977034
1.0 0.9994655
0.0 0.8965796
1.0 0.99966264
1.0 0.99622923
1.0 0.99966085
1.0 0.99978906
1.0 0.996633
0.0 0.003381081
0.0 0.8619885
1.0 0.9998858
1.0 0.99622923
1.0 0.9959926
1.0 0.999801
0.0 0.12115208
0.0 0.0057193385
0.0 0.0046712044
0.0 0.005257512
0.0 0.008591166
1.0 0.999801
1.0 0.9874139
0.0 0.14318143
1.0 0.9998809
1.0 0.99966085
0.0 0.22876456
1.0 0.9970035
1.0 0.9970035
0.0 0.66189134
1.0 0.99928385
0.0 0.0078682415
0.0 0.012130736
0.0 0.018918248
1.0 0.9993456
0.0 0.0078682415
1.0 0.9998859
0.0 0.035485253
1.0 0.9997875
0.0 0.66189134
0.0 0.005718094
0.0 0.0035220594
0.0 0.005257512
1.0 0.9817677
1.0 0.99988794
0.0 0.012657099
1.0 0.9998809
0.0 0.6839564
0.0 0.010265429
0.0 0.14318143
0.0 0.010699587
1.0 0.9997875
0.0 0.009787429
0.0 0.035485253
0.0 0.013258794
1.0 0.99977034
0.0 0.0036394433
0.0 0.008165307
0.0 0.013779305
0.0 0.8619885
1.0 0.996775
0.0 0.032666728
1.0 0.99977034
1.0 0.9993801
1.0 0.99966085
1.0 0.98102206
0.0 0.015749967
0.0 0.003381081
0.0 0.89296556
0.0 0.035485253
1.0 0.9994655
0.0 0.0070725163
0.0 0.003381081
0.0 0.016140368
1.0 0.99978906
0.0 0.22137016
1.0 0.9874139
1.0 0.9970004
0.0 0.6022489
0.0 0.89296556
