true vs pred:
1.0 0.9980556
1.0 0.9998222
0.0 0.15617907
0.0 0.29737416
1.0 0.9998142
0.0 0.0007128334
0.0 0.0017190948
1.0 0.9987307
1.0 0.99925786
0.0 0.0028064344
0.0 0.08186693
1.0 0.99008465
1.0 0.9998153
0.0 0.0058079707
0.0 0.0019036399
0.0 0.0011853933
0.0 0.0011853933
0.0 0.0009589152
0.0 0.8842898
0.0 0.0016345474
0.0 0.4252805
0.0 0.0009887061
1.0 0.99302953
0.0 0.004224116
0.0 0.00076723314
0.0 0.9053176
0.0 0.0010307173
0.0 0.89308184
1.0 0.9987307
1.0 0.99981576
0.0 0.0013586177
0.0 0.8842898
0.0 0.004671078
0.0 0.0019036399
1.0 0.9998153
1.0 0.9987307
0.0 0.00062605244
1.0 0.9998142
1.0 0.9993862
1.0 0.9998172
0.0 0.0016951081
0.0 0.0007454036
0.0 0.0056015067
1.0 0.9998153
0.0 0.8718228
0.0 0.004231845
0.0 0.0009430971
0.0 0.160535
1.0 0.99924767
0.0 0.004989944
0.0 0.0027392323
0.0 0.91231245
1.0 0.9998153
0.0 0.30542764
0.0 0.006024227
0.0 0.011316304
1.0 0.99925786
0.0 0.0028064344
0.0 0.0006356173
0.0 0.8842898
0.0 0.0027878575
0.0 0.000588038
0.0 0.0073041674
0.0 0.008401128
0.0 0.0009589152
1.0 0.9984366
0.0 0.022369364
0.0 0.0060908874
0.0 0.0007454036
0.0 0.004989944
0.0 0.00076723314
0.0 0.0004983473
0.0 0.12200063
0.0 0.0054019354
0.0 0.0012912651
0.0 0.010385006
0.0 0.0006102328
0.0 0.011316304
0.0 0.0046143373
1.0 0.9984366
0.0 0.0013586177
0.0 0.0039057545
0.0 0.9053176
0.0 0.89308184
1.0 0.9843598
0.0 0.011316304
0.0 0.0006356173
0.0 0.0073041674
0.0 0.0005988503
0.0 0.0005136482
0.0 0.0006102328
0.0 0.23298407
0.0 0.0004983473
0.0 0.006024227
1.0 0.99132276
0.0 0.00081267365
0.0 0.0054019354
1.0 0.9998147
0.0 0.010385006
0.0 0.0059873243
0.0 0.0005988503
0.0 0.029362615
0.0 0.00981615
0.0 0.0017190948
1.0 0.9997981
1.0 0.99008465
1.0 0.99981576
1.0 0.9983261
0.0 0.0027392323
0.0 0.00076723314
0.0 0.4252805
1.0 0.9998024
0.0 0.043831415
0.0 0.30542764
1.0 0.9983261
0.0 0.00062605244
0.0 0.4252805
0.0 0.0046143373
0.0 0.160535
0.0 0.0010307173
0.0 0.00062605244
0.0 0.0058079707
0.0 0.03224054
0.0 0.0036164534
0.0 0.011316304
0.0 0.007322782
0.0 0.8842898
0.0 0.0021645732
0.0 0.004671078
1.0 0.98898727
1.0 0.99848276
1.0 0.99008465
0.0 0.4252805
0.0 0.010385006
0.0 0.0041793003
0.0 0.03224054
0.0 0.11519854
0.0 0.00749083
0.0 0.0004983473
0.0 0.0006356173
1.0 0.99925786
1.0 0.9998147
0.0 0.23298407
0.0 0.029362615
0.0 0.0015929563
0.0 0.005952265
0.0 0.39160272
0.0 0.00981615
0.0 0.12200063
1.0 0.99008465
1.0 0.9984463
0.0 0.0007302312
0.0 0.00062605244
0.0 0.043831415
1.0 0.99924767
0.0 0.030718924
0.0 0.006407038
1.0 0.9985846
0.0 0.00981615
0.0 0.0073041674
0.0 0.0060766176
0.0 0.31705794
0.0 0.004231845
0.0 0.00076723314
1.0 0.9997639
0.0 0.02361913
0.0 0.0060766176
1.0 0.9984463
0.0 0.0035704328
0.0 0.0059873243
0.0 0.91231245
0.0 0.0016345474
0.0 0.12200063
0.0 0.0060766176
0.0 0.008401128
1.0 0.9854913
1.0 0.99132276
0.0 0.005952265
0.0 0.001406884
0.0 0.011316304
0.0 0.029362615
0.0 0.0017190948
0.0 0.0010307173
0.0 0.0028064344
0.0 0.0004983473
1.0 0.99302953
1.0 0.99937564
1.0 0.9998147
0.0 0.10939025
1.0 0.9997981
0.0 0.0009430971
0.0 0.0028064344
0.0 0.001406884
0.0 0.0041793003
0.0 0.160535
1.0 0.999292
0.0 0.0046143373
0.0 0.0009887061
0.0 0.0009430971
1.0 0.9843598
0.0 0.0015929563
0.0 0.0028064344
0.0 0.23298407
1.0 0.9993352
0.0 0.0049812086
1.0 0.9998142
0.0 0.0017190948
0.0 0.9053176
0.0 0.0060766176
0.0 0.32313138
0.0 0.31705794
0.0 0.022369364
1.0 0.99925786
0.0 0.0059873243
1.0 0.9913669
0.0 0.0046143373
0.0 0.32071427
0.0 0.32071427
0.0 0.008401128
0.0 0.007322782
0.0 0.004671078
0.0 0.004224116
1.0 0.9994404
0.0 0.007466511
1.0 0.9998222
0.0 0.028925717
1.0 0.9854913
0.0 0.004671078
0.0 0.29737416
0.0 0.0027392323
0.0 0.12200063
0.0 0.0006102328
0.0 0.006326685
1.0 0.999292
1.0 0.9872155
0.0 0.010574888
0.0 0.007466511
0.0 0.0006356173
0.0 0.0041793003
0.0 0.022369364
0.0 0.00062605244
0.0 0.0005988503
0.0 0.009874773
1.0 0.9993862
0.0 0.002787758
0.0 0.017618308
0.0 0.0059178174
0.0 0.0021645732
0.0 0.0021645732
0.0 0.08186693
0.0 0.0015422351
1.0 0.9983261
0.0 0.0027392323
0.0 0.0008190068
1.0 0.9985846
1.0 0.9854913
0.0 0.15617907
0.0 0.0037020838
0.0 0.0009589152
0.0 0.0058079707
1.0 0.99979466
0.0 0.23298407
1.0 0.9984463
0.0 0.91231245
0.0 0.0056015067
0.0 0.0004983473
1.0 0.99302953
0.0 0.011316304
0.0 0.006024227
0.0 0.12200063
1.0 0.99822396
0.0 0.017618308
1.0 0.9983261
0.0 0.0013586177
0.0 0.006052603
0.0 0.08451106
1.0 0.99302953
0.0 0.0058079707
0.0 0.39160272
0.0 0.004224116
0.0 0.0036447053
0.0 0.0049812086
1.0 0.99928975
0.0 0.00076723314
1.0 0.9993862
0.0 0.001406884
1.0 0.9993862
0.0 0.002787758
0.0 0.006407038
0.0 0.15617907
0.0 0.0056015067
0.0 0.0059178174
0.0 0.0054019354
0.0 0.00068884663
1.0 0.9843598
1.0 0.9913669
0.0 0.8842898
0.0 0.0017190948
1.0 0.9908823
1.0 0.9843598
0.0 0.006052603
0.0 0.0028064344
1.0 0.99928975
0.0 0.0005136482
0.0 0.882817
1.0 0.9998142
0.0 0.0010307173
0.0 0.006052603
1.0 0.9872155
0.0 0.0060766176
1.0 0.99008465
0.0 0.00081267365
0.0 0.0008190068
0.0 0.0059178174
0.0 0.9069705
0.0 0.89308184
0.0 0.0049812086
0.0 0.0064434335
1.0 0.9854913
1.0 0.9998172
1.0 0.99979466
0.0 0.15617907
1.0 0.9998153
0.0 0.007322782
0.0 0.12200063
0.0 0.002787758
0.0 0.001406884
0.0 0.08451106
0.0 0.001406884
0.0 0.9151235
0.0 0.0059873243
0.0 0.0073041674
0.0 0.0015422351
1.0 0.9913669
0.0 0.0035704328
0.0 0.00749083
1.0 0.99132276
0.0 0.12200063
1.0 0.999328
1.0 0.9984463
1.0 0.9998142
0.0 0.009874773
0.0 0.4252805
0.0 0.0015929563
0.0 0.0005136482
0.0 0.0046143373
0.0 0.91231245
0.0 0.32071427
0.0 0.003349344
0.0 0.0059178174
0.0 0.0005656826
0.0 0.0059873243
0.0 0.004671078
1.0 0.9913669
1.0 0.9983261
0.0 0.0011853933
0.0 0.0058079707
1.0 0.9913669
1.0 0.9980556
0.0 0.006052603
0.0 0.0006356173
1.0 0.9987307
0.0 0.006407038
0.0 0.006052603
0.0 0.004671078
1.0 0.999292
0.0 0.0006102328
0.0 0.9151235
0.0 0.23298407
1.0 0.9984463
0.0 0.001406884
0.0 0.9053176
1.0 0.99981576
1.0 0.9998147
0.0 0.03224054
0.0 0.0009589152
0.0 0.002787758
1.0 0.99981576
0.0 0.0056015067
1.0 0.9998172
0.0 0.08186693
1.0 0.9983261
1.0 0.9997639
0.0 0.29737416
1.0 0.99925786
0.0 0.0058079707
0.0 0.0009589152
0.0 0.03224054
1.0 0.98898727
1.0 0.9872155
1.0 0.99848276
0.0 0.006052603
0.0 0.0064434335
0.0 0.03224054
0.0 0.0007302312
0.0 0.0007302312
0.0 0.0007454036
1.0 0.9854913
0.0 0.0064434335
0.0 0.022369364
0.0 0.006052603
1.0 0.9895774
0.0 0.0060908874
0.0 0.0006102328
1.0 0.99800724
1.0 0.9998142
0.0 0.0037020838
0.0 0.03224054
1.0 0.9998153
1.0 0.98898727
1.0 0.9895774
0.0 0.0036447053
0.0 0.029271083
0.0 0.002787758
0.0 0.39160272
1.0 0.9998172
0.0 0.0012912651
0.0 0.8718228
0.0 0.007322782
0.0 0.030718924
0.0 0.0010307173
0.0 0.0059873243
1.0 0.9994404
0.0 0.0009887061
1.0 0.98898727
0.0 0.16838956
0.0 0.89308184
1.0 0.99924767
0.0 0.0007454036
0.0 0.009874773
1.0 0.9998147
1.0 0.98898727
0.0 0.32313138
1.0 0.9908823
1.0 0.9998172
0.0 0.011316304
0.0 0.0013586177
0.0 0.0007128334
1.0 0.99800724
0.0 0.8842898
0.0 0.0059873243
0.0 0.0060908874
0.0 0.011316304
0.0 0.00076723314
0.0 0.029271083
0.0 0.003349344
0.0 0.009874773
0.0 0.0036164534
0.0 0.13886368
0.0 0.00076723314
0.0 0.0059178174
0.0 0.004224116
1.0 0.9983261
0.0 0.006052603
1.0 0.9843598
0.0 0.043831415
0.0 0.0019036399
0.0 0.0005136482
0.0 0.0027392323
0.0 0.0007128334
0.0 0.89308184
0.0 0.0005988503
0.0 0.003349344
1.0 0.9908823
0.0 0.0006102328
0.0 0.084110856
0.0 0.30542764
1.0 0.99925786
0.0 0.0056015067
1.0 0.9994404
0.0 0.31705794
0.0 0.89444613
0.0 0.0058079707
1.0 0.9993352
0.0 0.12200063
1.0 0.99981576
0.0 0.0060766176
0.0 0.006407038
0.0 0.08186693
0.0 0.0005136482
0.0 0.0012912651
0.0 0.007322782
0.0 0.0342942
0.0 0.10939025
0.0 0.0005988503
1.0 0.9987307
1.0 0.99008465
0.0 0.029362615
1.0 0.9984366
0.0 0.010385006
0.0 0.0028064344
0.0 0.0028064344
0.0 0.00749083
0.0 0.0019036399
0.0 0.0010307173
0.0 0.0007454036
0.0 0.48128593
1.0 0.999328
1.0 0.99008465
0.0 0.0012912651
0.0 0.0037020838
1.0 0.99848276
0.0 0.0046143373
0.0 0.0046143373
0.0 0.0028064344
1.0 0.9980556
1.0 0.9983261
0.0 0.030718924
1.0 0.99981576
0.0 0.000588038
1.0 0.99800724
0.0 0.0009589152
0.0 0.0059178174
0.0 0.08186693
0.0 0.0015422351
0.0 0.23298407
0.0 0.0009887061
1.0 0.98898727
0.0 0.028925717
0.0 0.00749083
