true vs pred:
1.0 0.9993143
1.0 0.9993253
1.0 0.99828774
1.0 0.9993286
1.0 0.99302894
1.0 0.47928044
1.0 0.9982851
1.0 0.98401606
1.0 0.99930847
1.0 0.987823
1.0 0.9529177
1.0 0.9993599
1.0 0.99872524
1.0 0.9968119
1.0 0.99951875
1.0 0.99930847
1.0 0.99925905
1.0 0.9993599
1.0 0.99878436
1.0 0.987823
1.0 0.98956865
1.0 0.9860092
1.0 0.9982503
1.0 0.47928044
1.0 0.94555503
1.0 0.9962612
1.0 0.99913186
1.0 0.9993242
1.0 0.9993242
1.0 0.99951875
1.0 0.95187575
1.0 0.48401085
0.0 0.2590598
1.0 0.994449
1.0 0.954651
1.0 0.9934511
1.0 0.98805594
1.0 0.9831671
1.0 0.48401085
1.0 0.99909663
1.0 0.99951804
1.0 0.95931816
1.0 0.9962612
1.0 0.99850273
1.0 0.99872524
1.0 0.99932694
1.0 0.95187575
1.0 0.994449
1.0 0.99932694
1.0 0.95222783
1.0 0.99372864
1.0 0.9994041
1.0 0.9985292
1.0 0.9962612
0.0 0.2636688
1.0 0.9987507
1.0 0.99931324
1.0 0.99921346
1.0 0.98662764
1.0 0.9991621
1.0 0.9983663
1.0 0.988892
1.0 0.99653
1.0 0.99840075
1.0 0.99925905
1.0 0.99909663
1.0 0.9987607
1.0 0.9858655
1.0 0.9980673
1.0 0.47928044
1.0 0.9991743
1.0 0.99936134
1.0 0.99951804
1.0 0.9991743
1.0 0.99917126
1.0 0.98401606
1.0 0.9882908
1.0 0.99951804
1.0 0.99653
1.0 0.94544953
1.0 0.95187575
1.0 0.9990631
1.0 0.47913092
1.0 0.99931526
1.0 0.9982711
1.0 0.9982503
1.0 0.98401606
1.0 0.9986236
1.0 0.95931816
1.0 0.99929667
1.0 0.9993443
1.0 0.99954444
1.0 0.9987607
1.0 0.99951804
1.0 0.99933213
1.0 0.9986236
1.0 0.9992229
1.0 0.9991037
1.0 0.9993444
1.0 0.99917126
1.0 0.99924916
1.0 0.9986236
1.0 0.9929825
1.0 0.9971629
1.0 0.99682474
1.0 0.9967512
0.0 0.25475073
1.0 0.9992362
1.0 0.9987684
1.0 0.9995148
1.0 0.47677776
1.0 0.999127
1.0 0.9987507
1.0 0.98805594
1.0 0.9819104
1.0 0.9993286
1.0 0.9982711
1.0 0.9982711
1.0 0.51670283
1.0 0.98956865
1.0 0.99921346
1.0 0.9983663
0.0 0.25475073
1.0 0.99951875
1.0 0.9980673
1.0 0.94555503
1.0 0.9993143
1.0 0.94544953
1.0 0.9933795
1.0 0.9992229
1.0 0.99840075
1.0 0.9982851
1.0 0.987823
1.0 0.99857235
1.0 0.98805594
1.0 0.9860092
1.0 0.9993253
1.0 0.95222783
1.0 0.99953246
1.0 0.99857926
1.0 0.988892
1.0 0.9993444
1.0 0.999127
1.0 0.48401085
1.0 0.99838436
1.0 0.9857335
1.0 0.98612076
1.0 0.99871635
1.0 0.51670283
1.0 0.99952745
1.0 0.9991621
1.0 0.51670283
1.0 0.9983663
1.0 0.98662764
1.0 0.99932694
1.0 0.98612076
1.0 0.99828774
1.0 0.51670283
1.0 0.9993316
1.0 0.9967512
1.0 0.99909663
1.0 0.99825424
1.0 0.99682474
1.0 0.9993444
1.0 0.50005955
1.0 0.98487365
0.0 0.21338013
1.0 0.9973605
1.0 0.47677776
1.0 0.9991621
1.0 0.987823
1.0 0.99951804
1.0 0.94555503
1.0 0.9970989
1.0 0.9982503
1.0 0.99825424
1.0 0.94555503
0.0 0.26992
1.0 0.9934784
1.0 0.9529177
1.0 0.9985153
1.0 0.95222783
1.0 0.9993599
0.0 0.2636688
1.0 0.99924916
1.0 0.99840075
1.0 0.99825424
1.0 0.98612076
1.0 0.99931324
1.0 0.48401085
1.0 0.99857926
1.0 0.9993286
1.0 0.9993594
1.0 0.9857335
1.0 0.98487365
1.0 0.9858655
1.0 0.9993594
1.0 0.99372864
1.0 0.99857235
1.0 0.988892
1.0 0.98806816
1.0 0.9992229
0.0 0.26992
1.0 0.99835926
1.0 0.9846726
1.0 0.9991574
1.0 0.95187575
1.0 0.9993242
1.0 0.9993286
1.0 0.988892
1.0 0.48775116
1.0 0.99930847
1.0 0.9985292
1.0 0.99925905
1.0 0.98662764
1.0 0.999127
1.0 0.954651
0.0 0.25475073
1.0 0.9967512
1.0 0.9987607
1.0 0.9933795
0.0 0.25475073
0.0 0.23774387
1.0 0.99925584
1.0 0.9993594
1.0 0.50005955
1.0 0.9858655
0.0 0.2636688
1.0 0.99661875
1.0 0.99930334
1.0 0.99365884
1.0 0.9934511
1.0 0.99917126
1.0 0.47913092
1.0 0.99819946
1.0 0.99849534
1.0 0.9819104
1.0 0.9993426
1.0 0.98806816
0.0 0.23289697
1.0 0.94544953
1.0 0.99954444
0.0 0.26871598
1.0 0.99849534
1.0 0.9993594
1.0 0.9985153
1.0 0.99931526
1.0 0.94555503
1.0 0.99828774
1.0 0.9858655
1.0 0.9971629
1.0 0.95187575
0.0 0.26064208
1.0 0.95931816
1.0 0.9993253
1.0 0.9993426
1.0 0.9993143
1.0 0.9983663
1.0 0.99924916
1.0 0.99706715
1.0 0.99935395
1.0 0.994449
0.0 0.23289697
1.0 0.99952745
1.0 0.99661875
1.0 0.988892
1.0 0.99952745
1.0 0.9993594
1.0 0.98765135
1.0 0.9993594
1.0 0.988892
1.0 0.9985292
1.0 0.9986744
1.0 0.9993242
1.0 0.99913186
1.0 0.9848074
1.0 0.99931324
1.0 0.51670283
1.0 0.9819104
1.0 0.9986744
1.0 0.95869225
1.0 0.99933213
1.0 0.99372864
1.0 0.99930334
1.0 0.998287
1.0 0.99857926
0.0 0.26064208
1.0 0.9990631
1.0 0.9973605
1.0 0.47677776
1.0 0.99872524
1.0 0.99925584
1.0 0.99951804
1.0 0.98806816
1.0 0.9991743
1.0 0.99661875
0.0 0.23774387
1.0 0.99917126
1.0 0.9993253
1.0 0.95187575
1.0 0.9857335
1.0 0.99372864
1.0 0.9982503
1.0 0.50005955
1.0 0.9991621
1.0 0.99913186
1.0 0.9991743
1.0 0.9934511
1.0 0.99878436
1.0 0.9994041
1.0 0.51670283
1.0 0.47913092
1.0 0.99953246
1.0 0.95187575
1.0 0.9933795
1.0 0.99932694
1.0 0.99661875
1.0 0.9967512
1.0 0.99917126
1.0 0.99925905
1.0 0.987823
1.0 0.48401085
1.0 0.99925905
1.0 0.98765135
1.0 0.988892
1.0 0.99464875
1.0 0.9860092
1.0 0.95869225
1.0 0.99924916
0.0 0.25475073
1.0 0.9971629
1.0 0.9991037
1.0 0.9993286
1.0 0.99924916
1.0 0.9858655
1.0 0.9992229
1.0 0.99952745
1.0 0.9985292
1.0 0.99857235
1.0 0.9857335
1.0 0.9991037
1.0 0.9860092
1.0 0.9993581
1.0 0.9934255
1.0 0.99929667
1.0 0.9882908
1.0 0.9934784
0.0 0.25475073
1.0 0.99934775
1.0 0.99935395
1.0 0.98765135
1.0 0.9980673
1.0 0.99951804
1.0 0.99825424
1.0 0.99954444
1.0 0.99917126
1.0 0.47677776
1.0 0.47928044
0.0 0.25475073
1.0 0.99682474
1.0 0.99835926
1.0 0.99653
1.0 0.99828774
1.0 0.9993581
1.0 0.9991037
1.0 0.99921346
1.0 0.98765135
1.0 0.99653
1.0 0.99935395
1.0 0.9982711
1.0 0.98662764
0.0 0.26871598
1.0 0.9934511
1.0 0.5019121
1.0 0.99878436
1.0 0.5025055
1.0 0.9988066
1.0 0.9991574
1.0 0.9934255
1.0 0.9860092
1.0 0.9846726
1.0 0.99835926
1.0 0.9995148
1.0 0.99840075
1.0 0.99857926
1.0 0.99932694
1.0 0.9993594
1.0 0.99951804
1.0 0.99936134
1.0 0.99953246
1.0 0.9968119
1.0 0.99932694
1.0 0.9992362
1.0 0.99925584
1.0 0.47928044
1.0 0.9985292
1.0 0.9962612
1.0 0.9970989
1.0 0.99913186
1.0 0.99835926
1.0 0.99935395
1.0 0.9993443
1.0 0.95187575
1.0 0.47677776
1.0 0.99934775
1.0 0.99835926
1.0 0.9973605
1.0 0.994449
1.0 0.9857335
1.0 0.99840075
1.0 0.99930847
1.0 0.9846726
1.0 0.48775116
1.0 0.9986744
1.0 0.9967512
1.0 0.99929667
1.0 0.99949336
1.0 0.95931816
1.0 0.99857235
1.0 0.9993594
1.0 0.47913092
1.0 0.99372864
1.0 0.99935395
1.0 0.47928044
0.0 0.26064208
1.0 0.99857926
1.0 0.9857335
1.0 0.98225707
1.0 0.99931324
1.0 0.9992229
1.0 0.98956865
1.0 0.99878436
1.0 0.9993581
1.0 0.9980673
1.0 0.9988066
1.0 0.99828774
1.0 0.99925905
1.0 0.99661875
1.0 0.98612076
1.0 0.9992229
1.0 0.48401085
1.0 0.5358976
1.0 0.998287
1.0 0.99931324
1.0 0.99872524
1.0 0.50005955
1.0 0.98487365
1.0 0.99872524
1.0 0.99849534
1.0 0.99951875
1.0 0.9985153
1.0 0.47677776
1.0 0.9991037
1.0 0.9962612
1.0 0.99835926
1.0 0.9831671
1.0 0.9857335
1.0 0.99828774
1.0 0.9990631
0.0 0.2590598
1.0 0.51670283
1.0 0.9967512
1.0 0.99953246
1.0 0.99464875
1.0 0.9982711
1.0 0.99929667
1.0 0.9991037
1.0 0.9983663
1.0 0.9992229
1.0 0.9987607
1.0 0.9846726
1.0 0.99924916
1.0 0.99932694
1.0 0.9988066
1.0 0.9933795
1.0 0.99925584
0.0 0.2636688
1.0 0.99953246
1.0 0.9529177
1.0 0.9973605
1.0 0.994449
1.0 0.99850273
1.0 0.95869225
1.0 0.5358976
1.0 0.9934511
1.0 0.9933795
1.0 0.99845314
1.0 0.9857335
1.0 0.9934784
1.0 0.5358976
1.0 0.47913092
1.0 0.9570925
1.0 0.9993444
1.0 0.9991037
1.0 0.95187575
1.0 0.99828774
1.0 0.99302894
1.0 0.954651
1.0 0.99706715
1.0 0.99929667
1.0 0.5358976
1.0 0.99952745
1.0 0.9933795
1.0 0.48775116
1.0 0.98401606
1.0 0.9995148
1.0 0.9993316
1.0 0.9570925
1.0 0.99921346
1.0 0.99661875
1.0 0.99845314
1.0 0.9985153
1.0 0.99930847
1.0 0.9819104
1.0 0.99933213
1.0 0.9982711
0.0 0.23774387
1.0 0.9982503
1.0 0.99936134
1.0 0.998287
