true vs pred:
1.0 0.99900645
1.0 0.995008
1.0 0.9955252
1.0 0.99360585
1.0 0.9988003
1.0 0.7745372
1.0 0.97727215
1.0 0.9979401
1.0 0.99916494
1.0 0.9992495
1.0 0.9992495
1.0 0.99937433
1.0 0.97884345
1.0 0.77205384
1.0 0.49712932
1.0 0.9973139
1.0 0.97996867
1.0 0.99697065
1.0 0.99499243
1.0 0.99204344
1.0 0.77205384
1.0 0.99914813
1.0 0.99937683
1.0 0.9823747
1.0 0.9979401
1.0 0.9988682
1.0 0.99897987
1.0 0.999278
1.0 0.97884345
1.0 0.9973139
1.0 0.999278
1.0 0.9777543
1.0 0.9971228
1.0 0.9993228
1.0 0.99887747
1.0 0.9979401
1.0 0.5271169
1.0 0.9989876
1.0 0.9992729
1.0 0.99921215
1.0 0.99479526
1.0 0.9991768
1.0 0.998847
1.0 0.9953695
1.0 0.998021
1.0 0.9988662
1.0 0.9992404
1.0 0.99914813
1.0 0.99899715
1.0 0.9935364
1.0 0.99873644
1.0 0.7745372
1.0 0.99919087
1.0 0.99930394
1.0 0.99937683
1.0 0.99919087
1.0 0.99918026
1.0 0.99230134
1.0 0.99493897
1.0 0.99937683
1.0 0.998021
1.0 0.9767833
1.0 0.97884345
1.0 0.99912983
1.0 0.75711465
1.0 0.99927145
1.0 0.9988223
1.0 0.9988003
1.0 0.99230134
1.0 0.99891937
1.0 0.9823747
1.0 0.9992545
1.0 0.99926525
1.0 0.9993948
1.0 0.99899715
1.0 0.99937683
1.0 0.99924684
1.0 0.99891937
1.0 0.99921536
1.0 0.99915075
1.0 0.9992632
1.0 0.99918026
1.0 0.9992299
1.0 0.99891937
1.0 0.996816
1.0 0.99830127
1.0 0.99814963
1.0 0.9981021
1.0 0.51880836
1.0 0.9992323
1.0 0.9989961
1.0 0.9993692
1.0 0.77870536
1.0 0.9991622
1.0 0.9989876
1.0 0.99499243
1.0 0.9920523
1.0 0.99927884
1.0 0.9988223
1.0 0.9988223
1.0 0.81051546
1.0 0.9955252
1.0 0.99921215
1.0 0.998847
1.0 0.51880836
1.0 0.99937433
1.0 0.99873644
1.0 0.97727215
1.0 0.99924797
1.0 0.9767833
1.0 0.99698824
1.0 0.99921536
1.0 0.9988662
1.0 0.9988193
1.0 0.995008
1.0 0.9989054
1.0 0.99499243
1.0 0.99360585
1.0 0.999253
1.0 0.9777543
1.0 0.9993832
1.0 0.9988966
1.0 0.9953695
1.0 0.9992632
1.0 0.9991622
1.0 0.77205384
1.0 0.9988526
1.0 0.9943375
1.0 0.9942468
1.0 0.99896646
1.0 0.81051546
1.0 0.9993819
1.0 0.9991768
1.0 0.81051546
1.0 0.998847
1.0 0.99479526
1.0 0.999278
1.0 0.9942468
1.0 0.99881697
1.0 0.81051546
1.0 0.99928147
1.0 0.9981021
1.0 0.99914813
1.0 0.99882036
1.0 0.99814963
1.0 0.9992632
1.0 0.7832432
1.0 0.99320084
1.0 0.4653234
1.0 0.9983759
1.0 0.77870536
1.0 0.9991768
1.0 0.995008
1.0 0.99937683
1.0 0.97727215
1.0 0.99825233
1.0 0.9988003
1.0 0.99882036
1.0 0.97727215
1.0 0.54597026
1.0 0.9969939
1.0 0.9798646
1.0 0.9988739
1.0 0.9777543
1.0 0.9992974
1.0 0.5271169
1.0 0.9992299
1.0 0.9988662
1.0 0.99882036
1.0 0.9942468
1.0 0.9992729
1.0 0.77205384
1.0 0.9988966
1.0 0.99927884
1.0 0.99927384
1.0 0.9943375
1.0 0.99320084
1.0 0.9935364
1.0 0.99927384
1.0 0.9971228
1.0 0.9989054
1.0 0.9953695
1.0 0.9950788
1.0 0.99921536
1.0 0.54597026
1.0 0.9988071
1.0 0.9927443
1.0 0.9991755
1.0 0.97884345
1.0 0.9992495
1.0 0.99927884
1.0 0.9953695
1.0 0.76100665
1.0 0.99926966
1.0 0.99887747
1.0 0.9992404
1.0 0.99479526
1.0 0.9991622
1.0 0.97996867
1.0 0.51880836
1.0 0.9981021
1.0 0.99899715
1.0 0.99698824
1.0 0.51880836
1.0 0.49682313
1.0 0.99924207
1.0 0.99927384
1.0 0.7832432
1.0 0.9935364
1.0 0.5271169
1.0 0.9980818
1.0 0.99926656
1.0 0.9970812
1.0 0.99697065
1.0 0.99918026
1.0 0.75711465
1.0 0.9987363
1.0 0.9988613
1.0 0.9920523
1.0 0.9992906
1.0 0.9950788
1.0 0.49298158
1.0 0.9767833
1.0 0.9993948
1.0 0.5581142
1.0 0.9988613
1.0 0.99927384
1.0 0.9988739
1.0 0.99927145
1.0 0.97727215
1.0 0.99881697
1.0 0.9935364
1.0 0.99830127
1.0 0.97884345
1.0 0.50820446
1.0 0.9823747
1.0 0.999253
1.0 0.9992906
1.0 0.99924797
1.0 0.998847
1.0 0.9992299
1.0 0.9982576
1.0 0.9992717
1.0 0.9973139
1.0 0.49298158
1.0 0.9993819
1.0 0.9980818
1.0 0.9953695
1.0 0.9993819
1.0 0.99927384
1.0 0.99490416
1.0 0.99927384
1.0 0.9953695
1.0 0.99887747
1.0 0.99896014
1.0 0.9992495
1.0 0.99916494
1.0 0.99310887
1.0 0.9992729
1.0 0.81051546
1.0 0.9920523
1.0 0.99896014
1.0 0.9822579
1.0 0.99924684
1.0 0.9971228
1.0 0.99926656
1.0 0.9988055
1.0 0.9988966
1.0 0.50820446
1.0 0.99912983
1.0 0.9983759
1.0 0.77870536
1.0 0.99897987
1.0 0.99924207
1.0 0.99937683
1.0 0.9950788
1.0 0.99919087
1.0 0.9980818
1.0 0.49682313
1.0 0.99918026
1.0 0.999253
1.0 0.97884345
1.0 0.9943375
1.0 0.9971228
1.0 0.9988003
1.0 0.7832432
1.0 0.9991768
1.0 0.99916494
1.0 0.99919087
1.0 0.99697065
1.0 0.99900645
1.0 0.9993228
1.0 0.81051546
1.0 0.75711465
1.0 0.9993832
1.0 0.97884345
1.0 0.99698824
1.0 0.999278
1.0 0.9980818
1.0 0.9981021
1.0 0.99918026
1.0 0.9992404
1.0 0.995008
1.0 0.77205384
1.0 0.9992404
1.0 0.99490416
1.0 0.9953695
1.0 0.9973865
1.0 0.99360585
1.0 0.9822579
1.0 0.9992299
1.0 0.51880836
1.0 0.99830127
1.0 0.99915075
1.0 0.99927884
1.0 0.9992299
1.0 0.9935364
1.0 0.99921536
1.0 0.9993819
1.0 0.99887747
1.0 0.9989054
1.0 0.9943375
1.0 0.99915075
1.0 0.99360585
1.0 0.9992994
1.0 0.9968485
1.0 0.9992545
1.0 0.99493897
1.0 0.9969939
1.0 0.51880836
1.0 0.99926466
1.0 0.9992717
1.0 0.99490416
1.0 0.99873644
1.0 0.99937683
1.0 0.99882036
1.0 0.9993948
1.0 0.99918026
1.0 0.77870536
1.0 0.7745372
1.0 0.51880836
1.0 0.99814963
1.0 0.9988071
1.0 0.998021
1.0 0.99881697
1.0 0.9992994
1.0 0.99915075
1.0 0.99921215
1.0 0.99490416
1.0 0.998021
1.0 0.9992717
1.0 0.9988223
1.0 0.99479526
1.0 0.5581142
1.0 0.99697065
1.0 0.7808586
1.0 0.99900645
1.0 0.7918902
1.0 0.99902105
1.0 0.9991755
1.0 0.9968485
1.0 0.99360585
1.0 0.9927443
1.0 0.9988071
1.0 0.9993692
1.0 0.9988662
1.0 0.9988966
1.0 0.999278
1.0 0.99927384
1.0 0.99937683
1.0 0.99930394
1.0 0.9993832
1.0 0.9981762
1.0 0.999278
1.0 0.9992323
1.0 0.99924207
1.0 0.7745372
1.0 0.99887747
1.0 0.9979401
1.0 0.99825233
1.0 0.99916494
1.0 0.9988071
1.0 0.9992717
1.0 0.99926525
1.0 0.97884345
1.0 0.77870536
1.0 0.99926466
1.0 0.9988071
1.0 0.9983759
1.0 0.9973139
1.0 0.9943375
1.0 0.9988662
1.0 0.99926966
1.0 0.9927443
1.0 0.76100665
1.0 0.99896014
1.0 0.9981021
1.0 0.9992545
1.0 0.9993561
1.0 0.9823747
1.0 0.9989054
1.0 0.99927384
1.0 0.75711465
1.0 0.9971228
1.0 0.9992717
1.0 0.7745372
1.0 0.50820446
1.0 0.9988966
1.0 0.9943375
1.0 0.9918726
1.0 0.9992729
1.0 0.99921536
1.0 0.9955252
1.0 0.99900645
1.0 0.9992994
1.0 0.99873644
1.0 0.99902105
1.0 0.99881697
1.0 0.9992404
1.0 0.9980818
1.0 0.9942468
1.0 0.99921536
1.0 0.77205384
1.0 0.81502223
1.0 0.9988055
1.0 0.9992729
1.0 0.99897987
1.0 0.7832432
1.0 0.99320084
1.0 0.99897987
1.0 0.9988613
1.0 0.99937433
1.0 0.9988739
1.0 0.77870536
1.0 0.99915075
1.0 0.9979401
1.0 0.9988071
1.0 0.99204344
1.0 0.9943375
1.0 0.99881697
1.0 0.99912983
1.0 0.49712932
1.0 0.81051546
1.0 0.9981021
1.0 0.9993832
1.0 0.9973865
1.0 0.9988223
1.0 0.9992545
1.0 0.99915075
1.0 0.998847
1.0 0.99921536
1.0 0.99899715
1.0 0.9927443
1.0 0.9992299
1.0 0.999278
1.0 0.99902105
1.0 0.99698824
1.0 0.99924207
1.0 0.5271169
1.0 0.9993832
1.0 0.9798646
1.0 0.9983759
1.0 0.9973139
1.0 0.9988682
1.0 0.9822579
1.0 0.81502223
1.0 0.99697065
1.0 0.99698824
1.0 0.99884534
1.0 0.9943375
1.0 0.9969939
1.0 0.81502223
1.0 0.75711465
1.0 0.9792885
1.0 0.9992632
1.0 0.99915075
1.0 0.97884345
1.0 0.99881697
1.0 0.99677026
1.0 0.97996867
1.0 0.9982576
1.0 0.9992545
1.0 0.81502223
1.0 0.9993819
1.0 0.99698824
1.0 0.76100665
1.0 0.99230134
1.0 0.9993692
1.0 0.99928147
1.0 0.9792885
1.0 0.99921215
1.0 0.9980818
1.0 0.99884534
1.0 0.9988739
1.0 0.99926966
1.0 0.9920523
1.0 0.99924684
1.0 0.9988223
1.0 0.49682313
1.0 0.9988003
1.0 0.99930394
1.0 0.9988055
1.0 0.99698824
1.0 0.99204344
1.0 0.99884534
1.0 0.9822579
1.0 0.51880836
1.0 0.9992994
1.0 0.99928147
1.0 0.54251933
1.0 0.9992729
1.0 0.99912983
1.0 0.99927384
1.0 0.9979401
1.0 0.54597026
1.0 0.99921215
1.0 0.99918026
1.0 0.9980818
1.0 0.49712932
1.0 0.99919087
