true vs pred:
0.0 0.3535323
1.0 0.99356854
1.0 0.9899204
1.0 0.9928605
0.0 0.38497874
0.0 0.17460018
1.0 0.9889099
0.0 0.17157358
1.0 0.925406
0.0 0.5549275
1.0 0.9102194
1.0 0.84227824
0.0 0.7257125
1.0 0.9551806
1.0 0.9946554
1.0 0.97575116
1.0 0.94843876
1.0 0.83666563
1.0 0.94665223
1.0 0.9931283
0.0 0.17837836
0.0 0.17497975
1.0 0.9129184
1.0 0.9888905
1.0 0.9931283
1.0 0.99233717
1.0 0.90961355
1.0 0.85163933
1.0 0.98804164
0.0 0.17109406
1.0 0.9616743
0.0 0.4092575
1.0 0.9880144
1.0 0.8488208
1.0 0.9952376
1.0 0.9667917
1.0 0.9016439
0.0 0.7633006
1.0 0.84200454
1.0 0.96390903
0.0 0.5848024
1.0 0.85163933
1.0 0.98804164
1.0 0.94392866
1.0 0.9891332
1.0 0.9016439
0.0 0.3776858
1.0 0.93650305
1.0 0.9502373
0.0 0.15834583
1.0 0.9954255
1.0 0.97967106
0.0 0.17046721
1.0 0.99129313
1.0 0.94843876
0.0 0.69920516
0.0 0.7633006
1.0 0.99343276
1.0 0.99343276
1.0 0.9889099
1.0 0.97674745
1.0 0.9894688
0.0 0.17157358
1.0 0.97967106
1.0 0.9873607
0.0 0.5848024
0.0 0.3799847
1.0 0.9877115
0.0 0.18216129
1.0 0.83666563
1.0 0.99129313
1.0 0.9502373
1.0 0.99245584
1.0 0.9045883
1.0 0.9753137
1.0 0.85163933
0.0 0.74037707
0.0 0.3799847
0.0 0.75297093
1.0 0.9667917
1.0 0.99023986
1.0 0.9950262
1.0 0.83566964
1.0 0.8335375
1.0 0.9016439
1.0 0.9949315
1.0 0.9928605
1.0 0.85163933
1.0 0.9954255
1.0 0.94599897
1.0 0.9921687
0.0 0.5344457
0.0 0.17282194
1.0 0.99356854
1.0 0.96159846
1.0 0.9102194
1.0 0.9873607
1.0 0.85163933
0.0 0.7257125
1.0 0.8614506
1.0 0.9929923
1.0 0.96978015
1.0 0.9934435
1.0 0.9954255
1.0 0.9934435
1.0 0.97575116
0.0 0.3799847
0.0 0.17297699
1.0 0.9946629
1.0 0.9750577
1.0 0.99145085
1.0 0.99288356
0.0 0.55518115
1.0 0.9899204
1.0 0.9946629
1.0 0.9880144
1.0 0.9875107
0.0 0.16446123
1.0 0.84200454
0.0 0.74037707
0.0 0.5848024
1.0 0.9873607
1.0 0.9905461
1.0 0.9900255
1.0 0.9880144
1.0 0.94598806
1.0 0.98570216
0.0 0.7633006
0.0 0.4182732
0.0 0.5848024
0.0 0.7257125
1.0 0.84227824
0.0 0.17046721
1.0 0.8335375
1.0 0.99356854
1.0 0.903165
1.0 0.97785085
0.0 0.16215862
0.0 0.75297093
1.0 0.98804164
1.0 0.99325776
0.0 0.17297699
0.0 0.75167596
1.0 0.83566964
1.0 0.90961355
1.0 0.9685269
1.0 0.84200454
1.0 0.96390903
1.0 0.9114255
1.0 0.94392866
0.0 0.71533024
0.0 0.17046721
0.0 0.71533024
1.0 0.9900255
1.0 0.9921687
0.0 0.19977686
1.0 0.8488208
1.0 0.84227824
1.0 0.9954255
1.0 0.9929923
0.0 0.17837836
1.0 0.99325776
1.0 0.99325776
1.0 0.9932306
1.0 0.9875107
1.0 0.9654006
1.0 0.9950262
1.0 0.99331445
0.0 0.56268215
0.0 0.17109406
1.0 0.9934435
0.0 0.5595997
1.0 0.9873607
1.0 0.8343035
1.0 0.84200454
1.0 0.9949315
1.0 0.97967106
0.0 0.5848024
0.0 0.7337606
1.0 0.9423271
0.0 0.5629342
1.0 0.93650305
1.0 0.94665223
1.0 0.9931283
1.0 0.98756766
0.0 0.3776858
0.0 0.3557778
0.0 0.5481451
1.0 0.9899204
0.0 0.17109406
1.0 0.9616743
1.0 0.97967106
0.0 0.3776858
1.0 0.9934435
0.0 0.5629342
0.0 0.5595997
1.0 0.9502373
1.0 0.9423271
0.0 0.16215862
0.0 0.17297699
0.0 0.18086053
1.0 0.98570216
1.0 0.9955278
1.0 0.98513424
1.0 0.97785085
1.0 0.9946629
1.0 0.89456797
1.0 0.97575116
1.0 0.9931283
1.0 0.99023986
0.0 0.5595997
0.0 0.40359682
1.0 0.9888905
1.0 0.9641151
1.0 0.9891332
1.0 0.97520304
1.0 0.97674745
1.0 0.97485274
1.0 0.9732762
1.0 0.9732762
1.0 0.9641151
0.0 0.74692243
1.0 0.99545974
1.0 0.99023986
0.0 0.15834583
1.0 0.9894688
1.0 0.94843876
1.0 0.99129313
0.0 0.7257125
0.0 0.18086053
0.0 0.4092575
1.0 0.94598806
1.0 0.9461711
1.0 0.9124747
1.0 0.9875107
1.0 0.9750577
0.0 0.7337606
1.0 0.9880144
1.0 0.99331445
0.0 0.5549275
1.0 0.99245584
0.0 0.18086053
1.0 0.94843876
1.0 0.9946554
1.0 0.97785085
1.0 0.9877115
0.0 0.3799847
1.0 0.9461711
0.0 0.5344457
1.0 0.94598806
1.0 0.9921687
1.0 0.99284935
1.0 0.9877115
1.0 0.96390903
0.0 0.5544749
1.0 0.8391291
0.0 0.39821047
1.0 0.93650305
1.0 0.9928605
1.0 0.9750577
1.0 0.9873607
0.0 0.16615352
1.0 0.99233717
0.0 0.5344457
0.0 0.7337606
1.0 0.9750577
1.0 0.94598806
1.0 0.9934036
1.0 0.97575116
0.0 0.75297093
1.0 0.96390903
1.0 0.9654006
1.0 0.9502373
1.0 0.94843876
0.0 0.75297093
1.0 0.9891332
0.0 0.55518115
1.0 0.9873607
1.0 0.98513424
0.0 0.17497975
1.0 0.99356854
1.0 0.99288356
1.0 0.9894688
1.0 0.9921687
0.0 0.3799847
1.0 0.9891332
0.0 0.40359682
1.0 0.9921687
1.0 0.9926359
1.0 0.9667917
1.0 0.9928605
1.0 0.8391291
1.0 0.99284935
1.0 0.94598806
1.0 0.98810077
0.0 0.5629342
0.0 0.5549275
1.0 0.99545974
1.0 0.9667917
0.0 0.17157358
1.0 0.84200454
1.0 0.9551806
1.0 0.96978015
1.0 0.9926359
1.0 0.90961355
0.0 0.7337606
1.0 0.83666563
1.0 0.903165
1.0 0.83566964
1.0 0.9461711
1.0 0.97575116
1.0 0.9461711
1.0 0.9955278
0.0 0.56268215
1.0 0.94843876
0.0 0.5344457
0.0 0.16446123
0.0 0.17837836
1.0 0.9891332
0.0 0.17297699
1.0 0.97643346
0.0 0.17282194
1.0 0.94599897
1.0 0.94392866
0.0 0.4092575
1.0 0.85163933
1.0 0.94598806
1.0 0.96640724
1.0 0.9952376
1.0 0.9461711
1.0 0.9750577
0.0 0.4182732
0.0 0.6955704
1.0 0.84200454
0.0 0.3557778
1.0 0.8488208
0.0 0.75297093
1.0 0.98756766
1.0 0.8343035
1.0 0.97674745
1.0 0.96978015
1.0 0.9928605
0.0 0.7633006
0.0 0.16615352
1.0 0.9685269
1.0 0.96534073
1.0 0.98756766
0.0 0.5481451
1.0 0.98570216
1.0 0.89456797
1.0 0.9954255
1.0 0.9900255
1.0 0.9955278
1.0 0.99331445
1.0 0.9949315
1.0 0.84200454
1.0 0.9946629
0.0 0.71533024
1.0 0.9932306
1.0 0.9891332
1.0 0.85163933
1.0 0.96534073
0.0 0.56268215
1.0 0.83566964
1.0 0.9873607
1.0 0.9873607
1.0 0.83566964
1.0 0.9685269
1.0 0.96534073
1.0 0.9921687
1.0 0.94392866
1.0 0.9732762
1.0 0.9905461
1.0 0.9921687
1.0 0.99245584
1.0 0.97785085
0.0 0.17297699
0.0 0.17460018
1.0 0.9928605
1.0 0.99245584
1.0 0.9685269
1.0 0.96978015
1.0 0.9931283
1.0 0.9921687
1.0 0.97575116
0.0 0.6955704
1.0 0.9950262
0.0 0.17046721
1.0 0.97575116
1.0 0.9891332
1.0 0.9124747
1.0 0.9894688
0.0 0.17497975
0.0 0.17460018
1.0 0.9955278
1.0 0.9880144
1.0 0.99331445
1.0 0.9114255
1.0 0.90961355
1.0 0.99023986
1.0 0.9667917
1.0 0.94598806
1.0 0.9877115
1.0 0.9753137
1.0 0.98810077
1.0 0.99233717
1.0 0.9423271
0.0 0.56268215
0.0 0.17460018
0.0 0.75297093
1.0 0.84227824
1.0 0.9016439
0.0 0.7337606
1.0 0.93650305
1.0 0.90961355
0.0 0.3776858
0.0 0.17837836
1.0 0.9934036
1.0 0.89456797
0.0 0.5629342
0.0 0.16654655
0.0 0.17837836
1.0 0.8488208
1.0 0.94599897
0.0 0.17837836
0.0 0.75167596
1.0 0.9905461
1.0 0.9949315
0.0 0.5344457
1.0 0.8488208
0.0 0.3535323
1.0 0.9955278
1.0 0.9949315
1.0 0.99288356
0.0 0.18216129
1.0 0.9750577
0.0 0.5595997
1.0 0.9461711
0.0 0.17109406
1.0 0.9949315
1.0 0.9952376
0.0 0.7337606
1.0 0.99356854
1.0 0.83666563
1.0 0.93650305
0.0 0.17109406
1.0 0.9732762
1.0 0.97643346
0.0 0.17046721
0.0 0.17157358
1.0 0.98513424
1.0 0.85163933
0.0 0.17297699
1.0 0.9461711
1.0 0.89456797
1.0 0.94392866
1.0 0.84227824
0.0 0.5549275
0.0 0.17282194
0.0 0.5595997
1.0 0.9114255
1.0 0.96534073
1.0 0.96534073
1.0 0.98570216
0.0 0.5848024
0.0 0.40359682
0.0 0.56268215
0.0 0.18086053
0.0 0.1621688
0.0 0.56268215
1.0 0.9932306
1.0 0.97674745
1.0 0.9423271
1.0 0.9928605
1.0 0.9685269
0.0 0.5848024
1.0 0.9888905
1.0 0.96978015
1.0 0.9934435
1.0 0.9894688
1.0 0.8335375
1.0 0.97485274
1.0 0.9936259
0.0 0.7337606
0.0 0.17109406
1.0 0.99233717
1.0 0.9124747
1.0 0.9899204
1.0 0.9955278
1.0 0.98912853
1.0 0.96640724
0.0 0.6955704
0.0 0.16615352
1.0 0.99145085
1.0 0.9931283
0.0 0.5544749
0.0 0.1621688
1.0 0.9045883
1.0 0.9931283
1.0 0.98570216
1.0 0.9750577
0.0 0.3557778
1.0 0.99545974
1.0 0.9502373
1.0 0.9946554
1.0 0.85163933
0.0 0.16215862
0.0 0.15968508
1.0 0.84200454
1.0 0.9732762
0.0 0.17837836
1.0 0.97575116
0.0 0.38497874
0.0 0.71533024
0.0 0.1523788
1.0 0.98810077
0.0 0.69920516
1.0 0.9929923
1.0 0.9931283
0.0 0.174255
