true vs pred:
1.0 0.9564059
1.0 0.97200656
1.0 0.9596052
1.0 0.9594228
1.0 0.9584067
1.0 0.96429485
1.0 0.4874471
1.0 0.92944115
1.0 0.96421444
1.0 0.9579887
1.0 0.96293586
1.0 0.46033433
1.0 0.96845925
1.0 0.9770099
1.0 0.9603031
1.0 0.8872288
1.0 0.46033433
1.0 0.49229902
1.0 0.9609948
1.0 0.9587355
1.0 0.87508565
1.0 0.9756271
1.0 0.9256355
1.0 0.9731305
1.0 0.8810733
1.0 0.9565617
1.0 0.4943373
1.0 0.9221325
1.0 0.9582108
1.0 0.9628575
1.0 0.95890254
1.0 0.92713773
1.0 0.9768397
1.0 0.9587355
1.0 0.87508565
1.0 0.9635288
1.0 0.87580067
1.0 0.9582108
1.0 0.9750277
1.0 0.9593863
1.0 0.9617475
1.0 0.9670313
1.0 0.5230462
1.0 0.92936844
1.0 0.9752554
1.0 0.87829465
1.0 0.96421444
1.0 0.9636821
1.0 0.9628575
1.0 0.48826525
1.0 0.48826525
1.0 0.89125615
1.0 0.9259543
1.0 0.88221467
1.0 0.9781251
1.0 0.92936844
1.0 0.89052325
1.0 0.9768397
1.0 0.97667307
1.0 0.8819303
1.0 0.96827894
1.0 0.9579887
1.0 0.87829465
1.0 0.9617475
1.0 0.5319058
1.0 0.9627934
1.0 0.9320227
1.0 0.9587355
1.0 0.9600309
1.0 0.97667307
1.0 0.96499115
1.0 0.9221325
1.0 0.88284826
1.0 0.47243336
1.0 0.9560855
1.0 0.9578058
1.0 0.9582108
1.0 0.48971298
1.0 0.5090392
1.0 0.9587355
1.0 0.5230462
1.0 0.9618132
1.0 0.5672534
1.0 0.97468805
1.0 0.97589535
1.0 0.5634538
1.0 0.93584085
1.0 0.9596052
1.0 0.89052325
1.0 0.9587355
1.0 0.9584067
1.0 0.9618741
1.0 0.5259594
1.0 0.930442
1.0 0.44764864
1.0 0.5230462
1.0 0.44764864
1.0 0.92944115
1.0 0.97667307
1.0 0.97088087
1.0 0.49213833
1.0 0.9194692
1.0 0.49417728
1.0 0.46002215
1.0 0.97613496
1.0 0.87875265
1.0 0.49213833
1.0 0.8810733
1.0 0.8978377
1.0 0.9721123
1.0 0.95890254
1.0 0.9600309
1.0 0.9768397
1.0 0.89052325
1.0 0.8969439
1.0 0.8911046
1.0 0.8810733
1.0 0.96128595
1.0 0.8745402
1.0 0.9628575
1.0 0.97596085
1.0 0.9768397
1.0 0.9584067
1.0 0.9594228
1.0 0.9752554
1.0 0.9578058
1.0 0.5634538
1.0 0.9612196
1.0 0.9360775
1.0 0.9717041
1.0 0.96499115
1.0 0.87508565
1.0 0.40574372
1.0 0.97088087
1.0 0.9671272
1.0 0.9560855
1.0 0.9609948
1.0 0.93011206
1.0 0.95890254
1.0 0.92713773
1.0 0.9572682
1.0 0.9635288
1.0 0.96149296
1.0 0.9752554
1.0 0.96149296
1.0 0.8911046
1.0 0.5672534
1.0 0.9768644
1.0 0.9565617
1.0 0.9594228
1.0 0.5230462
1.0 0.5259594
1.0 0.96845925
1.0 0.40574372
1.0 0.40574372
1.0 0.46808985
1.0 0.8978377
1.0 0.9301129
1.0 0.47243336
1.0 0.5632181
1.0 0.9773711
1.0 0.9756271
1.0 0.44764864
1.0 0.97508633
1.0 0.89052325
1.0 0.96198386
1.0 0.95890254
1.0 0.48971298
1.0 0.92936844
1.0 0.9768397
1.0 0.9635484
1.0 0.9555613
1.0 0.975684
1.0 0.9593863
1.0 0.96293586
1.0 0.46033433
1.0 0.8955913
1.0 0.9750277
1.0 0.9786092
1.0 0.977407
1.0 0.87875265
1.0 0.9756271
1.0 0.9256355
1.0 0.92936844
1.0 0.9750277
1.0 0.44764864
1.0 0.975684
1.0 0.97508633
1.0 0.9617475
1.0 0.9555613
1.0 0.9717041
1.0 0.97088087
1.0 0.96710837
1.0 0.8745402
1.0 0.46470755
1.0 0.8901468
1.0 0.9360775
1.0 0.49213833
1.0 0.95923436
1.0 0.92944115
1.0 0.46033433
1.0 0.88284826
1.0 0.97508633
1.0 0.97657484
1.0 0.8872288
1.0 0.9291746
1.0 0.87580067
1.0 0.9239202
1.0 0.9259543
1.0 0.93101305
1.0 0.9294836
1.0 0.9294836
1.0 0.9291746
1.0 0.96311253
1.0 0.5282994
1.0 0.88284826
1.0 0.9670313
1.0 0.88221467
1.0 0.96421444
1.0 0.87829465
1.0 0.9584067
1.0 0.96710837
1.0 0.9731305
1.0 0.96128595
1.0 0.9571229
1.0 0.96294445
1.0 0.8978377
1.0 0.9194692
1.0 0.9635484
1.0 0.8810733
1.0 0.5632181
1.0 0.97200656
1.0 0.5319058
1.0 0.96710837
1.0 0.96421444
1.0 0.4874471
1.0 0.9360775
1.0 0.8819303
1.0 0.97667307
1.0 0.9571229
1.0 0.97468805
1.0 0.96128595
1.0 0.5672534
1.0 0.44379136
1.0 0.8819303
1.0 0.92713773
1.0 0.9763356
1.0 0.95894825
1.0 0.973625
1.0 0.9593863
1.0 0.5090392
1.0 0.9194692
1.0 0.89052325
1.0 0.97167814
1.0 0.49229902
1.0 0.97468805
1.0 0.9635484
1.0 0.9194692
1.0 0.96128595
1.0 0.5010822
1.0 0.92944115
1.0 0.96499115
1.0 0.92713773
1.0 0.9301129
1.0 0.9617475
1.0 0.96421444
1.0 0.96499115
1.0 0.87580067
1.0 0.97613496
1.0 0.89052325
1.0 0.8901468
1.0 0.9770099
1.0 0.5634538
1.0 0.46002215
1.0 0.88221467
1.0 0.5672534
1.0 0.97667307
1.0 0.87580067
1.0 0.97657484
1.0 0.5672534
1.0 0.45675367
1.0 0.9221325
1.0 0.5090392
1.0 0.95894825
1.0 0.44379136
1.0 0.96128595
1.0 0.89880836
1.0 0.975684
1.0 0.97200656
1.0 0.5282994
1.0 0.9221325
1.0 0.9781251
1.0 0.95890254
1.0 0.96429485
1.0 0.930442
1.0 0.45675367
1.0 0.9609948
1.0 0.9635484
1.0 0.9579887
1.0 0.9612196
1.0 0.9560855
1.0 0.9571229
1.0 0.92944115
1.0 0.9571229
1.0 0.46470755
1.0 0.9773711
1.0 0.96421444
1.0 0.97468805
1.0 0.9721123
1.0 0.96845925
1.0 0.87580067
1.0 0.97088087
1.0 0.923232
1.0 0.97589535
1.0 0.9618132
1.0 0.9635288
1.0 0.9731305
1.0 0.9587355
1.0 0.96128595
1.0 0.92699236
1.0 0.4943373
1.0 0.9571229
1.0 0.9194692
1.0 0.97596085
1.0 0.9644699
1.0 0.95890254
1.0 0.9786092
1.0 0.9565617
1.0 0.96499115
1.0 0.8955913
1.0 0.96198386
1.0 0.9259543
1.0 0.930442
1.0 0.5090392
1.0 0.9628575
1.0 0.97167814
1.0 0.93011206
1.0 0.9326037
1.0 0.8955913
1.0 0.977407
1.0 0.8745402
1.0 0.95923436
1.0 0.5230462
1.0 0.8911046
1.0 0.46470755
1.0 0.5632181
1.0 0.48971298
1.0 0.95890254
1.0 0.49213833
1.0 0.96149296
1.0 0.46808985
1.0 0.87580067
1.0 0.9587355
1.0 0.9326037
1.0 0.9773711
1.0 0.9560855
1.0 0.89052325
1.0 0.89052325
1.0 0.9560855
1.0 0.93011206
1.0 0.9326037
1.0 0.5672534
1.0 0.9635288
1.0 0.9294836
1.0 0.8969439
1.0 0.5672534
1.0 0.5319058
1.0 0.9360775
1.0 0.97088087
1.0 0.97349566
1.0 0.5090392
1.0 0.5319058
1.0 0.93011206
1.0 0.930442
1.0 0.46033433
1.0 0.5672534
1.0 0.92944115
1.0 0.9644699
1.0 0.47243336
1.0 0.9752554
1.0 0.92944115
1.0 0.87580067
1.0 0.96294445
1.0 0.88221467
1.0 0.9770099
1.0 0.97349566
1.0 0.46470755
1.0 0.8810733
1.0 0.5632181
1.0 0.9572682
1.0 0.9609948
1.0 0.88284826
1.0 0.9221325
1.0 0.96128595
1.0 0.8819303
1.0 0.9320227
1.0 0.89880836
1.0 0.49229902
1.0 0.9555613
1.0 0.9773711
1.0 0.97349566
1.0 0.96499115
1.0 0.9594228
1.0 0.9582108
1.0 0.9635484
1.0 0.9593863
1.0 0.9609948
1.0 0.9750277
1.0 0.96845925
1.0 0.5010822
1.0 0.95923436
1.0 0.975684
1.0 0.97633684
1.0 0.96845925
1.0 0.9565617
1.0 0.9618132
1.0 0.96845925
1.0 0.9671272
1.0 0.8969439
1.0 0.48971298
1.0 0.97468805
1.0 0.9565617
1.0 0.9748505
1.0 0.46470755
1.0 0.48971298
1.0 0.46002215
1.0 0.96827894
1.0 0.9194692
1.0 0.97508633
1.0 0.9571229
1.0 0.9756271
1.0 0.48971298
1.0 0.4943373
1.0 0.9635484
1.0 0.5634538
1.0 0.9579887
1.0 0.9593863
1.0 0.9756271
1.0 0.9294836
1.0 0.923232
1.0 0.9752554
1.0 0.9781251
1.0 0.8901468
1.0 0.9587355
1.0 0.97088087
1.0 0.9571229
1.0 0.95923436
1.0 0.9635288
1.0 0.9594228
1.0 0.97200656
1.0 0.97589535
1.0 0.97508633
1.0 0.9572682
1.0 0.9326037
1.0 0.9326037
1.0 0.8745402
1.0 0.9768397
1.0 0.97657484
1.0 0.9773711
1.0 0.96710837
1.0 0.9686968
1.0 0.9773711
1.0 0.46808985
1.0 0.9259543
1.0 0.9555613
1.0 0.5090392
1.0 0.93011206
1.0 0.9768397
1.0 0.8872288
1.0 0.930442
1.0 0.44764864
1.0 0.88221467
1.0 0.9578058
1.0 0.93101305
1.0 0.50343657
1.0 0.9635484
1.0 0.9756271
1.0 0.49229902
1.0 0.96294445
1.0 0.87875265
1.0 0.46470755
1.0 0.8934164
1.0 0.92699236
1.0 0.9644699
1.0 0.97167814
1.0 0.49417728
1.0 0.46033433
1.0 0.9763356
1.0 0.9686968
1.0 0.9627934
1.0 0.46033433
1.0 0.8745402
1.0 0.9194692
1.0 0.9786092
1.0 0.5282994
1.0 0.9617475
1.0 0.4874471
1.0 0.9587355
1.0 0.9717041
1.0 0.97226363
1.0 0.95890254
1.0 0.9294836
1.0 0.96845925
1.0 0.92944115
1.0 0.97637594
1.0 0.96149296
1.0 0.97174495
1.0 0.89880836
1.0 0.9636821
1.0 0.5259594
1.0 0.46033433
1.0 0.97579986
1.0 0.5010822
1.0 0.8978377
1.0 0.97667307
1.0 0.9748505
1.0 0.92699236
1.0 0.44379136
1.0 0.9618132
1.0 0.9291746
