true vs pred:
1.0 0.992671
1.0 0.92808187
1.0 0.9940765
1.0 0.9924172
1.0 0.9804364
1.0 0.9958646
1.0 0.9956762
1.0 0.99758077
1.0 0.99561864
1.0 0.99123925
1.0 0.9955499
1.0 0.99620026
0.0 0.5671859
0.0 0.7531705
1.0 0.9939966
1.0 0.99728394
1.0 0.99620026
1.0 0.99775046
1.0 0.9939388
1.0 0.99189234
1.0 0.9978872
0.0 0.6800992
1.0 0.99741167
1.0 0.82300884
1.0 0.99794585
1.0 0.99055606
1.0 0.9959928
1.0 0.9974717
1.0 0.9931687
1.0 0.9842727
1.0 0.99186826
1.0 0.9976726
1.0 0.9465991
1.0 0.99189234
1.0 0.9978872
1.0 0.995871
1.0 0.9971064
1.0 0.9931687
1.0 0.8539455
1.0 0.9951509
1.0 0.9955456
0.0 0.5421982
1.0 0.9961597
1.0 0.9973693
0.0 0.6847362
1.0 0.9971572
1.0 0.99561864
1.0 0.9828357
1.0 0.9842727
1.0 0.99652594
1.0 0.99652594
1.0 0.9973253
1.0 0.9972711
1.0 0.9972178
0.0 0.76172996
1.0 0.9973693
1.0 0.9980573
1.0 0.9465991
1.0 0.8569739
1.0 0.9977399
0.0 0.56807595
1.0 0.99123925
1.0 0.9971572
1.0 0.9955456
1.0 0.9980963
1.0 0.99499655
1.0 0.9973507
1.0 0.99189234
1.0 0.9832365
1.0 0.8569739
1.0 0.98493224
1.0 0.9974717
1.0 0.99725014
1.0 0.9953265
1.0 0.99229103
1.0 0.9918886
1.0 0.9931687
1.0 0.9957838
1.0 0.9972052
1.0 0.99189234
1.0 0.9961597
1.0 0.99536324
1.0 0.9983015
1.0 0.9251644
0.0 0.70954084
1.0 0.9983241
1.0 0.9977708
1.0 0.9940765
1.0 0.9980573
1.0 0.99189234
1.0 0.9804364
1.0 0.9933884
1.0 0.99818295
1.0 0.99782014
1.0 0.9957818
1.0 0.9961597
1.0 0.9957818
1.0 0.99758077
1.0 0.8569739
0.0 0.5839099
1.0 0.9955882
1.0 0.99726355
1.0 0.9979031
1.0 0.9962457
1.0 0.94830376
1.0 0.9972071
1.0 0.9955882
1.0 0.99794585
1.0 0.9982509
0.0 0.62025714
1.0 0.99186826
1.0 0.9832365
1.0 0.9465991
1.0 0.9980573
1.0 0.9975055
1.0 0.9973641
1.0 0.99794585
1.0 0.99516714
1.0 0.9977653
1.0 0.9842727
1.0 0.84433776
1.0 0.9465991
1.0 0.9804364
1.0 0.9924172
0.0 0.6847362
1.0 0.9918886
1.0 0.9983241
1.0 0.9936559
1.0 0.99758315
0.0 0.6102
1.0 0.98493224
1.0 0.9978872
1.0 0.99504554
0.0 0.5839099
1.0 0.98720247
1.0 0.99229103
1.0 0.9939388
1.0 0.9976635
1.0 0.99186826
1.0 0.9976726
1.0 0.9925678
1.0 0.995871
1.0 0.98100144
0.0 0.6847362
1.0 0.98100144
1.0 0.9973641
1.0 0.9983015
0.0 0.7039715
1.0 0.99055606
1.0 0.9924172
1.0 0.9961597
1.0 0.99818295
0.0 0.5671859
1.0 0.99504554
1.0 0.99504554
1.0 0.99628854
1.0 0.9982509
1.0 0.99756974
1.0 0.9953265
1.0 0.998187
1.0 0.9493067
0.0 0.6800992
1.0 0.9957818
1.0 0.93358606
1.0 0.9980573
1.0 0.99250585
1.0 0.99186826
1.0 0.9957838
1.0 0.9973693
1.0 0.9465991
1.0 0.9845105
1.0 0.99464095
1.0 0.94021165
1.0 0.9951509
1.0 0.9955499
1.0 0.99620026
1.0 0.99802846
1.0 0.8539455
1.0 0.8883089
1.0 0.943294
1.0 0.9972071
0.0 0.6800992
1.0 0.99741167
1.0 0.9973693
1.0 0.8539455
1.0 0.9957818
1.0 0.94021165
1.0 0.93358606
1.0 0.9955456
1.0 0.99464095
0.0 0.6102
0.0 0.5839099
0.0 0.5167314
1.0 0.9977653
1.0 0.9953459
1.0 0.99794143
1.0 0.99758315
1.0 0.9955882
1.0 0.99395895
1.0 0.99758077
1.0 0.99620026
1.0 0.99725014
1.0 0.93358606
1.0 0.8737268
1.0 0.99728394
1.0 0.99780196
1.0 0.9971064
1.0 0.9972867
1.0 0.9972711
1.0 0.99751294
1.0 0.9973621
1.0 0.9973621
1.0 0.99780196
1.0 0.9838267
1.0 0.9959959
1.0 0.99725014
0.0 0.5421982
1.0 0.9972178
1.0 0.99561864
1.0 0.9971572
1.0 0.9804364
0.0 0.5167314
1.0 0.82300884
1.0 0.99516714
1.0 0.99499136
1.0 0.99398696
1.0 0.9982509
1.0 0.99726355
1.0 0.9845105
1.0 0.99794585
1.0 0.998187
1.0 0.92808187
1.0 0.9980963
0.0 0.5167314
1.0 0.99561864
1.0 0.9956762
1.0 0.99758315
1.0 0.9977399
1.0 0.8569739
1.0 0.99499136
1.0 0.9251644
1.0 0.99516714
1.0 0.9983015
1.0 0.9961726
1.0 0.9977399
1.0 0.9976726
1.0 0.94244653
1.0 0.9925465
1.0 0.8496576
1.0 0.9951509
1.0 0.9972052
1.0 0.99726355
1.0 0.9980573
0.0 0.62676734
1.0 0.99775046
1.0 0.9251644
1.0 0.9845105
1.0 0.99726355
1.0 0.99516714
1.0 0.9979261
1.0 0.99758077
1.0 0.98493224
1.0 0.9976726
1.0 0.99756974
1.0 0.9955456
1.0 0.99561864
1.0 0.98493224
1.0 0.9971064
1.0 0.94830376
1.0 0.9980573
1.0 0.99794143
0.0 0.7531705
1.0 0.9983241
1.0 0.9962457
1.0 0.9972178
1.0 0.9983015
1.0 0.8569739
1.0 0.9971064
1.0 0.8737268
1.0 0.9983015
1.0 0.9962016
1.0 0.9974717
1.0 0.9972052
1.0 0.9925465
1.0 0.9961726
1.0 0.99516714
1.0 0.99814343
1.0 0.94021165
1.0 0.92808187
1.0 0.9959959
1.0 0.9974717
0.0 0.76172996
1.0 0.99186826
1.0 0.9958646
1.0 0.99782014
1.0 0.9962016
1.0 0.9939388
1.0 0.9845105
1.0 0.99123925
1.0 0.9936559
1.0 0.99229103
1.0 0.99499136
1.0 0.99758077
1.0 0.99499136
1.0 0.9953459
1.0 0.9493067
1.0 0.99561864
1.0 0.9251644
0.0 0.62025714
0.0 0.5671859
1.0 0.9971064
0.0 0.5839099
1.0 0.99726284
0.0 0.70954084
1.0 0.99536324
1.0 0.995871
1.0 0.82300884
1.0 0.99189234
1.0 0.99516714
1.0 0.9975604
1.0 0.9959928
1.0 0.99499136
1.0 0.99726355
1.0 0.84433776
1.0 0.9853416
1.0 0.99186826
1.0 0.8883089
1.0 0.99055606
1.0 0.98493224
1.0 0.99802846
1.0 0.99250585
1.0 0.9972711
1.0 0.99782014
1.0 0.9972052
1.0 0.9842727
0.0 0.62676734
1.0 0.9976635
1.0 0.9977543
1.0 0.99802846
1.0 0.943294
1.0 0.9977653
1.0 0.99395895
1.0 0.9961597
1.0 0.9973641
1.0 0.9953459
1.0 0.998187
1.0 0.9957838
1.0 0.99186826
1.0 0.9955882
1.0 0.98100144
1.0 0.99628854
1.0 0.9971064
1.0 0.99189234
1.0 0.9977543
1.0 0.9493067
1.0 0.99229103
1.0 0.9980573
1.0 0.9980573
1.0 0.99229103
1.0 0.9976635
1.0 0.9977543
1.0 0.9983015
1.0 0.995871
1.0 0.9973621
1.0 0.9975055
1.0 0.9983015
1.0 0.9980963
1.0 0.99758315
0.0 0.5839099
0.0 0.6600829
1.0 0.9972052
1.0 0.9980963
1.0 0.9976635
1.0 0.99782014
1.0 0.99620026
1.0 0.9983015
1.0 0.99758077
1.0 0.9853416
1.0 0.9953265
0.0 0.6847362
1.0 0.99758077
1.0 0.9971064
1.0 0.99398696
1.0 0.9972178
0.0 0.7531705
0.0 0.6600829
1.0 0.9953459
1.0 0.99794585
1.0 0.998187
1.0 0.9925678
1.0 0.9939388
1.0 0.99725014
1.0 0.9974717
1.0 0.99516714
1.0 0.9977399
1.0 0.9973507
1.0 0.99814343
1.0 0.99775046
1.0 0.99464095
1.0 0.9493067
0.0 0.6600829
1.0 0.98493224
1.0 0.9924172
1.0 0.9931687
1.0 0.9845105
1.0 0.9951509
1.0 0.9939388
1.0 0.8539455
0.0 0.5671859
1.0 0.9979261
1.0 0.99395895
1.0 0.94021165
0.0 0.720788
0.0 0.5671859
1.0 0.99055606
1.0 0.99536324
0.0 0.5671859
1.0 0.98720247
1.0 0.9975055
1.0 0.9957838
1.0 0.9251644
1.0 0.99055606
1.0 0.836006
1.0 0.9953459
1.0 0.9957838
1.0 0.9962457
0.0 0.56807595
1.0 0.99726355
1.0 0.93358606
1.0 0.99499136
0.0 0.6800992
1.0 0.9957838
1.0 0.9959928
1.0 0.9845105
1.0 0.9983241
1.0 0.99123925
1.0 0.9951509
0.0 0.6800992
1.0 0.9973621
1.0 0.99726284
0.0 0.6847362
0.0 0.76172996
1.0 0.99794143
1.0 0.99189234
0.0 0.5839099
1.0 0.99499136
1.0 0.99395895
1.0 0.995871
1.0 0.9924172
1.0 0.92808187
0.0 0.70954084
1.0 0.93358606
1.0 0.9925678
1.0 0.9977543
1.0 0.9977543
1.0 0.9977653
1.0 0.9465991
1.0 0.8737268
1.0 0.9493067
0.0 0.5167314
0.0 0.54317534
1.0 0.9493067
1.0 0.99628854
1.0 0.9972711
1.0 0.99464095
1.0 0.9972052
1.0 0.9976635
1.0 0.9465991
1.0 0.99728394
1.0 0.99782014
1.0 0.9957818
1.0 0.9972178
1.0 0.9918886
1.0 0.99751294
1.0 0.9966599
1.0 0.9845105
0.0 0.6800992
1.0 0.99775046
1.0 0.99398696
1.0 0.9972071
1.0 0.9953459
1.0 0.99747
1.0 0.9975604
1.0 0.9853416
0.0 0.62676734
1.0 0.9979031
1.0 0.99620026
1.0 0.94244653
0.0 0.54317534
1.0 0.99499655
1.0 0.99620026
1.0 0.9977653
1.0 0.99726355
1.0 0.8883089
1.0 0.9959959
1.0 0.9955456
1.0 0.9956762
1.0 0.99189234
0.0 0.6102
0.0 0.64930815
1.0 0.99186826
1.0 0.9973621
0.0 0.5671859
1.0 0.99758077
1.0 0.8535631
1.0 0.98100144
0.0 0.613341
1.0 0.99814343
1.0 0.9828357
1.0 0.99818295
1.0 0.99620026
0.0 0.7217528
1.0 0.9979261
1.0 0.9982509
1.0 0.8569739
1.0 0.836006
1.0 0.9975604
1.0 0.9961726
1.0 0.99536324
1.0 0.99780196
