true vs pred:
1.0 0.99999297
1.0 0.9999932
1.0 0.9999695
1.0 0.9999931
1.0 0.99999297
1.0 0.9999931
1.0 0.99999034
1.0 0.99998116
1.0 0.9999807
1.0 0.9999918
1.0 0.9999918
1.0 0.99999225
1.0 0.99999297
1.0 0.9999919
1.0 0.9999908
1.0 0.9999925
1.0 0.9999931
1.0 0.99999285
1.0 0.99999034
1.0 0.9999924
1.0 0.99999285
1.0 0.99999297
1.0 0.9999709
1.0 0.9999908
1.0 0.9999927
1.0 0.99998844
1.0 0.99999297
1.0 0.9999931
1.0 0.9999807
1.0 0.99999297
1.0 0.99999046
1.0 0.99999034
1.0 0.9999924
1.0 0.9999765
1.0 0.9999925
1.0 0.9999924
1.0 0.9999919
1.0 0.99997437
1.0 0.9999924
1.0 0.99999285
1.0 0.9999919
1.0 0.99999285
1.0 0.9999913
1.0 0.9999888
1.0 0.9999931
1.0 0.9999808
1.0 0.9999931
1.0 0.9999709
1.0 0.9999931
1.0 0.99998856
1.0 0.9999927
1.0 0.99999297
1.0 0.9999931
1.0 0.99999046
1.0 0.99999225
1.0 0.9999888
1.0 0.99999297
1.0 0.99999166
1.0 0.9999931
1.0 0.9999715
1.0 0.9999924
1.0 0.9999912
1.0 0.9999924
1.0 0.9999924
1.0 0.9999919
1.0 0.9999882
1.0 0.99998987
1.0 0.9999914
1.0 0.9999896
1.0 0.999992
1.0 0.9999808
1.0 0.9999927
1.0 0.99999297
1.0 0.99999154
1.0 0.9999789
1.0 0.99999297
1.0 0.9999926
1.0 0.9999931
1.0 0.99999285
1.0 0.99998987
1.0 0.9999924
1.0 0.9999931
1.0 0.99999285
1.0 0.9999927
1.0 0.9999908
1.0 0.99999225
1.0 0.9999931
1.0 0.999992
1.0 0.9999932
1.0 0.99999285
1.0 0.99998903
1.0 0.9999789
1.0 0.9999924
1.0 0.99999297
1.0 0.9999765
1.0 0.9999893
1.0 0.9999932
1.0 0.9999924
1.0 0.99999166
1.0 0.9999918
1.0 0.99998116
1.0 0.99999225
1.0 0.9999685
1.0 0.9999765
1.0 0.9999919
1.0 0.9999912
1.0 0.999992
1.0 0.9999931
1.0 0.99999297
1.0 0.99999166
1.0 0.99999225
1.0 0.99999166
1.0 0.9999685
1.0 0.9999924
1.0 0.9999924
1.0 0.9999908
1.0 0.9999931
1.0 0.99999285
1.0 0.9999932
1.0 0.9999912
1.0 0.99999285
1.0 0.99998844
1.0 0.9999918
1.0 0.99999046
1.0 0.99997306
1.0 0.99998903
1.0 0.99999166
1.0 0.9999926
1.0 0.9999914
1.0 0.9999924
1.0 0.99998844
1.0 0.9999908
1.0 0.9999931
1.0 0.9999914
1.0 0.99998903
1.0 0.9999919
1.0 0.99999297
1.0 0.9999924
1.0 0.9999931
1.0 0.99998844
1.0 0.9999931
1.0 0.9999931
1.0 0.99999225
1.0 0.9999894
1.0 0.9999932
1.0 0.9999931
1.0 0.99999046
1.0 0.9999896
1.0 0.99997306
1.0 0.9999924
1.0 0.99998987
1.0 0.99999225
1.0 0.99999297
1.0 0.99999166
1.0 0.9999919
1.0 0.9999932
1.0 0.99999297
1.0 0.9999927
1.0 0.9999893
1.0 0.99999297
1.0 0.99999285
1.0 0.99999297
1.0 0.999992
1.0 0.9999927
1.0 0.9999924
1.0 0.99999297
1.0 0.99999285
1.0 0.99997234
1.0 0.9999932
1.0 0.99998903
1.0 0.9999931
1.0 0.99999297
1.0 0.9999672
1.0 0.9999765
1.0 0.99999166
1.0 0.9999795
1.0 0.99999297
1.0 0.9999927
1.0 0.9999889
1.0 0.99999285
1.0 0.9999927
1.0 0.99999297
1.0 0.99999154
1.0 0.9999882
1.0 0.9999908
1.0 0.9999931
1.0 0.99999297
1.0 0.99998987
1.0 0.9999901
1.0 0.99999285
1.0 0.9999931
1.0 0.9999931
1.0 0.99997926
1.0 0.9999927
1.0 0.99998844
1.0 0.9999931
1.0 0.9999931
1.0 0.9999931
1.0 0.9999931
1.0 0.99998736
1.0 0.9999672
1.0 0.9999908
1.0 0.9999931
1.0 0.9999927
1.0 0.99998903
1.0 0.99998116
1.0 0.9999925
1.0 0.99999297
1.0 0.99999297
1.0 0.9999913
1.0 0.99999225
1.0 0.9999924
1.0 0.9999889
1.0 0.99997926
1.0 0.9999931
1.0 0.99999297
1.0 0.9999919
1.0 0.99999213
1.0 0.99999297
1.0 0.99999285
1.0 0.9999908
1.0 0.9999918
1.0 0.9999931
1.0 0.9999927
1.0 0.9999924
1.0 0.99999285
1.0 0.9999908
1.0 0.9999927
1.0 0.999992
1.0 0.9999926
1.0 0.99999225
1.0 0.9999795
1.0 0.99999034
1.0 0.9999913
1.0 0.99999285
1.0 0.99999285
1.0 0.99999285
1.0 0.9999896
1.0 0.9999912
1.0 0.99998844
1.0 0.9999908
1.0 0.99998736
1.0 0.9999932
1.0 0.99999285
1.0 0.99999285
1.0 0.9999795
1.0 0.99999297
1.0 0.99998116
1.0 0.9999901
1.0 0.99999213
1.0 0.9999771
1.0 0.9999931
1.0 0.9999931
1.0 0.9999924
1.0 0.9999927
1.0 0.9999927
1.0 0.99999154
1.0 0.9999926
1.0 0.9999926
1.0 0.99998903
1.0 0.99999285
1.0 0.9999807
1.0 0.99999285
1.0 0.9999925
1.0 0.9999931
1.0 0.99999285
1.0 0.9999913
1.0 0.9999927
1.0 0.9999931
1.0 0.99998844
1.0 0.9999801
1.0 0.9999789
1.0 0.999992
1.0 0.99999166
1.0 0.9999914
1.0 0.99999297
1.0 0.99999225
1.0 0.9999918
1.0 0.9999927
1.0 0.9999932
1.0 0.9999896
1.0 0.99999285
1.0 0.99998903
1.0 0.99999225
1.0 0.99999225
1.0 0.9999893
1.0 0.99999225
1.0 0.9999924
1.0 0.9999927
1.0 0.9999931
1.0 0.99999285
1.0 0.9999932
1.0 0.99998975
1.0 0.9999913
1.0 0.9999926
1.0 0.9999893
1.0 0.9999931
1.0 0.9999908
1.0 0.99998903
1.0 0.9999924
1.0 0.9999932
1.0 0.9999888
1.0 0.9999931
1.0 0.99998856
1.0 0.99999285
1.0 0.9999919
1.0 0.9999918
1.0 0.9999919
1.0 0.99998903
1.0 0.9999925
1.0 0.9999926
1.0 0.9999709
1.0 0.9999927
1.0 0.9999715
1.0 0.99999285
1.0 0.99998903
1.0 0.99999285
1.0 0.9999901
1.0 0.99999285
1.0 0.99999285
1.0 0.9999924
1.0 0.9999914
1.0 0.9999932
1.0 0.99997306
1.0 0.9999919
1.0 0.99999225
1.0 0.9999894
1.0 0.9999801
1.0 0.99998796
1.0 0.99999297
1.0 0.9999908
1.0 0.9999908
1.0 0.9999919
1.0 0.99997234
1.0 0.9999926
1.0 0.9999931
1.0 0.9999672
1.0 0.99999225
1.0 0.99999285
1.0 0.99999297
1.0 0.99999285
1.0 0.9999925
1.0 0.9999888
1.0 0.9999882
1.0 0.99998903
1.0 0.99999297
1.0 0.99999285
1.0 0.9999893
1.0 0.99999297
1.0 0.99998796
1.0 0.9999789
1.0 0.99999297
1.0 0.9999908
1.0 0.99998856
1.0 0.9999931
1.0 0.9999889
1.0 0.9999728
1.0 0.99998796
1.0 0.99998856
1.0 0.9999931
1.0 0.99999213
1.0 0.99999285
1.0 0.99999285
1.0 0.9999728
1.0 0.99999046
1.0 0.99999285
1.0 0.9999924
1.0 0.99999297
1.0 0.99999297
1.0 0.9999927
1.0 0.9999919
1.0 0.999992
1.0 0.99999297
1.0 0.9999931
1.0 0.99999285
1.0 0.9999708
1.0 0.9999914
1.0 0.9999924
1.0 0.99999166
1.0 0.99999154
1.0 0.99999285
1.0 0.9999927
1.0 0.99999225
1.0 0.9999685
1.0 0.99998856
1.0 0.99998975
1.0 0.9999914
1.0 0.99999285
1.0 0.9999931
1.0 0.9999807
1.0 0.9999927
1.0 0.9999882
1.0 0.999992
1.0 0.9999908
1.0 0.99999297
1.0 0.9999672
1.0 0.99999285
1.0 0.99999297
1.0 0.9999908
1.0 0.9999918
1.0 0.99999285
1.0 0.9999918
1.0 0.9999932
1.0 0.99999285
1.0 0.99999154
1.0 0.9999893
1.0 0.99999034
1.0 0.9999931
1.0 0.9999927
1.0 0.99999034
1.0 0.99999166
1.0 0.99999285
1.0 0.9999901
1.0 0.9999924
1.0 0.9999808
1.0 0.9999685
1.0 0.99998903
1.0 0.9999913
1.0 0.9999913
1.0 0.9999925
1.0 0.9999931
1.0 0.9999931
1.0 0.99998116
1.0 0.99999297
1.0 0.9999918
1.0 0.99999285
1.0 0.99999154
1.0 0.99999285
1.0 0.99999297
1.0 0.9999931
1.0 0.9999708
1.0 0.9999931
1.0 0.9999927
1.0 0.9999919
1.0 0.9999932
1.0 0.9999925
1.0 0.9999927
1.0 0.9999931
1.0 0.99998903
1.0 0.9999924
1.0 0.9999931
1.0 0.9999708
1.0 0.99999154
1.0 0.99999297
1.0 0.9999896
1.0 0.9999927
1.0 0.9999924
1.0 0.99999225
1.0 0.9999918
1.0 0.9999715
1.0 0.9999931
1.0 0.99999285
1.0 0.9999926
1.0 0.9999931
1.0 0.9999888
1.0 0.99999297
1.0 0.9999931
1.0 0.99998903
1.0 0.9999931
1.0 0.99999225
1.0 0.99999297
1.0 0.99999285
1.0 0.9999919
1.0 0.9999925
1.0 0.99998903
1.0 0.9999927
1.0 0.99997306
1.0 0.99999297
1.0 0.99997926
1.0 0.99999297
1.0 0.99999297
1.0 0.9999896
1.0 0.99999297
1.0 0.9999882
1.0 0.99998856
1.0 0.99998116
1.0 0.9999926
1.0 0.9999931
1.0 0.99998903
1.0 0.9999924
1.0 0.99999285
1.0 0.9999931
1.0 0.9999708
1.0 0.99999046
1.0 0.9999728
1.0 0.9999888
1.0 0.99999297
1.0 0.99997234
1.0 0.9999889
1.0 0.9999808
1.0 0.99999285
1.0 0.9999931
1.0 0.999992
1.0 0.99998796
1.0 0.99999213
1.0 0.9999908
1.0 0.99998116
1.0 0.9999924
1.0 0.9999927
1.0 0.99998116
1.0 0.9999894
1.0 0.9999913
1.0 0.99997437
1.0 0.9999808
1.0 0.99999297
1.0 0.9999924
1.0 0.9999931
1.0 0.9999927
1.0 0.9999931
1.0 0.9999931
1.0 0.9999931
1.0 0.99999297
1.0 0.99998844
1.0 0.9999901
1.0 0.9999932
1.0 0.9999927
1.0 0.9999789
1.0 0.99999225
1.0 0.99999046
1.0 0.9999908
