true vs pred:
1.0 0.9999802
1.0 0.9999895
1.0 0.99997365
1.0 0.99998987
1.0 0.9999664
1.0 0.9999895
1.0 0.99998045
1.0 0.9999893
1.0 0.99998987
1.0 0.9999893
1.0 0.99998784
1.0 0.9999893
1.0 0.9999802
1.0 0.9999893
1.0 0.99998856
1.0 0.9999895
1.0 0.9999683
1.0 0.9999889
1.0 0.9999883
1.0 0.9999889
1.0 0.9999893
1.0 0.9999888
1.0 0.99998
1.0 0.9999869
1.0 0.9999887
1.0 0.9999869
1.0 0.9999887
1.0 0.99997365
1.0 0.99998915
1.0 0.9999896
1.0 0.9999887
1.0 0.99996924
1.0 0.9999893
1.0 0.9999889
1.0 0.9999895
1.0 0.99998915
1.0 0.9999869
1.0 0.9999889
1.0 0.9999894
1.0 0.99998915
1.0 0.99998903
1.0 0.99998796
1.0 0.9999893
1.0 0.9999895
1.0 0.9999887
1.0 0.9999896
1.0 0.99998915
1.0 0.9999815
1.0 0.99996924
1.0 0.9999893
1.0 0.9999893
1.0 0.9999689
1.0 0.99998665
1.0 0.99998975
1.0 0.99998903
1.0 0.9999882
1.0 0.9999887
1.0 0.99997425
1.0 0.9999893
1.0 0.999964
1.0 0.9999689
1.0 0.99998856
1.0 0.9999883
1.0 0.99998903
1.0 0.9999895
1.0 0.9999894
1.0 0.9999883
1.0 0.9999888
1.0 0.9999882
1.0 0.999964
1.0 0.9999889
1.0 0.99998903
1.0 0.9999882
1.0 0.99998987
1.0 0.9999894
1.0 0.99998975
1.0 0.9999883
1.0 0.9999896
1.0 0.99998593
1.0 0.99998856
1.0 0.99998784
1.0 0.999967
1.0 0.9999821
1.0 0.99998844
1.0 0.9999889
1.0 0.9999887
1.0 0.99998903
1.0 0.99998
1.0 0.99998796
1.0 0.99998987
1.0 0.9999887
1.0 0.9999865
1.0 0.9999887
1.0 0.9999893
1.0 0.99998903
1.0 0.9999894
1.0 0.99998
1.0 0.99998975
1.0 0.9999894
1.0 0.9999888
1.0 0.999987
1.0 0.9999895
1.0 0.9999895
1.0 0.99998784
1.0 0.9999869
1.0 0.999967
1.0 0.99998844
1.0 0.9999869
1.0 0.9999893
1.0 0.9999895
1.0 0.9999883
1.0 0.9999883
1.0 0.99998975
1.0 0.9999895
1.0 0.99998915
1.0 0.99998665
1.0 0.9999896
1.0 0.99998915
1.0 0.9999895
1.0 0.99998903
1.0 0.99998915
1.0 0.99998903
1.0 0.9999896
1.0 0.99998975
1.0 0.9999685
1.0 0.9999896
1.0 0.999982
1.0 0.9999894
1.0 0.9999893
1.0 0.99996126
1.0 0.9999689
1.0 0.9999882
1.0 0.9999721
1.0 0.99998975
1.0 0.9999893
1.0 0.9999864
1.0 0.99998915
1.0 0.99998915
1.0 0.9999893
1.0 0.9999887
1.0 0.9999794
1.0 0.99998796
1.0 0.9999895
1.0 0.99998987
1.0 0.9999869
1.0 0.9999877
1.0 0.99998915
1.0 0.9999895
1.0 0.99999
1.0 0.9999732
1.0 0.9999893
1.0 0.99998
1.0 0.9999894
1.0 0.99998987
1.0 0.9999895
1.0 0.9999894
1.0 0.9999852
1.0 0.99996126
1.0 0.99998796
1.0 0.9999895
1.0 0.9999893
1.0 0.9999865
1.0 0.99997425
1.0 0.9999893
1.0 0.9999895
1.0 0.99998987
1.0 0.99998844
1.0 0.99998915
1.0 0.9999889
1.0 0.9999864
1.0 0.9999732
1.0 0.99999
1.0 0.9999896
1.0 0.99998856
1.0 0.99998903
1.0 0.9999895
1.0 0.9999895
1.0 0.9999881
1.0 0.99998856
1.0 0.9999893
1.0 0.9999893
1.0 0.99998903
1.0 0.99998975
1.0 0.9999881
1.0 0.9999893
1.0 0.99998903
1.0 0.9999889
1.0 0.9999888
1.0 0.9999721
1.0 0.9999875
1.0 0.99998844
1.0 0.99998975
1.0 0.9999896
1.0 0.9999894
1.0 0.9999869
1.0 0.9999883
1.0 0.99998
1.0 0.99998796
1.0 0.9999852
1.0 0.9999896
1.0 0.9999894
1.0 0.9999894
1.0 0.9999721
1.0 0.9999893
1.0 0.99997425
1.0 0.9999876
1.0 0.99998903
1.0 0.99996865
1.0 0.99999
1.0 0.99998975
1.0 0.9999889
1.0 0.9999889
1.0 0.99998915
1.0 0.9999887
1.0 0.99998903
1.0 0.9999889
1.0 0.99998677
1.0 0.9999894
1.0 0.99997437
1.0 0.9999896
1.0 0.9999888
1.0 0.9999895
1.0 0.9999893
1.0 0.99998844
1.0 0.9999893
1.0 0.9999901
1.0 0.99998
1.0 0.9999722
1.0 0.99996924
1.0 0.9999887
1.0 0.99998844
1.0 0.99998844
1.0 0.9999896
1.0 0.99998915
1.0 0.99998856
1.0 0.9999893
1.0 0.9999896
1.0 0.9999869
1.0 0.9999895
1.0 0.99998677
1.0 0.9999893
1.0 0.9999888
1.0 0.99998665
1.0 0.9999893
1.0 0.99998903
1.0 0.99998915
1.0 0.9999894
1.0 0.99998915
1.0 0.99998975
1.0 0.99998736
1.0 0.99998844
1.0 0.99998903
1.0 0.99998665
1.0 0.99999
1.0 0.9999882
1.0 0.9999815
1.0 0.9999893
1.0 0.9999895
1.0 0.9999802
1.0 0.9999894
1.0 0.99998045
1.0 0.99998915
1.0 0.9999888
1.0 0.99998856
1.0 0.9999888
1.0 0.9999821
1.0 0.9999893
1.0 0.99998903
1.0 0.9999664
1.0 0.9999893
1.0 0.9999683
1.0 0.9999896
1.0 0.9999865
1.0 0.9999895
1.0 0.9999877
1.0 0.99998903
1.0 0.9999896
1.0 0.99998915
1.0 0.99998844
1.0 0.99998975
1.0 0.999967
1.0 0.9999883
1.0 0.9999893
1.0 0.999987
1.0 0.9999722
1.0 0.9999856
1.0 0.99998987
1.0 0.9999882
1.0 0.9999882
1.0 0.99998856
1.0 0.9999685
1.0 0.99998903
1.0 0.9999894
1.0 0.99996126
1.0 0.9999893
1.0 0.99998915
1.0 0.9999893
1.0 0.9999895
1.0 0.9999893
1.0 0.9999802
1.0 0.99998
1.0 0.9999815
1.0 0.9999896
1.0 0.9999896
1.0 0.99998665
1.0 0.9999895
1.0 0.9999856
1.0 0.99996924
1.0 0.9999896
1.0 0.9999881
1.0 0.99998045
1.0 0.9999895
1.0 0.9999864
1.0 0.9999678
1.0 0.9999856
1.0 0.99998057
1.0 0.99999
1.0 0.99998903
1.0 0.9999896
1.0 0.9999896
1.0 0.9999678
1.0 0.9999876
1.0 0.9999896
1.0 0.9999889
1.0 0.9999895
1.0 0.99998987
1.0 0.99998903
1.0 0.9999888
1.0 0.9999887
1.0 0.9999896
1.0 0.9999901
1.0 0.9999893
1.0 0.9999658
1.0 0.99998844
1.0 0.99998903
1.0 0.9999883
1.0 0.9999887
1.0 0.99998915
1.0 0.99998915
1.0 0.99998915
1.0 0.999964
1.0 0.9999807
1.0 0.99998736
1.0 0.99998844
1.0 0.99998915
1.0 0.99998987
1.0 0.99997437
1.0 0.9999889
1.0 0.99998
1.0 0.99998903
1.0 0.9999882
1.0 0.99998987
1.0 0.99996126
1.0 0.9999896
1.0 0.9999893
1.0 0.99998796
1.0 0.99998844
1.0 0.9999896
1.0 0.99998844
1.0 0.99998975
1.0 0.9999896
1.0 0.9999887
1.0 0.99998665
1.0 0.9999875
1.0 0.99998987
1.0 0.99998915
1.0 0.9999875
1.0 0.9999883
1.0 0.99998915
1.0 0.9999876
1.0 0.99998844
1.0 0.99997365
1.0 0.999964
1.0 0.999982
1.0 0.99998844
1.0 0.99998844
1.0 0.9999888
1.0 0.99998987
1.0 0.9999901
1.0 0.99997425
1.0 0.99998987
1.0 0.99998856
1.0 0.9999893
1.0 0.9999887
1.0 0.9999896
1.0 0.99998987
1.0 0.99998987
1.0 0.9999658
1.0 0.99998987
1.0 0.9999893
1.0 0.9999888
1.0 0.9999896
1.0 0.9999888
1.0 0.99998903
1.0 0.99999
1.0 0.99998677
1.0 0.99998915
1.0 0.9999895
1.0 0.9999658
1.0 0.9999887
1.0 0.9999896
1.0 0.9999869
1.0 0.99998915
1.0 0.99998903
1.0 0.9999888
1.0 0.99998844
1.0 0.9999683
1.0 0.99999
1.0 0.99998915
1.0 0.9999889
1.0 0.9999894
1.0 0.9999802
1.0 0.9999896
1.0 0.9999894
1.0 0.999982
1.0 0.99998987
1.0 0.9999893
1.0 0.9999893
1.0 0.99998915
1.0 0.9999888
1.0 0.9999893
1.0 0.9999865
1.0 0.99998915
1.0 0.999967
1.0 0.9999895
1.0 0.9999732
1.0 0.99998987
1.0 0.9999894
1.0 0.9999869
1.0 0.9999895
1.0 0.99998
1.0 0.9999807
1.0 0.99997425
1.0 0.9999889
1.0 0.9999894
1.0 0.99998677
1.0 0.99998915
1.0 0.9999894
1.0 0.9999901
1.0 0.9999658
1.0 0.9999876
1.0 0.9999678
1.0 0.9999802
1.0 0.9999895
1.0 0.9999685
1.0 0.9999864
1.0 0.99997365
1.0 0.9999896
1.0 0.9999901
1.0 0.99998903
1.0 0.9999856
1.0 0.99998903
1.0 0.9999882
1.0 0.99997425
1.0 0.99998915
1.0 0.9999893
1.0 0.99997425
1.0 0.999987
1.0 0.99998844
1.0 0.99996626
1.0 0.99997365
1.0 0.9999896
1.0 0.99998915
1.0 0.9999894
1.0 0.9999893
1.0 0.9999894
1.0 0.99999
1.0 0.9999894
1.0 0.9999896
1.0 0.99998
1.0 0.9999877
1.0 0.9999896
1.0 0.99998915
1.0 0.99996924
1.0 0.9999893
1.0 0.9999876
1.0 0.9999882
1.0 0.99998975
1.0 0.999987
1.0 0.9999894
1.0 0.9999896
1.0 0.99998975
1.0 0.9999683
1.0 0.9999896
1.0 0.99998844
1.0 0.9999893
1.0 0.9999894
1.0 0.9999895
1.0 0.99998844
1.0 0.9999893
1.0 0.9999893
1.0 0.99998856
1.0 0.99998915
1.0 0.99998784
1.0 0.999987
1.0 0.9999794
1.0 0.9999876
1.0 0.99998915
1.0 0.99998796
1.0 0.99997425
1.0 0.9999876
1.0 0.9999896
1.0 0.9999894
1.0 0.9999894
1.0 0.99998593
1.0 0.9999893
1.0 0.9999875
1.0 0.99998844
1.0 0.99997437
1.0 0.9999875
1.0 0.9999877
1.0 0.99998903
1.0 0.9999893
1.0 0.9999894
1.0 0.9999894
1.0 0.99998903
1.0 0.9999893
1.0 0.99999
1.0 0.99998903
1.0 0.99998665
