true vs pred:
1.0 0.9947621
1.0 0.99051875
1.0 0.9992692
1.0 0.99698985
1.0 0.99989235
1.0 0.9997415
1.0 0.9999088
1.0 0.99989235
1.0 0.99145716
1.0 0.9997782
1.0 0.99698985
1.0 0.9973611
1.0 0.9974196
1.0 0.9983088
1.0 0.99962544
1.0 0.99975616
1.0 0.9942906
1.0 0.9997415
1.0 0.9996172
1.0 0.989931
1.0 0.99924326
1.0 0.9997868
1.0 0.9996325
1.0 0.99865496
1.0 0.99856097
1.0 0.9996525
1.0 0.9991411
1.0 0.99938
1.0 0.9974196
1.0 0.99981827
1.0 0.99826473
1.0 0.9997868
1.0 0.99856097
1.0 0.9986619
1.0 0.9998926
1.0 0.9983088
1.0 0.9992962
1.0 0.9996227
1.0 0.9994784
1.0 0.9997868
1.0 0.9998983
1.0 0.9931961
1.0 0.99963844
1.0 0.9986462
1.0 0.9988116
1.0 0.99924326
1.0 0.99663275
1.0 0.99977773
1.0 0.9992755
1.0 0.9998914
1.0 0.99962544
1.0 0.9993741
1.0 0.9960424
1.0 0.9969489
1.0 0.99977046
1.0 0.9936174
1.0 0.9996001
1.0 0.9996325
1.0 0.9954184
1.0 0.9996655
1.0 0.9997949
1.0 0.9997868
1.0 0.99915516
1.0 0.9995578
1.0 0.999744
1.0 0.9997911
1.0 0.9989492
1.0 0.99865496
1.0 0.9993741
1.0 0.99887115
1.0 0.99897194
1.0 0.99698985
1.0 0.9985567
1.0 0.99972004
1.0 0.99761224
1.0 0.99967957
1.0 0.9810378
1.0 0.999821
1.0 0.9996172
1.0 0.9998665
1.0 0.99940944
1.0 0.99897194
1.0 0.993933
1.0 0.99887115
1.0 0.99962544
1.0 0.9998665
1.0 0.9996172
1.0 0.9971814
1.0 0.9997017
1.0 0.99051875
1.0 0.99610645
1.0 0.9996308
1.0 0.9898747
1.0 0.99051875
1.0 0.9995578
1.0 0.9992409
1.0 0.999821
1.0 0.9991411
1.0 0.99761224
1.0 0.9996227
1.0 0.989931
1.0 0.99051875
1.0 0.99938
1.0 0.9996655
1.0 0.99634737
1.0 0.99962544
1.0 0.9990019
1.0 0.9986072
1.0 0.9999033
1.0 0.9991411
1.0 0.99940944
1.0 0.9996308
1.0 0.9996828
1.0 0.9983088
1.0 0.9999088
1.0 0.99051875
1.0 0.9928685
1.0 0.9974196
1.0 0.99887305
1.0 0.99962807
1.0 0.99938
1.0 0.999691
1.0 0.99968946
1.0 0.9997979
1.0 0.9996655
1.0 0.999879
1.0 0.9992755
1.0 0.9992392
1.0 0.99968946
1.0 0.9986619
1.0 0.99924326
1.0 0.999744
1.0 0.9994085
1.0 0.9996325
1.0 0.99984145
1.0 0.9996227
1.0 0.9973564
1.0 0.99051875
1.0 0.99698985
1.0 0.99986255
1.0 0.9968911
1.0 0.9992755
1.0 0.9973564
1.0 0.9968911
1.0 0.9992473
1.0 0.9989492
1.0 0.99887115
1.0 0.99981827
1.0 0.9913573
1.0 0.9929564
1.0 0.9998926
1.0 0.99430954
1.0 0.99927694
1.0 0.9982126
1.0 0.99975544
1.0 0.9990723
1.0 0.9990004
1.0 0.9996172
1.0 0.9985251
1.0 0.999879
1.0 0.99722207
1.0 0.99517965
1.0 0.9965321
1.0 0.9973564
1.0 0.9998665
1.0 0.9998665
1.0 0.99977046
1.0 0.99430954
1.0 0.99977773
1.0 0.9971814
1.0 0.99145716
1.0 0.9990019
1.0 0.9898747
1.0 0.99431014
1.0 0.99989235
1.0 0.9997949
1.0 0.99927694
1.0 0.99989164
1.0 0.99964094
1.0 0.9999033
1.0 0.989931
1.0 0.9936174
1.0 0.99924326
1.0 0.99698985
1.0 0.9998926
1.0 0.9929564
1.0 0.9971814
1.0 0.9990019
1.0 0.99980265
1.0 0.9999144
1.0 0.9998895
1.0 0.9990019
1.0 0.99517965
1.0 0.999744
1.0 0.99250984
1.0 0.9992962
1.0 0.9998148
1.0 0.9992692
1.0 0.99250984
1.0 0.9915558
1.0 0.9993741
1.0 0.99610645
1.0 0.9995578
1.0 0.99777204
1.0 0.99967957
1.0 0.99517965
1.0 0.99967957
1.0 0.9916788
1.0 0.9992473
1.0 0.9998983
1.0 0.9990019
1.0 0.9998895
1.0 0.9992409
1.0 0.9992473
1.0 0.999879
1.0 0.9982126
1.0 0.9993741
1.0 0.9973611
1.0 0.9986462
1.0 0.9990004
1.0 0.99824786
1.0 0.9998598
1.0 0.99964094
1.0 0.9996172
1.0 0.9997949
1.0 0.99975544
1.0 0.9983026
1.0 0.99897194
1.0 0.99887305
1.0 0.99887305
1.0 0.99481803
1.0 0.99927694
1.0 0.9998895
1.0 0.9996172
1.0 0.99761224
1.0 0.99977046
1.0 0.9996525
1.0 0.997785
1.0 0.9991411
1.0 0.9993741
1.0 0.989931
1.0 0.99824786
1.0 0.9985251
1.0 0.99250984
1.0 0.99887115
1.0 0.9996227
1.0 0.9994085
1.0 0.9998914
1.0 0.9973611
1.0 0.99357754
1.0 0.9913573
1.0 0.9998148
1.0 0.9973611
1.0 0.99962807
1.0 0.9936174
1.0 0.9997906
1.0 0.99980265
1.0 0.9992555
1.0 0.9999144
1.0 0.9965321
1.0 0.9997979
1.0 0.99826473
1.0 0.99907255
1.0 0.9913573
1.0 0.99964094
1.0 0.99871695
1.0 0.99865496
1.0 0.9997949
1.0 0.9997876
1.0 0.993933
1.0 0.9980622
1.0 0.9985567
1.0 0.99986255
1.0 0.9947621
1.0 0.9996227
1.0 0.9965321
1.0 0.9997844
1.0 0.99924326
1.0 0.9942906
1.0 0.99986255
1.0 0.993933
1.0 0.9999033
1.0 0.9973564
1.0 0.9916788
1.0 0.999821
1.0 0.9983026
1.0 0.99431014
1.0 0.997006
1.0 0.9998598
1.0 0.999744
1.0 0.99517965
1.0 0.997785
1.0 0.99887115
1.0 0.993933
1.0 0.9947621
1.0 0.993064
1.0 0.99826473
1.0 0.9999088
1.0 0.9969489
1.0 0.9973611
1.0 0.99865496
1.0 0.99984145
1.0 0.999744
1.0 0.9999027
1.0 0.99481803
1.0 0.99989164
1.0 0.99663275
1.0 0.99610645
1.0 0.9992473
1.0 0.9990019
1.0 0.9965321
1.0 0.99962807
1.0 0.9993741
1.0 0.9993026
1.0 0.9993741
1.0 0.99977773
1.0 0.9997017
1.0 0.9898747
1.0 0.9998926
1.0 0.9999144
1.0 0.99145716
1.0 0.99941397
1.0 0.9994784
1.0 0.99938
1.0 0.9974196
1.0 0.99722207
1.0 0.9999027
1.0 0.997785
1.0 0.99722207
1.0 0.99145716
1.0 0.9998716
1.0 0.99357754
1.0 0.9928685
1.0 0.9997876
1.0 0.9999027
1.0 0.99634737
1.0 0.999907
1.0 0.9996308
1.0 0.9916788
1.0 0.9998716
1.0 0.9996172
1.0 0.99865496
1.0 0.9997906
1.0 0.9810378
1.0 0.9985567
1.0 0.99777204
1.0 0.997785
1.0 0.99975616
1.0 0.99887305
1.0 0.99481803
1.0 0.9983088
1.0 0.999691
1.0 0.9998914
1.0 0.9998939
1.0 0.99517965
1.0 0.9997906
1.0 0.99431014
1.0 0.9994085
1.0 0.9989492
1.0 0.9936174
1.0 0.99979335
1.0 0.99975616
1.0 0.9999027
1.0 0.9997949
1.0 0.99938
1.0 0.99938
1.0 0.9996025
1.0 0.9982126
1.0 0.9996025
1.0 0.9992692
1.0 0.9999144
1.0 0.99941397
1.0 0.9997906
1.0 0.99357754
1.0 0.9942906
1.0 0.9971814
1.0 0.9999033
1.0 0.9998914
1.0 0.99897194
1.0 0.9998983
1.0 0.99907255
1.0 0.9936174
1.0 0.99989235
1.0 0.99777204
1.0 0.9998665
1.0 0.999691
1.0 0.99989235
1.0 0.99924326
1.0 0.999846
1.0 0.99927694
1.0 0.9992555
1.0 0.999907
1.0 0.99517965
1.0 0.99984145
1.0 0.99145716
1.0 0.99964094
1.0 0.99940944
1.0 0.99698985
1.0 0.9992473
1.0 0.99989164
1.0 0.99431014
1.0 0.9997906
1.0 0.997785
1.0 0.9997906
1.0 0.99967957
1.0 0.99975544
1.0 0.9997868
1.0 0.99924326
1.0 0.9998665
1.0 0.9993932
1.0 0.9992962
1.0 0.99430954
1.0 0.9998895
1.0 0.9997906
1.0 0.9996172
1.0 0.99984145
1.0 0.9961074
1.0 0.99962544
1.0 0.999691
1.0 0.993933
1.0 0.9971814
1.0 0.9992473
1.0 0.9997979
1.0 0.999691
1.0 0.9942906
1.0 0.9983026
1.0 0.99941397
1.0 0.9980622
1.0 0.99431014
1.0 0.99975616
1.0 0.9985567
1.0 0.99977773
1.0 0.99938
1.0 0.99940944
1.0 0.99975425
1.0 0.99972004
1.0 0.9990723
1.0 0.9997584
1.0 0.99964094
1.0 0.99865496
1.0 0.9990004
1.0 0.99977046
1.0 0.99357754
1.0 0.9999027
1.0 0.9980622
1.0 0.9994085
1.0 0.99897194
1.0 0.9996172
1.0 0.9961074
1.0 0.9998716
1.0 0.9931961
1.0 0.99907255
1.0 0.9996025
1.0 0.9996325
1.0 0.9999033
1.0 0.99051875
1.0 0.993064
1.0 0.999907
1.0 0.9996525
1.0 0.99964094
1.0 0.9997876
1.0 0.9928685
1.0 0.9996227
1.0 0.9998926
1.0 0.99250984
1.0 0.9992692
1.0 0.9996308
1.0 0.9997979
1.0 0.99984145
1.0 0.99924326
1.0 0.9961074
1.0 0.99968946
1.0 0.99941397
1.0 0.99722207
1.0 0.9929564
1.0 0.9992473
1.0 0.9992962
1.0 0.9986072
1.0 0.99907255
1.0 0.993064
1.0 0.9998665
1.0 0.9898747
1.0 0.99975544
1.0 0.99761224
1.0 0.9993026
1.0 0.9997868
1.0 0.9915558
1.0 0.9992555
1.0 0.9992409
1.0 0.9996828
1.0 0.99722207
1.0 0.9993026
1.0 0.9998716
1.0 0.9998665
1.0 0.9997584
1.0 0.9992555
1.0 0.9996655
1.0 0.9971814
1.0 0.9996025
1.0 0.9991411
1.0 0.99927694
1.0 0.9995578
1.0 0.99989235
1.0 0.9998148
1.0 0.99927694
1.0 0.99989164
1.0 0.999821
1.0 0.99940944
1.0 0.99968946
1.0 0.9983026
1.0 0.99915516
1.0 0.9992473
1.0 0.9996525
1.0 0.9954184
1.0 0.9916788
1.0 0.99962807
1.0 0.9998716
1.0 0.9999088
1.0 0.9936792
1.0 0.9992755
