true vs pred:
1.0 0.9984939
1.0 0.996739
1.0 0.99566597
1.0 0.99821836
1.0 0.99579984
1.0 0.9966229
1.0 0.99579984
1.0 0.9961998
1.0 0.99869424
1.0 0.99001104
1.0 0.9965507
1.0 0.9985942
1.0 0.99109393
1.0 0.99475855
1.0 0.99400985
1.0 0.9985043
1.0 0.9955279
1.0 0.994609
1.0 0.99739033
1.0 0.99862444
1.0 0.9985019
1.0 0.9983748
1.0 0.99745053
1.0 0.99745053
1.0 0.9985238
1.0 0.9987275
1.0 0.9915911
1.0 0.99869424
1.0 0.99583876
1.0 0.9985372
1.0 0.9952371
1.0 0.9984939
1.0 0.99869424
1.0 0.9983575
1.0 0.99566597
1.0 0.989122
1.0 0.99058366
1.0 0.99109393
1.0 0.9893099
1.0 0.9983575
1.0 0.99849033
1.0 0.99862444
1.0 0.997439
1.0 0.9936708
1.0 0.9916333
1.0 0.99862444
1.0 0.99281424
1.0 0.99767655
1.0 0.9984939
1.0 0.99745053
1.0 0.9965507
1.0 0.99840385
1.0 0.99453485
1.0 0.9968231
1.0 0.9985043
1.0 0.99745053
1.0 0.9948251
1.0 0.9985942
1.0 0.99827933
1.0 0.99443924
1.0 0.9970325
1.0 0.9985372
1.0 0.9945819
1.0 0.9987435
1.0 0.9987226
1.0 0.9947733
1.0 0.9848076
1.0 0.9915978
1.0 0.9986614
1.0 0.9970325
1.0 0.9985043
1.0 0.9847963
1.0 0.99325883
1.0 0.99824786
1.0 0.99568415
1.0 0.996777
1.0 0.99840385
1.0 0.9863046
1.0 0.9947202
1.0 0.99109393
1.0 0.9985372
1.0 0.99386626
1.0 0.99047405
1.0 0.9963851
1.0 0.9909894
1.0 0.9985043
1.0 0.9984073
1.0 0.994609
1.0 0.99346995
1.0 0.99739033
1.0 0.98814595
1.0 0.9983748
1.0 0.9985238
1.0 0.99830025
1.0 0.9945819
1.0 0.9975351
1.0 0.9974989
1.0 0.9963851
1.0 0.9936708
1.0 0.9985386
1.0 0.9951061
1.0 0.99821836
1.0 0.9965507
1.0 0.99815995
1.0 0.98665816
1.0 0.99429977
1.0 0.9952371
1.0 0.9862207
1.0 0.9961047
1.0 0.9987275
1.0 0.9986608
1.0 0.99824786
1.0 0.9915911
1.0 0.99739033
1.0 0.9985386
1.0 0.99823254
1.0 0.99862444
1.0 0.99346995
1.0 0.9928324
1.0 0.99556714
1.0 0.9904745
1.0 0.9985942
1.0 0.9899408
1.0 0.99281424
1.0 0.9893099
1.0 0.9983748
1.0 0.99001104
1.0 0.99359554
1.0 0.9936708
1.0 0.9909894
1.0 0.99840385
1.0 0.9962794
1.0 0.9985238
1.0 0.99129117
1.0 0.9880746
1.0 0.9985942
1.0 0.9862207
1.0 0.9968231
1.0 0.99676967
1.0 0.9887194
1.0 0.9986608
1.0 0.99281424
1.0 0.9854188
1.0 0.9893099
1.0 0.9975157
1.0 0.9975351
1.0 0.99386626
1.0 0.989122
1.0 0.9955279
1.0 0.99869424
1.0 0.98665816
1.0 0.9941373
1.0 0.99058366
1.0 0.9936708
1.0 0.99443924
1.0 0.99429977
1.0 0.9985019
1.0 0.9862207
1.0 0.99869555
1.0 0.9984289
1.0 0.9984073
1.0 0.9966955
1.0 0.9975157
1.0 0.99053216
1.0 0.99001104
1.0 0.99346995
1.0 0.99129117
1.0 0.99001104
1.0 0.99862707
1.0 0.9986608
1.0 0.99558794
1.0 0.9959336
1.0 0.9961998
1.0 0.9916333
1.0 0.99824786
1.0 0.9880746
1.0 0.9983163
1.0 0.99272835
1.0 0.99739033
1.0 0.9975351
1.0 0.9951871
1.0 0.996777
1.0 0.99869424
1.0 0.9950977
1.0 0.98900807
1.0 0.9952413
1.0 0.9862207
1.0 0.99453485
1.0 0.99443924
1.0 0.9909894
1.0 0.9974989
1.0 0.9947733
1.0 0.9952413
1.0 0.99239516
1.0 0.9934862
1.0 0.99849033
1.0 0.9985238
1.0 0.9985386
1.0 0.99400985
1.0 0.99053216
1.0 0.9854188
1.0 0.9941373
1.0 0.9984073
1.0 0.9916333
1.0 0.99570787
1.0 0.9985043
1.0 0.996777
1.0 0.9917532
1.0 0.9847963
1.0 0.99556714
1.0 0.99053216
1.0 0.9984073
1.0 0.9981201
1.0 0.9951061
1.0 0.99827933
1.0 0.99570787
1.0 0.99824786
1.0 0.9904745
1.0 0.9961047
1.0 0.9975157
1.0 0.99001104
1.0 0.9889671
1.0 0.9948251
1.0 0.9955279
1.0 0.9975751
1.0 0.9915911
1.0 0.99641836
1.0 0.9975157
1.0 0.99687356
1.0 0.9955941
1.0 0.9893099
1.0 0.9983163
1.0 0.9959336
1.0 0.99215347
1.0 0.9961998
1.0 0.9899408
1.0 0.9889671
1.0 0.99739033
1.0 0.99453485
1.0 0.9984939
1.0 0.9923522
1.0 0.99583876
1.0 0.99556714
1.0 0.9915978
1.0 0.9970325
1.0 0.9981201
1.0 0.99853814
1.0 0.9909894
1.0 0.99058366
1.0 0.9983176
1.0 0.9923522
1.0 0.991336
1.0 0.99458474
1.0 0.9941373
1.0 0.997439
1.0 0.99739033
1.0 0.99828595
1.0 0.9947202
1.0 0.989122
1.0 0.9984073
1.0 0.99676967
1.0 0.99687356
1.0 0.99281424
1.0 0.9987036
1.0 0.99753237
1.0 0.99875474
1.0 0.9983748
1.0 0.9985019
1.0 0.994609
1.0 0.99704665
1.0 0.99325883
1.0 0.9968231
1.0 0.9945925
1.0 0.9860393
1.0 0.9966955
1.0 0.99215347
1.0 0.9963851
1.0 0.9984931
1.0 0.98814595
1.0 0.99869555
1.0 0.9961047
1.0 0.99676967
1.0 0.99443924
1.0 0.99053216
1.0 0.99453485
1.0 0.9915978
1.0 0.99815995
1.0 0.9952371
1.0 0.99875474
1.0 0.99676967
1.0 0.9984073
1.0 0.9963851
1.0 0.9854188
1.0 0.9955279
1.0 0.98900807
1.0 0.9965507
1.0 0.99676967
1.0 0.9981201
1.0 0.997439
1.0 0.9984073
1.0 0.9916333
1.0 0.99566597
1.0 0.99453485
1.0 0.98900807
1.0 0.99862444
1.0 0.99655735
1.0 0.9983163
1.0 0.9948251
1.0 0.9970325
1.0 0.99823254
1.0 0.9917532
1.0 0.99655735
1.0 0.98900807
1.0 0.9984289
1.0 0.99172205
1.0 0.99875474
1.0 0.9968231
1.0 0.9970325
1.0 0.9847963
1.0 0.9915911
1.0 0.99281424
1.0 0.9961047
1.0 0.9984289
1.0 0.9987036
1.0 0.99301004
1.0 0.9987004
1.0 0.9952413
1.0 0.99745053
1.0 0.99821836
1.0 0.9945819
1.0 0.9987275
1.0 0.99523264
1.0 0.9974989
1.0 0.99031126
1.0 0.9981201
1.0 0.9917532
1.0 0.9966955
1.0 0.99739033
1.0 0.9963905
1.0 0.9923522
1.0 0.9982462
1.0 0.99583876
1.0 0.99767655
1.0 0.99281424
1.0 0.9889671
1.0 0.9962794
1.0 0.99109393
1.0 0.99386626
1.0 0.99429977
1.0 0.99556714
1.0 0.9917532
1.0 0.9947202
1.0 0.9961998
1.0 0.9982462
1.0 0.99641836
1.0 0.9941373
1.0 0.99849033
1.0 0.98814595
1.0 0.9968231
1.0 0.99386626
1.0 0.99824786
1.0 0.9950977
1.0 0.9915978
1.0 0.99400985
1.0 0.99579984
1.0 0.99359554
1.0 0.9959336
1.0 0.99475855
1.0 0.99301004
1.0 0.99523264
1.0 0.99272835
1.0 0.9983575
1.0 0.9947733
1.0 0.9965372
1.0 0.99849033
1.0 0.996739
1.0 0.9987435
1.0 0.9923522
1.0 0.99869555
1.0 0.9889671
1.0 0.991336
1.0 0.9965372
1.0 0.991336
1.0 0.9909894
1.0 0.99001104
1.0 0.9961998
1.0 0.99753237
1.0 0.99676967
1.0 0.9941373
1.0 0.99443924
1.0 0.9923522
1.0 0.9947202
1.0 0.99849665
1.0 0.99739033
1.0 0.99058366
1.0 0.9893099
1.0 0.989122
1.0 0.99849033
1.0 0.99849033
1.0 0.99566597
1.0 0.9951061
1.0 0.9909894
1.0 0.9961998
1.0 0.99827933
1.0 0.9975351
1.0 0.99113244
1.0 0.9848076
1.0 0.99641836
1.0 0.98900807
1.0 0.99281424
1.0 0.99869424
1.0 0.9966955
1.0 0.9984939
1.0 0.9951871
1.0 0.9923522
1.0 0.99063873
1.0 0.99475855
1.0 0.9970325
1.0 0.9909894
1.0 0.99359554
1.0 0.9909894
1.0 0.9848076
1.0 0.99828595
1.0 0.9974989
1.0 0.98814595
1.0 0.9936708
1.0 0.9887194
1.0 0.9959336
1.0 0.996739
1.0 0.99753237
1.0 0.9984939
1.0 0.99676967
1.0 0.99739033
1.0 0.9963905
1.0 0.99386626
1.0 0.996777
1.0 0.99074453
1.0 0.99058366
1.0 0.99443924
1.0 0.99109393
1.0 0.9986614
1.0 0.9985019
1.0 0.9983748
1.0 0.9985019
1.0 0.9944048
1.0 0.9982462
1.0 0.99063873
1.0 0.9962794
1.0 0.9848076
1.0 0.9950977
1.0 0.9955279
1.0 0.9966955
1.0 0.996777
1.0 0.98900807
1.0 0.9985238
1.0 0.9963905
1.0 0.9915978
1.0 0.9847963
1.0 0.9963851
1.0 0.99815995
1.0 0.99869424
1.0 0.99687356
1.0 0.99058366
1.0 0.99583876
1.0 0.9945819
1.0 0.9915978
1.0 0.99821836
1.0 0.99840385
1.0 0.99570787
1.0 0.9945925
1.0 0.996739
1.0 0.9985043
1.0 0.9963851
1.0 0.9848076
1.0 0.9947733
1.0 0.99830025
1.0 0.9954117
1.0 0.9985942
1.0 0.99047405
1.0 0.99346995
1.0 0.9854188
1.0 0.99053216
1.0 0.9880746
1.0 0.9909894
1.0 0.9892474
1.0 0.9945819
1.0 0.9951061
1.0 0.9959336
1.0 0.9854188
1.0 0.99828595
1.0 0.997439
1.0 0.99642783
1.0 0.997439
1.0 0.9982462
1.0 0.9941373
1.0 0.98665816
1.0 0.9862207
1.0 0.9860393
1.0 0.99849033
1.0 0.99074453
1.0 0.9950977
1.0 0.99687356
1.0 0.98900807
1.0 0.9941373
1.0 0.99058366
1.0 0.98814595
1.0 0.9986608
1.0 0.9985043
1.0 0.9987036
1.0 0.99853814
1.0 0.99824786
1.0 0.9983748
1.0 0.99828595
1.0 0.9887194
1.0 0.99215347
1.0 0.9893099
1.0 0.99325883
1.0 0.9985019
1.0 0.9965372
1.0 0.99815995
