true vs pred:
1.0 0.99369675
1.0 0.9929569
1.0 0.9975649
1.0 0.9937779
1.0 0.98547506
1.0 0.9962281
1.0 0.9978568
1.0 0.99781203
1.0 0.9976144
1.0 0.9963398
1.0 0.9963398
1.0 0.9976635
1.0 0.9977769
1.0 0.9663058
1.0 0.9977308
1.0 0.9945268
1.0 0.99773186
1.0 0.987282
1.0 0.9977005
1.0 0.9977308
1.0 0.99777704
1.0 0.99408615
1.0 0.9607619
1.0 0.9649186
1.0 0.96644497
1.0 0.9560495
1.0 0.99777704
1.0 0.99766314
1.0 0.9978568
1.0 0.9962107
1.0 0.99252397
1.0 0.97021514
1.0 0.9978568
1.0 0.9721049
1.0 0.9966156
1.0 0.9977005
1.0 0.9963398
1.0 0.9934402
1.0 0.99773777
1.0 0.98550284
1.0 0.995682
1.0 0.9975649
1.0 0.9963398
1.0 0.98627174
1.0 0.9978011
1.0 0.99745494
1.0 0.9933159
1.0 0.9959156
1.0 0.99773186
1.0 0.9936407
1.0 0.99782
1.0 0.9978136
1.0 0.99368155
1.0 0.9827564
1.0 0.9905827
1.0 0.99781525
1.0 0.9959156
1.0 0.9975649
1.0 0.98324317
1.0 0.9923288
1.0 0.9975592
1.0 0.9942099
1.0 0.99391055
1.0 0.99773777
1.0 0.98421544
1.0 0.9858393
1.0 0.96644497
1.0 0.99773186
1.0 0.9925558
1.0 0.98981255
1.0 0.99308527
1.0 0.96696645
1.0 0.9975649
1.0 0.99777067
1.0 0.98547506
1.0 0.99224526
1.0 0.9962281
1.0 0.98542964
1.0 0.9976144
1.0 0.9976635
1.0 0.997724
1.0 0.9936407
1.0 0.9962889
1.0 0.9963211
1.0 0.99308527
1.0 0.99252397
1.0 0.9978137
1.0 0.99412954
1.0 0.9976324
1.0 0.9934402
1.0 0.99760926
1.0 0.9855839
1.0 0.9936752
1.0 0.987282
1.0 0.98292613
1.0 0.99496776
1.0 0.9977769
1.0 0.99768364
1.0 0.9975592
1.0 0.9663058
1.0 0.9962281
1.0 0.9978137
1.0 0.9976361
1.0 0.9978568
1.0 0.99224526
1.0 0.99188566
1.0 0.9942227
1.0 0.99003965
1.0 0.9978011
1.0 0.962576
1.0 0.9721049
1.0 0.9560495
1.0 0.9976144
1.0 0.9897099
1.0 0.9926399
1.0 0.99252397
1.0 0.96696645
1.0 0.99773777
1.0 0.9933943
1.0 0.9976635
1.0 0.9696072
1.0 0.9857347
1.0 0.9978011
1.0 0.98292613
1.0 0.995682
1.0 0.9940223
1.0 0.9573346
1.0 0.99768364
1.0 0.9721049
1.0 0.9828052
1.0 0.9560495
1.0 0.99638665
1.0 0.9962889
1.0 0.9925558
1.0 0.9607619
1.0 0.9937779
1.0 0.9977308
1.0 0.9855839
1.0 0.984185
1.0 0.9649186
1.0 0.99252397
1.0 0.9933159
1.0 0.9936752
1.0 0.99781203
1.0 0.98292613
1.0 0.9978109
1.0 0.99767214
1.0 0.99777067
1.0 0.99537486
1.0 0.99638665
1.0 0.9896853
1.0 0.9897099
1.0 0.99224526
1.0 0.9696072
1.0 0.9897099
1.0 0.9977907
1.0 0.99768364
1.0 0.99474794
1.0 0.9928342
1.0 0.9947806
1.0 0.97021514
1.0 0.9975592
1.0 0.9857347
1.0 0.99749196
1.0 0.974338
1.0 0.9962281
1.0 0.9962889
1.0 0.9940777
1.0 0.99391055
1.0 0.9977308
1.0 0.9940328
1.0 0.96235204
1.0 0.9870942
1.0 0.98292613
1.0 0.98550284
1.0 0.9933159
1.0 0.96696645
1.0 0.9963211
1.0 0.99368155
1.0 0.9870942
1.0 0.9695378
1.0 0.99243504
1.0 0.99766314
1.0 0.9976635
1.0 0.9978137
1.0 0.9929569
1.0 0.9896853
1.0 0.9828052
1.0 0.984185
1.0 0.99777067
1.0 0.97021514
1.0 0.99402076
1.0 0.9975649
1.0 0.99391055
1.0 0.97123104
1.0 0.98324317
1.0 0.9942227
1.0 0.9896853
1.0 0.99777067
1.0 0.99750215
1.0 0.99412954
1.0 0.99745494
1.0 0.99402076
1.0 0.9975592
1.0 0.99003965
1.0 0.99496776
1.0 0.99638665
1.0 0.9897099
1.0 0.95830303
1.0 0.98627174
1.0 0.9937779
1.0 0.99645257
1.0 0.9663058
1.0 0.99375206
1.0 0.99638665
1.0 0.99569416
1.0 0.99454725
1.0 0.9560495
1.0 0.99749196
1.0 0.9928342
1.0 0.97218126
1.0 0.9947806
1.0 0.962576
1.0 0.95830303
1.0 0.9962281
1.0 0.98550284
1.0 0.9977005
1.0 0.9730949
1.0 0.9945268
1.0 0.9942227
1.0 0.9905827
1.0 0.9959156
1.0 0.99750215
1.0 0.9977082
1.0 0.96696645
1.0 0.9649186
1.0 0.9975338
1.0 0.9730949
1.0 0.96837056
1.0 0.98531103
1.0 0.984185
1.0 0.9962107
1.0 0.9962281
1.0 0.99771595
1.0 0.9858393
1.0 0.9607619
1.0 0.99777067
1.0 0.9940223
1.0 0.99569416
1.0 0.9721049
1.0 0.9977714
1.0 0.9963935
1.0 0.99793625
1.0 0.9976144
1.0 0.99781203
1.0 0.98547506
1.0 0.9960224
1.0 0.9923288
1.0 0.995682
1.0 0.9849798
1.0 0.9833787
1.0 0.99537486
1.0 0.97218126
1.0 0.99308527
1.0 0.9976546
1.0 0.98542964
1.0 0.9978109
1.0 0.99496776
1.0 0.9940223
1.0 0.9933159
1.0 0.9896853
1.0 0.98550284
1.0 0.9905827
1.0 0.99760926
1.0 0.987282
1.0 0.99793625
1.0 0.9940223
1.0 0.99777067
1.0 0.99308527
1.0 0.9828052
1.0 0.9937779
1.0 0.96235204
1.0 0.9934402
1.0 0.9940223
1.0 0.99750215
1.0 0.9962107
1.0 0.99777067
1.0 0.97021514
1.0 0.99408615
1.0 0.98550284
1.0 0.96235204
1.0 0.9978568
1.0 0.9952543
1.0 0.99749196
1.0 0.98627174
1.0 0.9959156
1.0 0.9976361
1.0 0.97123104
1.0 0.9952543
1.0 0.96235204
1.0 0.99767214
1.0 0.97042626
1.0 0.99793625
1.0 0.995682
1.0 0.9959156
1.0 0.98324317
1.0 0.9663058
1.0 0.9721049
1.0 0.99496776
1.0 0.99767214
1.0 0.9977714
1.0 0.99180716
1.0 0.9977837
1.0 0.9870942
1.0 0.9963398
1.0 0.9976324
1.0 0.9936407
1.0 0.9977769
1.0 0.99379784
1.0 0.9963211
1.0 0.98943514
1.0 0.99750215
1.0 0.97123104
1.0 0.99537486
1.0 0.9962281
1.0 0.99319214
1.0 0.9730949
1.0 0.9975788
1.0 0.9945268
1.0 0.9966156
1.0 0.9721049
1.0 0.95830303
1.0 0.9933943
1.0 0.96644497
1.0 0.9925558
1.0 0.9936752
1.0 0.9942227
1.0 0.97123104
1.0 0.9858393
1.0 0.9947806
1.0 0.9975788
1.0 0.99375206
1.0 0.984185
1.0 0.99766314
1.0 0.98542964
1.0 0.995682
1.0 0.9925558
1.0 0.9975592
1.0 0.9940328
1.0 0.9905827
1.0 0.9929569
1.0 0.9942068
1.0 0.9926399
1.0 0.9928342
1.0 0.99369675
1.0 0.99180716
1.0 0.99379784
1.0 0.974338
1.0 0.99777704
1.0 0.99368155
1.0 0.9953511
1.0 0.99766314
1.0 0.9955729
1.0 0.99782
1.0 0.9730949
1.0 0.9978109
1.0 0.95830303
1.0 0.96837056
1.0 0.9953511
1.0 0.96837056
1.0 0.96696645
1.0 0.9897099
1.0 0.9947806
1.0 0.9963935
1.0 0.9940223
1.0 0.984185
1.0 0.9933159
1.0 0.9730949
1.0 0.9858393
1.0 0.99765885
1.0 0.9962281
1.0 0.9649186
1.0 0.9560495
1.0 0.9607619
1.0 0.99766314
1.0 0.99766314
1.0 0.99408615
1.0 0.99412954
1.0 0.96696645
1.0 0.9947806
1.0 0.99745494
1.0 0.9962889
1.0 0.991055
1.0 0.9827564
1.0 0.99375206
1.0 0.96235204
1.0 0.9721049
1.0 0.9977308
1.0 0.99537486
1.0 0.9977005
1.0 0.9940777
1.0 0.9730949
1.0 0.99012846
1.0 0.99369675
1.0 0.9959156
1.0 0.96696645
1.0 0.9926399
1.0 0.96696645
1.0 0.9827564
1.0 0.99771595
1.0 0.9963211
1.0 0.98542964
1.0 0.99252397
1.0 0.9573346
1.0 0.9928342
1.0 0.9955729
1.0 0.9963935
1.0 0.9977005
1.0 0.9940223
1.0 0.9962281
1.0 0.99319214
1.0 0.9925558
1.0 0.99391055
1.0 0.9902138
1.0 0.9649186
1.0 0.9933159
1.0 0.96644497
1.0 0.99781525
1.0 0.99781203
1.0 0.9976144
1.0 0.99781203
1.0 0.98358905
1.0 0.9975788
1.0 0.99012846
1.0 0.9933943
1.0 0.9827564
1.0 0.9940328
1.0 0.9937779
1.0 0.99537486
1.0 0.99391055
1.0 0.96235204
1.0 0.9976635
1.0 0.99319214
1.0 0.9905827
1.0 0.98324317
1.0 0.99308527
1.0 0.99760926
1.0 0.9977308
1.0 0.99569416
1.0 0.9649186
1.0 0.9945268
1.0 0.9936407
1.0 0.9905827
1.0 0.9976324
1.0 0.99773777
1.0 0.99402076
1.0 0.9849798
1.0 0.9955729
1.0 0.9975649
1.0 0.99308527
1.0 0.9827564
1.0 0.99368155
1.0 0.997724
1.0 0.9944529
1.0 0.9978011
1.0 0.98981255
1.0 0.99224526
1.0 0.9828052
1.0 0.9896853
1.0 0.9857347
1.0 0.96696645
1.0 0.9890984
1.0 0.9936407
1.0 0.99412954
1.0 0.9928342
1.0 0.9828052
1.0 0.99771595
1.0 0.9962107
1.0 0.9934168
1.0 0.9962107
1.0 0.9975788
1.0 0.984185
1.0 0.9855839
1.0 0.98292613
1.0 0.9833787
1.0 0.99766314
1.0 0.9902138
1.0 0.9940328
1.0 0.99569416
1.0 0.96235204
1.0 0.984185
1.0 0.9649186
1.0 0.98542964
1.0 0.99768364
1.0 0.9975649
1.0 0.9977714
1.0 0.9977082
1.0 0.9975592
1.0 0.9976144
1.0 0.99771595
1.0 0.9573346
1.0 0.97218126
1.0 0.9560495
1.0 0.9923288
1.0 0.99781203
1.0 0.9953511
1.0 0.99760926
1.0 0.99319214
1.0 0.9936752
1.0 0.9870942
1.0 0.9963211
1.0 0.962576
1.0 0.98550284
1.0 0.98421544
1.0 0.9696072
1.0 0.9833787
1.0 0.9978137
1.0 0.99243504
1.0 0.9977005
1.0 0.99391055
