true vs pred:
1.0 0.9977075
1.0 0.914924
1.0 0.9365775
1.0 0.9976672
1.0 0.99572253
0.0 0.2635779
1.0 0.9981832
1.0 0.998588
1.0 0.914924
1.0 0.98548675
1.0 0.9976301
1.0 0.99717987
0.0 0.45916858
1.0 0.9985781
1.0 0.99803895
1.0 0.9982601
0.0 0.40108928
0.0 0.33213556
1.0 0.9980926
0.0 0.23568945
1.0 0.9859643
1.0 0.61686325
1.0 0.98732144
1.0 0.968072
1.0 0.9126804
1.0 0.98548675
1.0 0.9967006
1.0 0.9969043
1.0 0.98259693
1.0 0.97143847
1.0 0.98493356
1.0 0.9981108
0.0 0.32071054
0.0 0.24118558
1.0 0.9867291
1.0 0.99804604
1.0 0.9981108
1.0 0.99848664
1.0 0.9862823
1.0 0.959448
1.0 0.99773276
0.0 0.24223182
1.0 0.99620545
0.0 0.4473217
1.0 0.9976672
1.0 0.96141475
1.0 0.9969146
1.0 0.99588287
1.0 0.9865925
1.0 0.9168146
1.0 0.9686487
1.0 0.9960722
1.0 0.61800814
1.0 0.959448
1.0 0.99773276
1.0 0.9836373
1.0 0.99789596
1.0 0.9865925
0.0 0.3978635
1.0 0.9854264
1.0 0.98062515
0.0 0.35150245
1.0 0.99717987
1.0 0.9971064
0.0 0.23902763
1.0 0.99795246
1.0 0.98259693
1.0 0.914924
1.0 0.9168146
1.0 0.99827766
1.0 0.99827766
1.0 0.9980926
1.0 0.9969549
1.0 0.998161
0.0 0.23568945
1.0 0.9971064
1.0 0.9976301
1.0 0.61800814
0.0 0.39258063
1.0 0.9977075
0.0 0.28026387
1.0 0.97143847
1.0 0.99795246
1.0 0.98062515
1.0 0.998588
1.0 0.9872908
1.0 0.99694985
1.0 0.959448
1.0 0.9322577
0.0 0.39258063
1.0 0.91829306
1.0 0.99588287
1.0 0.998028
1.0 0.99660754
1.0 0.96648896
1.0 0.9729935
1.0 0.9865925
1.0 0.99696714
1.0 0.9982601
1.0 0.959448
1.0 0.99717987
1.0 0.9836038
1.0 0.9985775
1.0 0.6750627
0.0 0.24512853
1.0 0.9985781
1.0 0.9955419
1.0 0.98732144
1.0 0.9976301
1.0 0.959448
1.0 0.9126804
1.0 0.96714795
1.0 0.9986166
1.0 0.99606067
1.0 0.9981832
1.0 0.99717987
1.0 0.9981832
1.0 0.9969043
0.0 0.39258063
0.0 0.32713696
1.0 0.9967104
1.0 0.99698097
1.0 0.9986603
1.0 0.9980981
1.0 0.6333722
1.0 0.99803895
1.0 0.9967104
1.0 0.9976672
1.0 0.997401
0.0 0.3171947
1.0 0.9686487
1.0 0.9322577
1.0 0.61800814
1.0 0.9976301
1.0 0.9980102
1.0 0.9981395
1.0 0.9976672
1.0 0.9828068
1.0 0.997577
1.0 0.9168146
0.0 0.415553
1.0 0.61800814
1.0 0.9126804
1.0 0.968072
0.0 0.23902763
1.0 0.9729935
1.0 0.9985781
1.0 0.9862238
1.0 0.9968671
0.0 0.3179638
1.0 0.91829306
1.0 0.99773276
1.0 0.99818903
0.0 0.32713696
1.0 0.9106085
1.0 0.96648896
1.0 0.9862823
1.0 0.99524
1.0 0.9686487
1.0 0.9960722
1.0 0.9866968
1.0 0.9836373
1.0 0.9013678
0.0 0.23902763
1.0 0.9013678
1.0 0.9981395
1.0 0.9985775
0.0 0.26347694
1.0 0.96141475
1.0 0.968072
1.0 0.99717987
1.0 0.9986166
0.0 0.32071054
1.0 0.99818903
1.0 0.99818903
1.0 0.99806863
1.0 0.997401
1.0 0.99550503
1.0 0.99660754
1.0 0.99864775
1.0 0.6213478
0.0 0.24223182
1.0 0.9981832
1.0 0.6001165
1.0 0.9976301
1.0 0.9670683
1.0 0.9686487
1.0 0.99696714
1.0 0.9971064
1.0 0.61800814
1.0 0.9233865
1.0 0.9840943
1.0 0.63366115
1.0 0.9854264
1.0 0.98493356
1.0 0.9981108
1.0 0.99748236
0.0 0.3978635
0.0 0.4538314
1.0 0.5891632
1.0 0.99803895
0.0 0.24223182
1.0 0.99620545
1.0 0.9971064
0.0 0.3978635
1.0 0.9981832
1.0 0.63366115
1.0 0.6001165
1.0 0.98062515
1.0 0.9840943
0.0 0.3179638
0.0 0.32713696
0.0 0.33552113
1.0 0.997577
1.0 0.9966356
1.0 0.9976871
1.0 0.9968671
1.0 0.9967104
1.0 0.985413
1.0 0.9969043
1.0 0.9981108
1.0 0.998028
1.0 0.6001165
0.0 0.46402338
1.0 0.99804604
1.0 0.99547666
1.0 0.99789596
1.0 0.9969484
1.0 0.9969549
1.0 0.9968817
1.0 0.9970005
1.0 0.9970005
1.0 0.99547666
1.0 0.9365775
1.0 0.9972357
1.0 0.998028
0.0 0.35150245
1.0 0.998161
1.0 0.98259693
1.0 0.99795246
1.0 0.9126804
0.0 0.33552113
0.0 0.4473217
1.0 0.9828068
1.0 0.9847285
1.0 0.9870297
1.0 0.997401
1.0 0.99698097
1.0 0.9233865
1.0 0.9976672
1.0 0.99864775
1.0 0.61686325
1.0 0.998588
0.0 0.33552113
1.0 0.98259693
1.0 0.9967006
1.0 0.9968671
1.0 0.9977075
0.0 0.39258063
1.0 0.9847285
1.0 0.6750627
1.0 0.9828068
1.0 0.9985775
1.0 0.9979231
1.0 0.9977075
1.0 0.9960722
1.0 0.6456932
1.0 0.9697649
0.0 0.4087967
1.0 0.9854264
1.0 0.9982601
1.0 0.99698097
1.0 0.9976301
0.0 0.2635779
1.0 0.99848664
1.0 0.6750627
1.0 0.9233865
1.0 0.99698097
1.0 0.9828068
1.0 0.9986634
1.0 0.9969043
1.0 0.91829306
1.0 0.9960722
1.0 0.99550503
1.0 0.98062515
1.0 0.98259693
1.0 0.91829306
1.0 0.99789596
1.0 0.6333722
1.0 0.9976301
1.0 0.9976871
0.0 0.24118558
1.0 0.9985781
1.0 0.9980981
1.0 0.998161
1.0 0.9985775
0.0 0.39258063
1.0 0.99789596
0.0 0.46402338
1.0 0.9985775
1.0 0.9980782
1.0 0.99588287
1.0 0.9982601
1.0 0.9697649
1.0 0.9979231
1.0 0.9828068
1.0 0.99774384
1.0 0.63366115
1.0 0.61686325
1.0 0.9972357
1.0 0.99588287
0.0 0.23568945
1.0 0.9686487
1.0 0.98548675
1.0 0.99606067
1.0 0.9980782
1.0 0.9862823
1.0 0.9233865
1.0 0.97143847
1.0 0.9862238
1.0 0.96648896
1.0 0.9847285
1.0 0.9969043
1.0 0.9847285
1.0 0.9966356
1.0 0.6213478
1.0 0.98259693
1.0 0.6750627
0.0 0.3171947
0.0 0.32071054
1.0 0.99789596
0.0 0.32713696
1.0 0.99664825
0.0 0.24512853
1.0 0.9836038
1.0 0.9836373
0.0 0.4473217
1.0 0.959448
1.0 0.9828068
1.0 0.9957575
1.0 0.9969146
1.0 0.9847285
1.0 0.99698097
0.0 0.415553
1.0 0.92226833
1.0 0.9686487
0.0 0.4538314
1.0 0.96141475
1.0 0.91829306
1.0 0.99748236
1.0 0.9670683
1.0 0.9969549
1.0 0.99606067
1.0 0.9982601
1.0 0.9168146
0.0 0.2635779
1.0 0.99524
1.0 0.99572253
1.0 0.99748236
1.0 0.5891632
1.0 0.997577
1.0 0.985413
1.0 0.99717987
1.0 0.9981395
1.0 0.9966356
1.0 0.99864775
1.0 0.99696714
1.0 0.9686487
1.0 0.9967104
1.0 0.9013678
1.0 0.99806863
1.0 0.99789596
1.0 0.959448
1.0 0.99572253
1.0 0.6213478
1.0 0.96648896
1.0 0.9976301
1.0 0.9976301
1.0 0.96648896
1.0 0.99524
1.0 0.99572253
1.0 0.9985775
1.0 0.9836373
1.0 0.9970005
1.0 0.9980102
1.0 0.9985775
1.0 0.998588
1.0 0.9968671
0.0 0.32713696
0.0 0.33213556
1.0 0.9982601
1.0 0.998588
1.0 0.99524
1.0 0.99606067
1.0 0.9981108
1.0 0.9985775
1.0 0.9969043
1.0 0.92226833
1.0 0.99660754
0.0 0.23902763
1.0 0.9969043
1.0 0.99789596
1.0 0.9870297
1.0 0.998161
0.0 0.24118558
0.0 0.33213556
1.0 0.9966356
1.0 0.9976672
1.0 0.99864775
1.0 0.9866968
1.0 0.9862823
1.0 0.998028
1.0 0.99588287
1.0 0.9828068
1.0 0.9977075
1.0 0.99694985
1.0 0.99774384
1.0 0.99848664
1.0 0.9840943
1.0 0.6213478
0.0 0.33213556
1.0 0.91829306
1.0 0.968072
1.0 0.9865925
1.0 0.9233865
1.0 0.9854264
1.0 0.9862823
0.0 0.3978635
0.0 0.32071054
1.0 0.9986634
1.0 0.985413
1.0 0.63366115
0.0 0.2469534
0.0 0.32071054
1.0 0.96141475
1.0 0.9836038
0.0 0.32071054
1.0 0.9106085
1.0 0.9980102
1.0 0.99696714
1.0 0.6750627
1.0 0.96141475
0.0 0.45916858
1.0 0.9966356
1.0 0.99696714
1.0 0.9980981
0.0 0.28026387
1.0 0.99698097
1.0 0.6001165
1.0 0.9847285
0.0 0.24223182
1.0 0.99696714
1.0 0.9969146
1.0 0.9233865
1.0 0.9985781
1.0 0.97143847
1.0 0.9854264
0.0 0.24223182
1.0 0.9970005
1.0 0.99664825
0.0 0.23902763
0.0 0.23568945
1.0 0.9976871
1.0 0.959448
0.0 0.32713696
1.0 0.9847285
1.0 0.985413
1.0 0.9836373
1.0 0.968072
1.0 0.61686325
0.0 0.24512853
1.0 0.6001165
1.0 0.9866968
1.0 0.99572253
1.0 0.99572253
1.0 0.997577
1.0 0.61800814
0.0 0.46402338
1.0 0.6213478
0.0 0.33552113
0.0 0.30000612
1.0 0.6213478
1.0 0.99806863
1.0 0.9969549
1.0 0.9840943
1.0 0.9982601
1.0 0.99524
1.0 0.61800814
1.0 0.99804604
1.0 0.99606067
1.0 0.9981832
1.0 0.998161
1.0 0.9729935
1.0 0.9968817
1.0 0.99787164
1.0 0.9233865
0.0 0.24223182
1.0 0.99848664
1.0 0.9870297
1.0 0.99803895
1.0 0.9966356
1.0 0.9981267
1.0 0.9957575
1.0 0.92226833
0.0 0.2635779
1.0 0.9986603
1.0 0.9981108
1.0 0.6456932
0.0 0.30000612
1.0 0.9872908
1.0 0.9981108
1.0 0.997577
1.0 0.99698097
0.0 0.4538314
1.0 0.9972357
1.0 0.98062515
1.0 0.9967006
1.0 0.959448
0.0 0.3179638
0.0 0.23110129
