true vs pred:
1.0 0.9999871
1.0 0.99998736
1.0 0.9999924
1.0 0.99999225
1.0 0.99996424
1.0 0.9999927
1.0 0.99999285
1.0 0.999858
1.0 0.9999865
1.0 0.9999664
1.0 0.99999046
1.0 0.9999931
1.0 0.9999925
1.0 0.99999225
1.0 0.9999907
1.0 0.9999857
1.0 0.99993706
1.0 0.9999931
1.0 0.9999906
1.0 0.9998934
1.0 0.99998796
1.0 0.9999858
1.0 0.9999851
1.0 0.99999046
1.0 0.99999154
1.0 0.9999902
1.0 0.999984
1.0 0.99999225
1.0 0.99999154
1.0 0.99993145
1.0 0.9998845
1.0 0.99999094
1.0 0.99989307
1.0 0.9999833
1.0 0.9999908
1.0 0.9999926
1.0 0.9999927
1.0 0.9999925
1.0 0.99999046
1.0 0.99996424
1.0 0.9998703
1.0 0.999982
1.0 0.9999881
1.0 0.9999827
1.0 0.9999845
1.0 0.9999927
1.0 0.9999919
1.0 0.99998796
1.0 0.99989307
1.0 0.99999213
1.0 0.9999906
1.0 0.9999926
1.0 0.99999106
1.0 0.9999881
1.0 0.9999455
1.0 0.99998796
1.0 0.99998593
1.0 0.99998903
1.0 0.99999046
1.0 0.9999902
1.0 0.99997973
1.0 0.999984
1.0 0.9999918
1.0 0.9999924
1.0 0.9999919
1.0 0.9999926
1.0 0.9999801
1.0 0.99998045
1.0 0.99999225
1.0 0.99998903
1.0 0.99999225
1.0 0.9999931
1.0 0.9999268
1.0 0.9999808
1.0 0.99999166
1.0 0.999984
1.0 0.99998796
1.0 0.99993145
1.0 0.9999906
1.0 0.99998546
1.0 0.99992764
1.0 0.9999926
1.0 0.9999919
1.0 0.9999845
1.0 0.9999677
1.0 0.99998045
1.0 0.9999927
1.0 0.9999926
1.0 0.9999927
1.0 0.99998105
1.0 0.99992764
1.0 0.9999931
1.0 0.999992
1.0 0.99998593
1.0 0.99999213
1.0 0.9998703
1.0 0.9999831
1.0 0.9999906
1.0 0.9999926
1.0 0.99999285
1.0 0.9999883
1.0 0.9999927
1.0 0.9999852
1.0 0.9999907
1.0 0.9999808
1.0 0.9999715
1.0 0.99998736
1.0 0.99996746
1.0 0.9999918
1.0 0.9999933
1.0 0.9999844
1.0 0.99993706
1.0 0.9999927
1.0 0.9999906
1.0 0.999858
1.0 0.9999796
1.0 0.99996746
1.0 0.9999392
1.0 0.99999046
1.0 0.9999931
1.0 0.9999931
1.0 0.9999908
1.0 0.99998736
1.0 0.9999924
1.0 0.9999871
1.0 0.9999931
1.0 0.99998796
1.0 0.99999154
1.0 0.99999213
1.0 0.9999883
1.0 0.99998796
1.0 0.9999919
1.0 0.99999154
1.0 0.9999927
1.0 0.99998105
1.0 0.999984
1.0 0.99996424
1.0 0.99999297
1.0 0.9998305
1.0 0.9999808
1.0 0.99999297
1.0 0.99999106
1.0 0.9998697
1.0 0.99992764
1.0 0.99999285
1.0 0.9999924
1.0 0.99998796
1.0 0.99990904
1.0 0.99998796
1.0 0.9999883
1.0 0.9999924
1.0 0.9999927
1.0 0.99998665
1.0 0.99993145
1.0 0.9999715
1.0 0.9999924
1.0 0.9999907
1.0 0.99998665
1.0 0.999961
1.0 0.99993145
1.0 0.9999455
1.0 0.9999864
1.0 0.999961
1.0 0.99998796
1.0 0.9999392
1.0 0.99999046
1.0 0.9999925
1.0 0.99998105
1.0 0.999982
1.0 0.99998856
1.0 0.9999925
1.0 0.99998665
1.0 0.999985
1.0 0.9999931
1.0 0.9999907
1.0 0.999992
1.0 0.9999925
1.0 0.99998295
1.0 0.99998665
1.0 0.9999927
1.0 0.999984
1.0 0.9999907
1.0 0.9999907
1.0 0.99998903
1.0 0.9999831
1.0 0.9999809
1.0 0.99998486
1.0 0.9999851
1.0 0.9999902
1.0 0.9999931
1.0 0.9998934
1.0 0.99999166
1.0 0.9999857
1.0 0.99996424
1.0 0.9999931
1.0 0.9999927
1.0 0.99999166
1.0 0.9998934
1.0 0.9999833
1.0 0.9999387
1.0 0.999992
1.0 0.9999931
1.0 0.99990904
1.0 0.9999865
1.0 0.99987674
1.0 0.9999833
1.0 0.9999827
1.0 0.9999906
1.0 0.99997973
1.0 0.9999825
1.0 0.99996865
1.0 0.99999297
1.0 0.9999833
1.0 0.9999925
1.0 0.99999094
1.0 0.9999926
1.0 0.99998677
1.0 0.9999012
1.0 0.9999827
1.0 0.99998105
1.0 0.9999927
1.0 0.99999297
1.0 0.99999285
1.0 0.9999852
1.0 0.9999908
1.0 0.9999831
1.0 0.99992764
1.0 0.9999919
1.0 0.9999931
1.0 0.9999831
1.0 0.9999883
1.0 0.9999907
1.0 0.9999924
1.0 0.9999796
1.0 0.9999455
1.0 0.9999715
1.0 0.9999931
1.0 0.99996424
1.0 0.99998736
1.0 0.9999846
1.0 0.9999926
1.0 0.9999677
1.0 0.9999808
1.0 0.99999297
1.0 0.999992
1.0 0.9999846
1.0 0.9999883
1.0 0.9999919
1.0 0.9999906
1.0 0.9999925
1.0 0.9999919
1.0 0.9999012
1.0 0.9999883
1.0 0.9999801
1.0 0.99996877
1.0 0.99996877
1.0 0.9999925
1.0 0.9999919
1.0 0.99999166
1.0 0.99999285
1.0 0.99993145
1.0 0.9999831
1.0 0.9999882
1.0 0.9999907
1.0 0.9999925
1.0 0.9999871
1.0 0.99998105
1.0 0.9999924
1.0 0.9999906
1.0 0.9999927
1.0 0.99993706
1.0 0.9999652
1.0 0.99998903
1.0 0.9999846
1.0 0.9999924
1.0 0.99999094
1.0 0.9999907
1.0 0.999858
1.0 0.9999808
1.0 0.99999297
1.0 0.9999924
1.0 0.9999347
1.0 0.9999907
1.0 0.99998593
1.0 0.9998305
1.0 0.99992764
1.0 0.99999285
1.0 0.999992
1.0 0.9999926
1.0 0.9999906
1.0 0.9999865
1.0 0.99999285
1.0 0.9999268
1.0 0.99999094
1.0 0.9999882
1.0 0.99999046
1.0 0.9999808
1.0 0.9999863
1.0 0.99999213
1.0 0.9999927
1.0 0.9998305
1.0 0.9999931
1.0 0.9999883
1.0 0.9999858
1.0 0.99999225
1.0 0.9999931
1.0 0.9999925
1.0 0.9998934
1.0 0.999992
1.0 0.99998856
1.0 0.9999881
1.0 0.99998736
1.0 0.9999857
1.0 0.99996746
1.0 0.99999297
1.0 0.9999931
1.0 0.999961
1.0 0.99999213
1.0 0.99999166
1.0 0.99999297
1.0 0.9999907
1.0 0.999858
1.0 0.999992
1.0 0.99998844
1.0 0.9999927
1.0 0.999984
1.0 0.9999925
1.0 0.9999907
1.0 0.999858
1.0 0.99996877
1.0 0.9998845
1.0 0.9999907
1.0 0.9999924
1.0 0.9999906
1.0 0.9999852
1.0 0.9999827
1.0 0.99998856
1.0 0.9999927
1.0 0.9999927
1.0 0.99998426
1.0 0.9999808
1.0 0.99998105
1.0 0.99993706
1.0 0.99999046
1.0 0.9999881
1.0 0.9999906
1.0 0.99998856
1.0 0.9999865
1.0 0.99999297
1.0 0.9999906
1.0 0.9999871
1.0 0.9999907
1.0 0.99996877
1.0 0.9999865
1.0 0.99999154
1.0 0.999858
1.0 0.9999862
1.0 0.9999881
1.0 0.999982
1.0 0.9999844
1.0 0.9999871
1.0 0.9999918
1.0 0.9999919
1.0 0.9999907
1.0 0.9999865
1.0 0.9999924
1.0 0.9999316
1.0 0.99996877
1.0 0.9999652
1.0 0.9999924
1.0 0.9999852
1.0 0.9999926
1.0 0.9999883
1.0 0.9999931
1.0 0.9999931
1.0 0.99998546
1.0 0.9999919
1.0 0.9999796
1.0 0.99999297
1.0 0.9999652
1.0 0.99990904
1.0 0.9999906
1.0 0.99998426
1.0 0.9999825
1.0 0.9999926
1.0 0.99999297
1.0 0.9999845
1.0 0.9999924
1.0 0.9999268
1.0 0.9999927
1.0 0.99998593
1.0 0.9999931
1.0 0.9999927
1.0 0.99999213
1.0 0.9999927
1.0 0.99987674
1.0 0.9999906
1.0 0.99999166
1.0 0.9999933
1.0 0.9999883
1.0 0.99998796
1.0 0.9999827
1.0 0.9999865
1.0 0.9999919
1.0 0.9999821
1.0 0.9999825
1.0 0.9998845
1.0 0.9999927
1.0 0.99997973
1.0 0.99999225
1.0 0.99999166
1.0 0.9999846
1.0 0.9999864
1.0 0.99999225
1.0 0.999992
1.0 0.9999907
1.0 0.9999919
1.0 0.99998736
1.0 0.9999907
1.0 0.99999225
1.0 0.9999925
1.0 0.99990904
1.0 0.9999863
1.0 0.99996746
1.0 0.9999858
1.0 0.9999852
1.0 0.9999925
1.0 0.9998697
1.0 0.9999883
1.0 0.9999268
1.0 0.99997973
1.0 0.9999908
1.0 0.9999907
1.0 0.9999925
1.0 0.99999166
1.0 0.99998426
1.0 0.9999919
1.0 0.9999392
1.0 0.9999933
1.0 0.9999907
1.0 0.9999907
1.0 0.9999919
1.0 0.9999927
1.0 0.999858
1.0 0.9999927
1.0 0.9999902
1.0 0.9999919
1.0 0.99999046
1.0 0.99998796
1.0 0.9999808
1.0 0.99999225
1.0 0.9999906
1.0 0.9999652
1.0 0.9999924
1.0 0.99996746
1.0 0.9999863
1.0 0.99999046
1.0 0.9999907
1.0 0.9999931
1.0 0.9999871
1.0 0.99998903
1.0 0.99998903
1.0 0.9999455
1.0 0.99998903
1.0 0.99999154
1.0 0.99996746
1.0 0.9999821
1.0 0.9999844
1.0 0.99999106
1.0 0.9999926
1.0 0.99998045
1.0 0.99999166
1.0 0.9999924
1.0 0.9998845
1.0 0.99992764
1.0 0.9999833
1.0 0.9999931
1.0 0.9999924
1.0 0.99996424
1.0 0.9999927
1.0 0.9999808
1.0 0.9999796
1.0 0.9999821
1.0 0.999961
1.0 0.9998697
1.0 0.999992
1.0 0.9999808
1.0 0.9999906
1.0 0.9999931
1.0 0.9999919
1.0 0.9999268
1.0 0.99996746
1.0 0.9999865
1.0 0.99999297
1.0 0.9999833
1.0 0.99998856
1.0 0.99998677
1.0 0.99998045
1.0 0.9999927
1.0 0.99999213
1.0 0.9999924
1.0 0.9999858
1.0 0.99996865
1.0 0.9999925
1.0 0.9999883
1.0 0.9999652
1.0 0.9999833
1.0 0.9999926
1.0 0.9999821
1.0 0.99999285
1.0 0.9999919
1.0 0.9999919
1.0 0.99996746
1.0 0.9999931
1.0 0.99996865
1.0 0.9999924
1.0 0.99996877
1.0 0.9999316
1.0 0.9999387
1.0 0.99990904
