true vs pred:
1.0 0.97557414
1.0 0.9985611
0.0 0.14787033
0.0 0.11972951
1.0 0.975026
1.0 0.99839336
1.0 0.9985611
1.0 0.99883205
1.0 0.9737326
1.0 0.9158931
1.0 0.9975914
0.0 0.1180709
1.0 0.9950191
0.0 0.23796692
1.0 0.9975147
1.0 0.91994995
1.0 0.9979961
1.0 0.9946162
1.0 0.97394955
1.0 0.81252337
1.0 0.9358246
1.0 0.99478626
0.0 0.38119453
1.0 0.9158931
1.0 0.9975914
1.0 0.97372705
1.0 0.998293
1.0 0.97394955
0.0 0.20289688
1.0 0.97738326
1.0 0.9691896
0.0 0.16100152
1.0 0.99813205
1.0 0.9963736
0.0 0.11656235
1.0 0.9983261
1.0 0.9722235
1.0 0.81045264
1.0 0.81252337
1.0 0.9986664
1.0 0.9986664
1.0 0.9984291
1.0 0.99616784
1.0 0.9984768
0.0 0.11376368
1.0 0.9963736
1.0 0.9974814
0.0 0.38119453
0.0 0.19667503
1.0 0.997558
0.0 0.12628491
1.0 0.94072735
1.0 0.9983261
1.0 0.9691896
1.0 0.99890304
1.0 0.9757413
1.0 0.99612755
1.0 0.9158931
1.0 0.84660065
0.0 0.19667503
1.0 0.8187254
1.0 0.9946162
1.0 0.99838555
1.0 0.99782026
1.0 0.93016744
1.0 0.94394606
1.0 0.97394955
1.0 0.9980038
1.0 0.9986552
1.0 0.9158931
1.0 0.99813205
1.0 0.9740829
1.0 0.9988939
0.0 0.4377537
0.0 0.120544046
1.0 0.9988978
1.0 0.99399406
1.0 0.975669
1.0 0.9974814
1.0 0.9158931
1.0 0.8055805
1.0 0.9325743
1.0 0.99892104
1.0 0.9947464
1.0 0.9986082
1.0 0.99813205
1.0 0.9986082
1.0 0.9960764
0.0 0.19667503
0.0 0.15088466
1.0 0.9978739
1.0 0.99621946
1.0 0.9989524
1.0 0.99854976
0.0 0.39647222
1.0 0.99839956
1.0 0.9978739
1.0 0.9975147
1.0 0.99725586
0.0 0.14595152
1.0 0.9358246
1.0 0.84660065
0.0 0.38119453
1.0 0.9974814
1.0 0.9983816
1.0 0.9984785
1.0 0.9975147
1.0 0.9728626
1.0 0.99741334
1.0 0.81252337
0.0 0.21622069
0.0 0.38119453
1.0 0.8055805
1.0 0.93439126
0.0 0.11656235
1.0 0.94394606
1.0 0.9988978
1.0 0.9736936
1.0 0.9960382
0.0 0.14380783
1.0 0.8187254
1.0 0.9975914
1.0 0.9986091
0.0 0.15088466
1.0 0.7985365
1.0 0.93016744
1.0 0.9737326
1.0 0.99370074
1.0 0.9358246
1.0 0.99478626
1.0 0.9742847
1.0 0.97372705
1.0 0.7846715
0.0 0.11656235
1.0 0.7846715
1.0 0.9984785
1.0 0.9988939
0.0 0.13052286
1.0 0.91994995
1.0 0.93439126
1.0 0.99813205
1.0 0.99892104
0.0 0.14787033
1.0 0.9986091
1.0 0.9986091
1.0 0.9985324
1.0 0.99725586
1.0 0.9940725
1.0 0.99782026
1.0 0.9989417
0.0 0.38695332
0.0 0.1180709
1.0 0.9986082
0.0 0.3569226
1.0 0.9974814
1.0 0.93139035
1.0 0.9358246
1.0 0.9980038
1.0 0.9963736
0.0 0.38119453
1.0 0.8284964
1.0 0.9745914
0.0 0.3939089
1.0 0.97738326
1.0 0.97557414
1.0 0.9985611
1.0 0.9973264
0.0 0.20289688
0.0 0.23769167
0.0 0.34591585
1.0 0.99839956
0.0 0.1180709
1.0 0.9950191
1.0 0.9963736
0.0 0.20289688
1.0 0.9986082
0.0 0.3939089
0.0 0.3569226
1.0 0.9691896
1.0 0.9745914
0.0 0.14380783
0.0 0.15088466
0.0 0.15769012
1.0 0.99741334
1.0 0.9978314
1.0 0.9975495
1.0 0.9960382
1.0 0.9978739
1.0 0.97201186
1.0 0.9960764
1.0 0.9985611
1.0 0.99838555
0.0 0.3569226
0.0 0.24733439
1.0 0.99839336
1.0 0.99390775
1.0 0.998293
1.0 0.9961987
1.0 0.99616784
1.0 0.9960217
1.0 0.9962101
1.0 0.9962101
1.0 0.99390775
1.0 0.8579056
1.0 0.99815196
1.0 0.99838555
0.0 0.16100152
1.0 0.9984768
1.0 0.9722235
1.0 0.9983261
1.0 0.8055805
0.0 0.15769012
0.0 0.23796692
1.0 0.9728626
1.0 0.9755731
1.0 0.9745953
1.0 0.99725586
1.0 0.99621946
1.0 0.8284964
1.0 0.9975147
1.0 0.9989417
0.0 0.38219777
1.0 0.99890304
0.0 0.15769012
1.0 0.9722235
1.0 0.9978694
1.0 0.9960382
1.0 0.997558
0.0 0.19667503
1.0 0.9755731
0.0 0.4377537
1.0 0.9728626
1.0 0.9988939
1.0 0.99843305
1.0 0.997558
1.0 0.99478626
0.0 0.4029057
1.0 0.9374089
0.0 0.21079129
1.0 0.97738326
1.0 0.9986552
1.0 0.99621946
1.0 0.9974814
0.0 0.13104576
1.0 0.99883205
0.0 0.4377537
1.0 0.8284964
1.0 0.99621946
1.0 0.9728626
1.0 0.99895346
1.0 0.9960764
1.0 0.8187254
1.0 0.99478626
1.0 0.9940725
1.0 0.9691896
1.0 0.9722235
1.0 0.8187254
1.0 0.998293
0.0 0.39647222
1.0 0.9974814
1.0 0.9975495
0.0 0.11972951
1.0 0.9988978
1.0 0.99854976
1.0 0.9984768
1.0 0.9988939
0.0 0.19667503
1.0 0.998293
0.0 0.24733439
1.0 0.9988939
1.0 0.9985374
1.0 0.9946162
1.0 0.9986552
1.0 0.9374089
1.0 0.99843305
1.0 0.9728626
1.0 0.9975879
0.0 0.3939089
0.0 0.38219777
1.0 0.99815196
1.0 0.9946162
0.0 0.11376368
1.0 0.9358246
1.0 0.9770278
1.0 0.9947464
1.0 0.9985374
1.0 0.9737326
1.0 0.8284964
1.0 0.94072735
1.0 0.9736936
1.0 0.93016744
1.0 0.9755731
1.0 0.9960764
1.0 0.9755731
1.0 0.9978314
0.0 0.38695332
1.0 0.9722235
0.0 0.4377537
0.0 0.14595152
0.0 0.14787033
1.0 0.998293
0.0 0.15088466
1.0 0.9957765
0.0 0.120544046
1.0 0.9740829
1.0 0.97372705
0.0 0.23796692
1.0 0.9158931
1.0 0.9728626
1.0 0.99438703
1.0 0.9979961
1.0 0.9755731
1.0 0.99621946
0.0 0.21622069
1.0 0.82434523
1.0 0.9358246
0.0 0.23769167
1.0 0.91994995
1.0 0.8187254
1.0 0.9973264
1.0 0.93139035
1.0 0.99616784
1.0 0.9947464
1.0 0.9986552
1.0 0.81252337
0.0 0.13104576
1.0 0.99370074
1.0 0.99435776
1.0 0.9973264
0.0 0.34591585
1.0 0.99741334
1.0 0.97201186
1.0 0.99813205
1.0 0.9984785
1.0 0.9978314
1.0 0.9989417
1.0 0.9980038
1.0 0.9358246
1.0 0.9978739
1.0 0.7846715
1.0 0.9985324
1.0 0.998293
1.0 0.9158931
1.0 0.99435776
0.0 0.38695332
1.0 0.93016744
1.0 0.9974814
1.0 0.9974814
1.0 0.93016744
1.0 0.99370074
1.0 0.99435776
1.0 0.9988939
1.0 0.97372705
1.0 0.9962101
1.0 0.9983816
1.0 0.9988939
1.0 0.99890304
1.0 0.9960382
0.0 0.15088466
0.0 0.15368369
1.0 0.9986552
1.0 0.99890304
1.0 0.99370074
1.0 0.9947464
1.0 0.9985611
1.0 0.9988939
1.0 0.9960764
1.0 0.82434523
1.0 0.99782026
0.0 0.11656235
1.0 0.9960764
1.0 0.998293
1.0 0.9745953
1.0 0.9984768
0.0 0.11972951
0.0 0.15368369
1.0 0.9978314
1.0 0.9975147
1.0 0.9989417
1.0 0.9742847
1.0 0.9737326
1.0 0.99838555
1.0 0.9946162
1.0 0.9728626
1.0 0.997558
1.0 0.99612755
1.0 0.9975879
1.0 0.99883205
1.0 0.9745914
0.0 0.38695332
0.0 0.15368369
1.0 0.8187254
1.0 0.93439126
1.0 0.97394955
1.0 0.8284964
1.0 0.97738326
1.0 0.9737326
0.0 0.20289688
0.0 0.14787033
1.0 0.99895346
1.0 0.97201186
0.0 0.3939089
0.0 0.11888385
0.0 0.14787033
1.0 0.91994995
1.0 0.9740829
0.0 0.14787033
1.0 0.7985365
1.0 0.9983816
1.0 0.9980038
0.0 0.4377537
1.0 0.91994995
0.0 0.24580112
1.0 0.9978314
1.0 0.9980038
1.0 0.99854976
0.0 0.12628491
1.0 0.99621946
0.0 0.3569226
1.0 0.9755731
0.0 0.1180709
1.0 0.9980038
1.0 0.9979961
1.0 0.8284964
1.0 0.9988978
1.0 0.94072735
1.0 0.97738326
0.0 0.1180709
1.0 0.9962101
1.0 0.9957765
0.0 0.11656235
0.0 0.11376368
1.0 0.9975495
1.0 0.9158931
0.0 0.15088466
1.0 0.9755731
1.0 0.97201186
1.0 0.97372705
1.0 0.93439126
0.0 0.38219777
0.0 0.120544046
0.0 0.3569226
1.0 0.9742847
1.0 0.99435776
1.0 0.99435776
1.0 0.99741334
0.0 0.38119453
0.0 0.24733439
0.0 0.38695332
0.0 0.15769012
0.0 0.13737209
0.0 0.38695332
1.0 0.9985324
1.0 0.99616784
1.0 0.9745914
1.0 0.9986552
1.0 0.99370074
0.0 0.38119453
1.0 0.99839336
1.0 0.9947464
1.0 0.9986082
1.0 0.9984768
1.0 0.94394606
1.0 0.9960217
1.0 0.9984024
1.0 0.8284964
0.0 0.1180709
1.0 0.99883205
1.0 0.9745953
1.0 0.99839956
1.0 0.9978314
1.0 0.99844724
1.0 0.99438703
1.0 0.82434523
0.0 0.13104576
1.0 0.9989524
1.0 0.9985611
0.0 0.4029057
0.0 0.13737209
1.0 0.9757413
1.0 0.9985611
1.0 0.99741334
1.0 0.99621946
0.0 0.23769167
1.0 0.99815196
1.0 0.9691896
1.0 0.9978694
1.0 0.9158931
0.0 0.14380783
0.0 0.112385444
1.0 0.9358246
1.0 0.9962101
0.0 0.14787033
1.0 0.9960764
0.0 0.20646405
1.0 0.7846715
0.0 0.14551838
1.0 0.9975879
1.0 0.81045264
1.0 0.99892104
1.0 0.9985611
0.0 0.12480483
1.0 0.99895346
1.0 0.99725586
0.0 0.19667503
0.0 0.24580112
1.0 0.99438703
1.0 0.99843305
1.0 0.9740829
1.0 0.99390775
1.0 0.9980038
1.0 0.9963736
1.0 0.9963736
1.0 0.99621946
1.0 0.997558
1.0 0.99435776
1.0 0.9986664
1.0 0.9975914
1.0 0.9983816
0.0 0.20646405
