true vs pred:
1.0 0.9998766
1.0 0.99963176
1.0 0.99963677
1.0 0.9994721
1.0 0.9998783
1.0 0.9970874
1.0 0.99896014
1.0 0.99981123
1.0 0.9998621
1.0 0.9993512
1.0 0.9993512
1.0 0.9992254
1.0 0.9989592
1.0 0.99704033
1.0 0.9899978
1.0 0.9997317
1.0 0.99887186
1.0 0.99976367
1.0 0.999694
1.0 0.99946636
1.0 0.99704033
1.0 0.9998605
1.0 0.9991854
1.0 0.99890256
1.0 0.99981123
1.0 0.99986696
1.0 0.9998728
1.0 0.9998511
1.0 0.9989592
1.0 0.9997317
1.0 0.9998511
1.0 0.9990814
1.0 0.9997589
1.0 0.9998543
1.0 0.99986756
1.0 0.99981123
1.0 0.9918909
1.0 0.9998747
1.0 0.9997259
1.0 0.9997217
1.0 0.9996462
1.0 0.9998567
1.0 0.99987173
1.0 0.99967
1.0 0.99981827
1.0 0.999876
1.0 0.9997099
1.0 0.9998605
1.0 0.9998746
1.0 0.9995135
1.0 0.9998809
1.0 0.9970874
1.0 0.9998599
1.0 0.99985623
1.0 0.9991854
1.0 0.9998599
1.0 0.9998653
1.0 0.9994537
1.0 0.99964345
1.0 0.9991854
1.0 0.99981827
1.0 0.99908197
1.0 0.9989592
1.0 0.9998628
1.0 0.997006
1.0 0.99986184
1.0 0.9998797
1.0 0.9998783
1.0 0.9994537
1.0 0.99987185
1.0 0.99890256
1.0 0.99971384
1.0 0.999328
1.0 0.9992872
1.0 0.9998746
1.0 0.9991854
1.0 0.99925035
1.0 0.99987185
1.0 0.99970883
1.0 0.9998597
1.0 0.9993575
1.0 0.9998653
1.0 0.99970573
1.0 0.99987185
1.0 0.9997801
1.0 0.9998235
1.0 0.9998178
1.0 0.9998202
1.0 0.99039453
1.0 0.9996942
1.0 0.99987173
1.0 0.9992793
1.0 0.99736834
1.0 0.9998553
1.0 0.9998747
1.0 0.999694
1.0 0.99945766
1.0 0.9997004
1.0 0.9998797
1.0 0.9998797
1.0 0.9972155
1.0 0.99963677
1.0 0.9997217
1.0 0.99987173
1.0 0.99039453
1.0 0.9992254
1.0 0.9998809
1.0 0.99896014
1.0 0.9993197
1.0 0.99908197
1.0 0.9997532
1.0 0.99970883
1.0 0.999876
1.0 0.9998766
1.0 0.99963176
1.0 0.9998652
1.0 0.999694
1.0 0.9994721
1.0 0.999408
1.0 0.9990814
1.0 0.999308
1.0 0.9998684
1.0 0.99967
1.0 0.9993575
1.0 0.9998553
1.0 0.99704033
1.0 0.9998807
1.0 0.9996309
1.0 0.99960595
1.0 0.99987435
1.0 0.9972155
1.0 0.9991406
1.0 0.9998567
1.0 0.9972155
1.0 0.99987173
1.0 0.9996462
1.0 0.9998511
1.0 0.99960595
1.0 0.9998679
1.0 0.9972155
1.0 0.9998579
1.0 0.9998202
1.0 0.9998605
1.0 0.9998722
1.0 0.9998178
1.0 0.9993575
1.0 0.9972832
1.0 0.9994997
1.0 0.99149686
1.0 0.99981195
1.0 0.99736834
1.0 0.9998567
1.0 0.99963176
1.0 0.9991854
1.0 0.99896014
1.0 0.99982375
1.0 0.9998783
1.0 0.9998722
1.0 0.99896014
1.0 0.9915182
1.0 0.9997662
1.0 0.9989033
1.0 0.9998574
1.0 0.9990814
1.0 0.99986386
1.0 0.9918909
1.0 0.99970573
1.0 0.999876
1.0 0.9998722
1.0 0.99960595
1.0 0.9997259
1.0 0.99704033
1.0 0.9998684
1.0 0.9997004
1.0 0.9993625
1.0 0.9996309
1.0 0.9994997
1.0 0.9995135
1.0 0.9993625
1.0 0.9997589
1.0 0.9998652
1.0 0.99967
1.0 0.99962413
1.0 0.99970883
1.0 0.9915182
1.0 0.99986374
1.0 0.99945825
1.0 0.9998634
1.0 0.9989592
1.0 0.9993512
1.0 0.9997004
1.0 0.99967
1.0 0.997355
1.0 0.99986136
1.0 0.99986756
1.0 0.9997099
1.0 0.9996462
1.0 0.9998553
1.0 0.99887186
1.0 0.99039453
1.0 0.9998202
1.0 0.9998746
1.0 0.9997532
1.0 0.99039453
1.0 0.99129957
1.0 0.9997025
1.0 0.9993625
1.0 0.9972832
1.0 0.9995135
1.0 0.9918909
1.0 0.9998179
1.0 0.9997181
1.0 0.9997708
1.0 0.99976367
1.0 0.9998653
1.0 0.997006
1.0 0.9998716
1.0 0.9998635
1.0 0.99945766
1.0 0.9998553
1.0 0.99962413
1.0 0.9916853
1.0 0.99908197
1.0 0.9992872
1.0 0.991747
1.0 0.9998635
1.0 0.9993625
1.0 0.9998574
1.0 0.99986184
1.0 0.99896014
1.0 0.9998679
1.0 0.9995135
1.0 0.9998235
1.0 0.9989592
1.0 0.9916351
1.0 0.99890256
1.0 0.999408
1.0 0.9998553
1.0 0.9993197
1.0 0.99987173
1.0 0.99970573
1.0 0.99981683
1.0 0.99937516
1.0 0.9997317
1.0 0.9916853
1.0 0.9991406
1.0 0.9998179
1.0 0.99967
1.0 0.9991406
1.0 0.9993625
1.0 0.999658
1.0 0.9993625
1.0 0.99967
1.0 0.99986756
1.0 0.99987495
1.0 0.9993512
1.0 0.9998621
1.0 0.9994331
1.0 0.9997259
1.0 0.9972155
1.0 0.99945766
1.0 0.99987495
1.0 0.9990484
1.0 0.99925035
1.0 0.9997589
1.0 0.9997181
1.0 0.99987257
1.0 0.9998684
1.0 0.9916351
1.0 0.9998628
1.0 0.99981195
1.0 0.99736834
1.0 0.9998728
1.0 0.9997025
1.0 0.9991854
1.0 0.99962413
1.0 0.9998599
1.0 0.9998179
1.0 0.99129957
1.0 0.9998653
1.0 0.999408
1.0 0.9989592
1.0 0.9996309
1.0 0.9997589
1.0 0.9998783
1.0 0.9972832
1.0 0.9998567
1.0 0.9998621
1.0 0.9998599
1.0 0.99976367
1.0 0.9998766
1.0 0.9998543
1.0 0.9972155
1.0 0.997006
1.0 0.9992399
1.0 0.9989592
1.0 0.9997532
1.0 0.9998511
1.0 0.9998179
1.0 0.9998202
1.0 0.9998653
1.0 0.9997099
1.0 0.99963176
1.0 0.99704033
1.0 0.9997099
1.0 0.999658
1.0 0.99967
1.0 0.9997564
1.0 0.9994721
1.0 0.9990484
1.0 0.99970573
1.0 0.99039453
1.0 0.9998235
1.0 0.9998597
1.0 0.9997004
1.0 0.99970573
1.0 0.9995135
1.0 0.99970883
1.0 0.9991406
1.0 0.99986756
1.0 0.9998652
1.0 0.9996309
1.0 0.9998597
1.0 0.9994721
1.0 0.9998566
1.0 0.9997428
1.0 0.99971384
1.0 0.99964345
1.0 0.9997662
1.0 0.99039453
1.0 0.99937975
1.0 0.99937516
1.0 0.999658
1.0 0.9998809
1.0 0.9991854
1.0 0.9998722
1.0 0.9992872
1.0 0.9998653
1.0 0.99736834
1.0 0.9970874
1.0 0.99039453
1.0 0.9998178
1.0 0.99986374
1.0 0.99981827
1.0 0.9998679
1.0 0.9998566
1.0 0.9998597
1.0 0.9997217
1.0 0.999658
1.0 0.99981827
1.0 0.99937516
1.0 0.9998797
1.0 0.9996462
1.0 0.991747
1.0 0.99976367
1.0 0.99743277
1.0 0.9998766
1.0 0.9970554
1.0 0.9998677
1.0 0.9998634
1.0 0.9997428
1.0 0.9994721
1.0 0.99945825
1.0 0.99986374
1.0 0.9992793
1.0 0.999876
1.0 0.9998684
1.0 0.9998511
1.0 0.9993625
1.0 0.9991854
1.0 0.99985623
1.0 0.9992399
1.0 0.9998171
1.0 0.9998511
1.0 0.9996942
1.0 0.9997025
1.0 0.9970874
1.0 0.99986756
1.0 0.99981123
1.0 0.99982375
1.0 0.9998621
1.0 0.99986374
1.0 0.99937516
1.0 0.999328
1.0 0.9989592
1.0 0.99736834
1.0 0.99937975
1.0 0.99986374
1.0 0.99981195
1.0 0.9997317
1.0 0.9996309
1.0 0.999876
1.0 0.99986136
1.0 0.99945825
1.0 0.997355
1.0 0.99987495
1.0 0.9998202
1.0 0.99971384
1.0 0.99916184
1.0 0.99890256
1.0 0.9998652
1.0 0.9993625
1.0 0.997006
1.0 0.9997589
1.0 0.99937516
1.0 0.9970874
1.0 0.9916351
1.0 0.9998684
1.0 0.9996309
1.0 0.99954337
1.0 0.9997259
1.0 0.99970883
1.0 0.99963677
1.0 0.9998766
1.0 0.9998566
1.0 0.9998809
1.0 0.9998677
1.0 0.9998679
1.0 0.9997099
1.0 0.9998179
1.0 0.99960595
1.0 0.99970883
1.0 0.99704033
1.0 0.99758613
1.0 0.99987257
1.0 0.9997259
1.0 0.9998728
1.0 0.9972832
1.0 0.9994997
1.0 0.9998728
1.0 0.9998635
1.0 0.9992254
1.0 0.9998574
1.0 0.99736834
1.0 0.9998597
1.0 0.99981123
1.0 0.99986374
1.0 0.99946636
1.0 0.9996309
1.0 0.9998679
1.0 0.9998628
1.0 0.9899978
1.0 0.9972155
1.0 0.9998202
1.0 0.999308
1.0 0.9997564
1.0 0.9998797
1.0 0.99971384
1.0 0.9998597
1.0 0.99987173
1.0 0.99970883
1.0 0.9998746
1.0 0.99945825
1.0 0.99970573
1.0 0.9998511
1.0 0.9998677
1.0 0.9997532
1.0 0.9997025
1.0 0.9918909
1.0 0.999308
1.0 0.9989033
1.0 0.99981195
1.0 0.9997317
1.0 0.99986696
1.0 0.9990484
1.0 0.99758613
1.0 0.99976367
1.0 0.9997532
1.0 0.9998666
1.0 0.9996309
1.0 0.9997662
1.0 0.99758613
1.0 0.997006
1.0 0.9989008
1.0 0.9993575
1.0 0.9998597
1.0 0.9989592
1.0 0.9998679
1.0 0.9997706
1.0 0.99887186
1.0 0.99981683
1.0 0.99971384
1.0 0.99758613
1.0 0.9991406
1.0 0.9997532
1.0 0.997355
1.0 0.9994537
1.0 0.9992793
1.0 0.9998579
1.0 0.9989008
1.0 0.9997217
1.0 0.9998179
1.0 0.9998666
1.0 0.9998574
1.0 0.99986136
1.0 0.99945766
1.0 0.99925035
1.0 0.9998797
1.0 0.99129957
1.0 0.9998783
1.0 0.99985623
1.0 0.99987257
1.0 0.9997532
1.0 0.99946636
1.0 0.9998666
1.0 0.9990484
1.0 0.99039453
1.0 0.9998566
1.0 0.9998579
1.0 0.9913607
1.0 0.9997259
1.0 0.9998628
1.0 0.9993625
1.0 0.99981123
1.0 0.9915182
1.0 0.9997217
1.0 0.9998653
1.0 0.9998179
1.0 0.9899978
1.0 0.9998599
