true vs pred:
1.0 0.99997985
1.0 0.9999577
1.0 0.99998736
1.0 0.9999893
1.0 0.9999907
1.0 0.9999726
1.0 0.999982
1.0 0.99999154
1.0 0.99999297
1.0 0.9999889
1.0 0.99997675
1.0 0.9999728
1.0 0.9999889
1.0 0.9999728
1.0 0.99995565
1.0 0.9999907
1.0 0.99999297
1.0 0.9999839
1.0 0.99998426
1.0 0.9999726
1.0 0.99999106
1.0 0.99998033
1.0 0.99998033
1.0 0.9999839
1.0 0.9999889
1.0 0.9999888
1.0 0.9999931
1.0 0.999959
1.0 0.9999927
1.0 0.99999297
1.0 0.9999813
1.0 0.99998915
1.0 0.9999888
1.0 0.99996066
1.0 0.99999154
1.0 0.9999913
1.0 0.9999932
1.0 0.99995863
1.0 0.9999778
1.0 0.9999908
1.0 0.9999614
1.0 0.9999583
1.0 0.9999914
1.0 0.9999907
1.0 0.9999931
1.0 0.9999932
1.0 0.9999932
1.0 0.9999888
1.0 0.9999846
1.0 0.9999932
1.0 0.99998164
1.0 0.9999927
1.0 0.9999914
1.0 0.99999297
1.0 0.9999893
1.0 0.99995565
1.0 0.9999802
1.0 0.9999577
1.0 0.9999893
1.0 0.9999795
1.0 0.99999297
1.0 0.99995327
1.0 0.9999862
1.0 0.99999154
1.0 0.99998987
1.0 0.9999554
1.0 0.9999727
1.0 0.9999907
1.0 0.9999932
1.0 0.9999614
1.0 0.9999802
1.0 0.9999796
1.0 0.99999297
1.0 0.99998915
1.0 0.9999894
1.0 0.9999888
1.0 0.99999297
1.0 0.9999727
1.0 0.99995565
1.0 0.9999927
1.0 0.99998546
1.0 0.99999154
1.0 0.99999285
1.0 0.9999894
1.0 0.9999913
1.0 0.99997306
1.0 0.9999931
1.0 0.99995387
1.0 0.999982
1.0 0.99998903
1.0 0.9999931
1.0 0.99999046
1.0 0.9999534
1.0 0.9999913
1.0 0.99999106
1.0 0.9999908
1.0 0.9999889
1.0 0.9999882
1.0 0.9999796
1.0 0.9999931
1.0 0.9999583
1.0 0.9999789
1.0 0.9999608
1.0 0.9999778
1.0 0.9999608
1.0 0.9999913
1.0 0.99999154
1.0 0.9999608
1.0 0.99997985
1.0 0.9999802
1.0 0.9999912
1.0 0.9999534
1.0 0.9999726
1.0 0.999961
1.0 0.99999034
1.0 0.9999883
1.0 0.99999106
1.0 0.9999894
1.0 0.99998426
1.0 0.99999285
1.0 0.9999932
1.0 0.99999297
1.0 0.99999297
1.0 0.99995565
1.0 0.99998915
1.0 0.99998903
1.0 0.9999796
1.0 0.9999809
1.0 0.9999789
1.0 0.9999778
1.0 0.99999285
1.0 0.9999813
1.0 0.9999919
1.0 0.9999931
1.0 0.99999344
1.0 0.99998546
1.0 0.9999908
1.0 0.9999914
1.0 0.9999882
1.0 0.99999297
1.0 0.99999046
1.0 0.9999888
1.0 0.9999778
1.0 0.9999577
1.0 0.99998426
1.0 0.99995494
1.0 0.999959
1.0 0.99998534
1.0 0.9999893
1.0 0.9999846
1.0 0.99999297
1.0 0.99998915
1.0 0.99997675
1.0 0.9999758
1.0 0.99999285
1.0 0.9999882
1.0 0.9999912
1.0 0.99999285
1.0 0.9999728
1.0 0.9999864
1.0 0.9999815
1.0 0.99995863
1.0 0.9999696
1.0 0.99999297
1.0 0.99999034
1.0 0.99999297
1.0 0.99999297
1.0 0.9999912
1.0 0.9999908
1.0 0.9999887
1.0 0.99999034
1.0 0.9999914
1.0 0.99999297
1.0 0.9999931
1.0 0.99998736
1.0 0.9999889
1.0 0.9999665
1.0 0.9999726
1.0 0.9999914
1.0 0.9999908
1.0 0.9999912
1.0 0.9999893
1.0 0.9999907
1.0 0.99998164
1.0 0.9999758
1.0 0.9999728
1.0 0.99997306
1.0 0.9999913
1.0 0.99995387
1.0 0.99999046
1.0 0.99995565
1.0 0.9999864
1.0 0.9999894
1.0 0.99997675
1.0 0.9999932
1.0 0.99996066
1.0 0.9999778
1.0 0.99999297
1.0 0.9999789
1.0 0.99999297
1.0 0.9999862
1.0 0.99999285
1.0 0.9999906
1.0 0.9999726
1.0 0.99999154
1.0 0.99998426
1.0 0.9999932
1.0 0.99995196
1.0 0.99999154
1.0 0.9999931
1.0 0.99999297
1.0 0.99999106
1.0 0.9999813
1.0 0.99999285
1.0 0.9999554
1.0 0.99995255
1.0 0.99998105
1.0 0.99998987
1.0 0.9999931
1.0 0.99998426
1.0 0.9999927
1.0 0.99993634
1.0 0.9999932
1.0 0.9999912
1.0 0.9999758
1.0 0.9999931
1.0 0.99998164
1.0 0.9999726
1.0 0.9999839
1.0 0.9999752
1.0 0.999984
1.0 0.99998903
1.0 0.9999932
1.0 0.9999882
1.0 0.99998546
1.0 0.9999913
1.0 0.999982
1.0 0.99999034
1.0 0.99998844
1.0 0.9999908
1.0 0.9999887
1.0 0.99999297
1.0 0.9999888
1.0 0.9999752
1.0 0.9999932
1.0 0.9999858
1.0 0.99995565
1.0 0.9999927
1.0 0.999982
1.0 0.9999802
1.0 0.9999577
1.0 0.9999727
1.0 0.99998033
1.0 0.99998534
1.0 0.9999932
1.0 0.99995387
1.0 0.99999297
1.0 0.99999344
1.0 0.9999888
1.0 0.9999789
1.0 0.9999908
1.0 0.99998426
1.0 0.99999297
1.0 0.99999344
1.0 0.9999932
1.0 0.9999931
1.0 0.9999882
1.0 0.9999665
1.0 0.99998903
1.0 0.9999906
1.0 0.9999796
1.0 0.99997365
1.0 0.99998856
1.0 0.9999907
1.0 0.9999665
1.0 0.99997306
1.0 0.9999802
1.0 0.99995565
1.0 0.9999778
1.0 0.9999907
1.0 0.9999839
1.0 0.99998736
1.0 0.99995255
1.0 0.9999789
1.0 0.99995494
1.0 0.9999913
1.0 0.9999913
1.0 0.9999907
1.0 0.99999297
1.0 0.9999883
1.0 0.99998856
1.0 0.9999752
1.0 0.9999907
1.0 0.99999285
1.0 0.999961
1.0 0.9999728
1.0 0.9999665
1.0 0.99999285
1.0 0.99993634
1.0 0.9999696
1.0 0.99997365
1.0 0.9999839
1.0 0.9999858
1.0 0.99995685
1.0 0.99999297
1.0 0.9999865
1.0 0.99999285
1.0 0.9999727
1.0 0.99999344
1.0 0.99999046
1.0 0.99999154
1.0 0.9999858
1.0 0.99998605
1.0 0.9999927
1.0 0.99995196
1.0 0.99999285
1.0 0.9999815
1.0 0.99998605
1.0 0.9999778
1.0 0.99998164
1.0 0.99998903
1.0 0.9999858
1.0 0.9999908
1.0 0.9999862
1.0 0.9999838
1.0 0.9999927
1.0 0.9999932
1.0 0.9999796
1.0 0.99998844
1.0 0.99998105
1.0 0.99999297
1.0 0.9999908
1.0 0.9999927
1.0 0.99998915
1.0 0.99999285
1.0 0.99999344
1.0 0.9999608
1.0 0.99999285
1.0 0.99999285
1.0 0.9999846
1.0 0.9999802
1.0 0.99998915
1.0 0.9999864
1.0 0.99996066
1.0 0.9999912
1.0 0.9999883
1.0 0.99999297
1.0 0.99998903
1.0 0.99999297
1.0 0.999982
1.0 0.9999913
1.0 0.9999583
1.0 0.9999864
1.0 0.9999907
1.0 0.99999297
1.0 0.9999893
1.0 0.9999796
1.0 0.9999839
1.0 0.9999758
1.0 0.9999932
1.0 0.99998546
1.0 0.9999907
1.0 0.9999838
1.0 0.9999931
1.0 0.99999285
1.0 0.9999862
1.0 0.9999796
1.0 0.99999285
1.0 0.99998546
1.0 0.99999154
1.0 0.9999796
1.0 0.9999858
1.0 0.9999914
1.0 0.99999285
1.0 0.99995196
1.0 0.99999046
1.0 0.99995255
1.0 0.99996066
1.0 0.99999285
1.0 0.9999894
1.0 0.99999297
1.0 0.9999931
1.0 0.9999927
1.0 0.99999285
1.0 0.99997044
1.0 0.9999696
1.0 0.999982
1.0 0.9999614
1.0 0.99995327
1.0 0.9999889
1.0 0.99998605
1.0 0.9999883
1.0 0.9999554
1.0 0.9999882
1.0 0.9999927
1.0 0.9999888
1.0 0.9999913
1.0 0.9999858
1.0 0.9999908
1.0 0.99999106
1.0 0.9999888
1.0 0.9999864
1.0 0.9999813
1.0 0.9999931
1.0 0.99999285
1.0 0.99997306
1.0 0.99999285
1.0 0.9999932
1.0 0.9999608
1.0 0.9999728
1.0 0.9999907
1.0 0.99999297
1.0 0.9999839
1.0 0.99999297
1.0 0.99997675
1.0 0.9999665
1.0 0.9999554
1.0 0.9999608
1.0 0.99999106
1.0 0.9999888
1.0 0.99999106
1.0 0.999984
1.0 0.9999931
1.0 0.99993634
1.0 0.99995494
1.0 0.9999795
1.0 0.9999796
1.0 0.9999864
1.0 0.99999106
1.0 0.99997044
1.0 0.9999907
1.0 0.99998987
1.0 0.9999913
1.0 0.99998987
1.0 0.99998534
1.0 0.99999297
1.0 0.9999815
1.0 0.9999813
1.0 0.99998546
1.0 0.9999813
1.0 0.9999796
1.0 0.99999106
1.0 0.99999297
1.0 0.99998105
1.0 0.9999887
1.0 0.9999907
1.0 0.9999802
1.0 0.99995196
1.0 0.99998736
1.0 0.9999614
1.0 0.99995196
1.0 0.9999608
1.0 0.9999931
1.0 0.99998915
1.0 0.99995196
1.0 0.9999888
1.0 0.9999907
1.0 0.99998546
1.0 0.99998033
1.0 0.9999906
1.0 0.9999778
1.0 0.99999154
1.0 0.9999614
1.0 0.9999796
1.0 0.9999895
1.0 0.99996066
1.0 0.99998915
1.0 0.9999907
1.0 0.9999907
1.0 0.9999696
1.0 0.9999752
1.0 0.9999865
1.0 0.9999906
1.0 0.9999796
1.0 0.99999154
1.0 0.999984
1.0 0.9999846
1.0 0.99993634
1.0 0.9999913
1.0 0.99995387
1.0 0.9999931
1.0 0.9999927
1.0 0.99998033
1.0 0.9999908
1.0 0.9999889
1.0 0.9999504
1.0 0.99997306
1.0 0.9999893
1.0 0.9999862
1.0 0.9999865
1.0 0.99995196
1.0 0.9999895
1.0 0.999984
1.0 0.9999846
1.0 0.9999583
1.0 0.99998915
1.0 0.9999788
1.0 0.9999927
1.0 0.9999665
1.0 0.999959
1.0 0.99999285
1.0 0.9999927
1.0 0.99999285
1.0 0.99999297
1.0 0.9999912
1.0 0.99995685
1.0 0.9999913
1.0 0.99997306
1.0 0.9999888
1.0 0.9999583
1.0 0.99999297
1.0 0.9999932
1.0 0.9999908
1.0 0.9999919
1.0 0.9999913
1.0 0.99999285
1.0 0.9999726
1.0 0.9999726
1.0 0.9999887
1.0 0.99996066
