true vs pred:
1.0 0.9996911
1.0 0.99918956
1.0 0.9996216
1.0 0.99983084
1.0 0.9998741
1.0 0.99918956
1.0 0.9996681
1.0 0.99955267
1.0 0.99976987
1.0 0.99979085
1.0 0.9983386
1.0 0.9990089
1.0 0.9996911
1.0 0.9997658
1.0 0.9993268
1.0 0.9992999
1.0 0.9998921
1.0 0.9998709
1.0 0.99848455
1.0 0.99982965
1.0 0.999228
1.0 0.9998846
1.0 0.9996493
1.0 0.99307466
1.0 0.9991055
1.0 0.9932856
1.0 0.999887
1.0 0.9996216
1.0 0.99940515
1.0 0.99945444
1.0 0.9987256
1.0 0.99950397
1.0 0.9997658
1.0 0.9989818
1.0 0.99981016
1.0 0.99915326
1.0 0.99307466
1.0 0.99982965
1.0 0.9997701
1.0 0.9992508
1.0 0.99895215
1.0 0.9976648
1.0 0.9990089
1.0 0.99918956
1.0 0.999887
1.0 0.9997857
1.0 0.9992508
1.0 0.9995912
1.0 0.99950397
1.0 0.999228
1.0 0.9992399
1.0 0.9996486
1.0 0.99325997
1.0 0.99980813
1.0 0.99981755
1.0 0.9999
1.0 0.9993711
1.0 0.9995834
1.0 0.99938905
1.0 0.99988806
1.0 0.9996486
1.0 0.9999156
1.0 0.99848455
1.0 0.99903476
1.0 0.9992999
1.0 0.99893016
1.0 0.9998791
1.0 0.9998265
1.0 0.9999
1.0 0.99988806
1.0 0.9998709
1.0 0.99983203
1.0 0.9984913
1.0 0.99951565
1.0 0.9998318
1.0 0.99980813
1.0 0.99848455
1.0 0.9997981
1.0 0.9916899
1.0 0.9998944
1.0 0.9983386
1.0 0.9999244
1.0 0.9995732
1.0 0.9986975
1.0 0.9989818
1.0 0.9991055
1.0 0.99983203
1.0 0.9997868
1.0 0.9976648
1.0 0.99951565
1.0 0.9991055
1.0 0.99534816
1.0 0.99989164
1.0 0.9997658
1.0 0.9998288
1.0 0.99976605
1.0 0.9997868
1.0 0.99946266
1.0 0.99976605
1.0 0.999821
1.0 0.99860567
1.0 0.9997427
1.0 0.9992999
1.0 0.99835
1.0 0.9932856
1.0 0.9999244
1.0 0.99910057
1.0 0.99307466
1.0 0.99938905
1.0 0.9997882
1.0 0.9998791
1.0 0.99989164
1.0 0.99980813
1.0 0.9992964
1.0 0.99940515
1.0 0.99325997
1.0 0.9994518
1.0 0.99915326
1.0 0.9997882
1.0 0.99903476
1.0 0.9987393
1.0 0.99983203
1.0 0.9994518
1.0 0.9997868
1.0 0.9999008
1.0 0.99977344
1.0 0.9996927
1.0 0.9997701
1.0 0.9992399
1.0 0.99989843
1.0 0.9996486
1.0 0.9999
1.0 0.9996339
1.0 0.99978775
1.0 0.9997831
1.0 0.99426234
1.0 0.9992508
1.0 0.9987393
1.0 0.9992399
1.0 0.99872655
1.0 0.99969983
1.0 0.9976648
1.0 0.99918956
1.0 0.99975866
1.0 0.99307466
1.0 0.9984976
1.0 0.99900144
1.0 0.99981016
1.0 0.99976164
1.0 0.99962974
1.0 0.9997831
1.0 0.9997868
1.0 0.9997701
1.0 0.99951565
1.0 0.99918956
1.0 0.9991466
1.0 0.9942614
1.0 0.99989843
1.0 0.9976648
1.0 0.99981016
1.0 0.99955267
1.0 0.99534816
1.0 0.9995834
1.0 0.99982053
1.0 0.9992964
1.0 0.99975866
1.0 0.9986457
1.0 0.9992586
1.0 0.99982965
1.0 0.99426234
1.0 0.99962974
1.0 0.99977034
1.0 0.99945444
1.0 0.9999156
1.0 0.9991811
1.0 0.9992964
1.0 0.9994603
1.0 0.99927276
1.0 0.9998944
1.0 0.99979085
1.0 0.9997831
1.0 0.9998288
1.0 0.9997868
1.0 0.99927276
1.0 0.9997831
1.0 0.99903476
1.0 0.9989818
1.0 0.999821
1.0 0.9996339
1.0 0.99901736
1.0 0.9986457
1.0 0.9997868
1.0 0.99981874
1.0 0.9997632
1.0 0.9932856
1.0 0.99848455
1.0 0.9997868
1.0 0.9976648
1.0 0.9942614
1.0 0.9997857
1.0 0.9997632
1.0 0.9997986
1.0 0.9996339
1.0 0.9992399
1.0 0.9995834
1.0 0.99834037
1.0 0.9991811
1.0 0.99956805
1.0 0.99976164
1.0 0.99946266
1.0 0.99982965
1.0 0.99938774
1.0 0.9987393
1.0 0.9987256
1.0 0.9998117
1.0 0.9989818
1.0 0.99832386
1.0 0.9997986
1.0 0.99964345
1.0 0.99981874
1.0 0.9992623
1.0 0.9992999
1.0 0.99894255
1.0 0.998909
1.0 0.9997831
1.0 0.99978167
1.0 0.9997868
1.0 0.999648
1.0 0.99950397
1.0 0.999887
1.0 0.9986975
1.0 0.99901104
1.0 0.99945444
1.0 0.9992586
1.0 0.9998944
1.0 0.9997831
1.0 0.9997857
1.0 0.9918933
1.0 0.9997681
1.0 0.99832386
1.0 0.99938905
1.0 0.9998265
1.0 0.99325997
1.0 0.99914837
1.0 0.99983203
1.0 0.99940515
1.0 0.9991466
1.0 0.99915326
1.0 0.99980813
1.0 0.99827635
1.0 0.998909
1.0 0.9998117
1.0 0.99325997
1.0 0.9997534
1.0 0.9984913
1.0 0.9995912
1.0 0.999228
1.0 0.9997427
1.0 0.9996911
1.0 0.9997701
1.0 0.9996681
1.0 0.99900144
1.0 0.9998846
1.0 0.9998944
1.0 0.9998846
1.0 0.9995732
1.0 0.99982053
1.0 0.9998117
1.0 0.9998741
1.0 0.9997831
1.0 0.9998921
1.0 0.99980396
1.0 0.99534816
1.0 0.9997681
1.0 0.9984976
1.0 0.999778
1.0 0.9997981
1.0 0.9998216
1.0 0.99901104
1.0 0.99980813
1.0 0.9999244
1.0 0.99989164
1.0 0.99938905
1.0 0.99860567
1.0 0.999648
1.0 0.9951769
1.0 0.99976987
1.0 0.9984913
1.0 0.9984913
1.0 0.9999156
1.0 0.9999008
1.0 0.9998117
1.0 0.9991466
1.0 0.99989843
1.0 0.99938905
1.0 0.9992508
1.0 0.9992399
1.0 0.9997681
1.0 0.99982053
1.0 0.9996911
1.0 0.9996493
1.0 0.9995912
1.0 0.9994394
1.0 0.99980396
1.0 0.99325997
1.0 0.9995357
1.0 0.9951769
1.0 0.99950397
1.0 0.99945444
1.0 0.99927276
1.0 0.9996681
1.0 0.99918956
1.0 0.99426234
1.0 0.9998896
1.0 0.9951769
1.0 0.99967515
1.0 0.99976164
1.0 0.9991811
1.0 0.9997981
1.0 0.99981874
1.0 0.9998896
1.0 0.9946937
1.0 0.9997981
1.0 0.99982965
1.0 0.9997882
1.0 0.99975866
1.0 0.99895215
1.0 0.99989796
1.0 0.999887
1.0 0.9994518
1.0 0.99978167
1.0 0.99894255
1.0 0.999897
1.0 0.99901104
1.0 0.99983203
1.0 0.9998791
1.0 0.99872655
1.0 0.99900144
1.0 0.9987393
1.0 0.9992586
1.0 0.99988806
1.0 0.99964666
1.0 0.99827635
1.0 0.99901104
1.0 0.99900144
1.0 0.99954236
1.0 0.99964345
1.0 0.99938774
1.0 0.9996493
1.0 0.99903476
1.0 0.9984913
1.0 0.99976987
1.0 0.99989843
1.0 0.9997981
1.0 0.9992399
1.0 0.9976648
1.0 0.99988425
1.0 0.99980396
1.0 0.99988425
1.0 0.99980813
1.0 0.99981874
1.0 0.9987256
1.0 0.99325997
1.0 0.99901736
1.0 0.99983084
1.0 0.99940515
1.0 0.99901736
1.0 0.9998791
1.0 0.9992508
1.0 0.99834037
1.0 0.99910057
1.0 0.9996216
1.0 0.99988806
1.0 0.9996927
1.0 0.998909
1.0 0.9986457
1.0 0.9992623
1.0 0.99954236
1.0 0.99978167
1.0 0.9995834
1.0 0.99976987
1.0 0.9998944
1.0 0.99894255
1.0 0.99872655
1.0 0.9997981
1.0 0.99975866
1.0 0.99983084
1.0 0.999897
1.0 0.99983084
1.0 0.99955267
1.0 0.99989796
1.0 0.9997857
1.0 0.9992623
1.0 0.99895215
1.0 0.99977034
1.0 0.99832386
1.0 0.9992242
1.0 0.9992999
1.0 0.999897
1.0 0.9987256
1.0 0.9994518
1.0 0.9932856
1.0 0.9987393
1.0 0.99983203
1.0 0.999821
1.0 0.99988425
1.0 0.9998921
1.0 0.99976164
1.0 0.99900144
1.0 0.9989818
1.0 0.9997701
1.0 0.9996911
1.0 0.9994394
1.0 0.99976605
1.0 0.9996927
1.0 0.99954236
1.0 0.99938905
1.0 0.9997658
1.0 0.99900144
1.0 0.9998846
1.0 0.99982053
1.0 0.99534816
1.0 0.9987393
1.0 0.9999244
1.0 0.9997882
1.0 0.99962974
1.0 0.99976987
1.0 0.99893016
1.0 0.9932856
1.0 0.9997882
1.0 0.9996493
1.0 0.99964666
1.0 0.9995834
1.0 0.9989818
1.0 0.9997701
1.0 0.99832386
1.0 0.9992242
1.0 0.9997632
1.0 0.99978167
1.0 0.999897
1.0 0.9946937
1.0 0.9998896
1.0 0.9996911
1.0 0.9997882
1.0 0.9999008
1.0 0.99426234
1.0 0.9996216
1.0 0.99980396
1.0 0.99978167
1.0 0.99903476
1.0 0.9951769
1.0 0.99893063
1.0 0.9984913
1.0 0.9995834
1.0 0.9998216
1.0 0.9997831
1.0 0.9995834
1.0 0.99860567
1.0 0.9986457
1.0 0.99986815
1.0 0.9996216
1.0 0.99931383
1.0 0.9998216
1.0 0.9997701
1.0 0.99955267
1.0 0.9991466
1.0 0.9997534
1.0 0.9991466
1.0 0.99931383
1.0 0.9997868
1.0 0.9984976
1.0 0.9997857
1.0 0.99940515
1.0 0.99950397
1.0 0.99938905
1.0 0.9946937
1.0 0.9984913
1.0 0.99946266
1.0 0.99860567
1.0 0.9994617
1.0 0.9994394
1.0 0.99980813
1.0 0.9998921
1.0 0.9994394
1.0 0.99901104
1.0 0.9992399
1.0 0.9997701
1.0 0.9997882
1.0 0.99988425
1.0 0.9990089
1.0 0.9992399
1.0 0.9993268
1.0 0.99915326
1.0 0.99835
1.0 0.99860567
1.0 0.99969983
1.0 0.9946937
1.0 0.9992508
1.0 0.9976648
1.0 0.9995834
1.0 0.9946937
1.0 0.99980396
1.0 0.9991466
1.0 0.9991466
1.0 0.9916899
1.0 0.99980253
1.0 0.99901736
1.0 0.99988425
1.0 0.99964345
1.0 0.99901736
1.0 0.9984976
1.0 0.99983203
1.0 0.9997831
1.0 0.9997986
1.0 0.9997986
1.0 0.99983203
1.0 0.9992399
1.0 0.9997534
1.0 0.99895215
1.0 0.99325997
