true vs pred:
1.0 0.9851599
1.0 0.99720615
1.0 0.98366815
1.0 0.9888475
1.0 0.98366815
1.0 0.9885683
1.0 0.9987452
1.0 0.99074274
1.0 0.9991979
1.0 0.99761677
1.0 0.9994968
1.0 0.9943099
1.0 0.9902934
1.0 0.9980959
1.0 0.9883023
1.0 0.99595994
1.0 0.993295
1.0 0.9981211
1.0 0.9962328
1.0 0.9956424
1.0 0.9936913
1.0 0.9936913
1.0 0.99734795
1.0 0.99862075
1.0 0.99940443
1.0 0.9987452
1.0 0.9818007
1.0 0.99749917
1.0 0.9942883
1.0 0.99548787
1.0 0.9987452
1.0 0.9956468
1.0 0.9851599
1.0 0.9993573
1.0 0.99938047
1.0 0.9994968
1.0 0.99941444
1.0 0.9956468
1.0 0.9971167
1.0 0.9981211
1.0 0.9930569
1.0 0.9920963
1.0 0.99801505
1.0 0.9981211
1.0 0.99878055
1.0 0.9925228
1.0 0.99548787
1.0 0.9936913
1.0 0.9991979
1.0 0.9977296
1.0 0.99599385
1.0 0.9826095
1.0 0.9980959
1.0 0.9936913
1.0 0.9952887
1.0 0.99761677
1.0 0.9968257
1.0 0.994839
1.0 0.99083227
1.0 0.99749917
1.0 0.9936062
1.0 0.9989293
1.0 0.9986046
1.0 0.9935161
1.0 0.98579895
1.0 0.99172276
1.0 0.9985623
1.0 0.99083227
1.0 0.9980959
1.0 0.98473305
1.0 0.9914995
1.0 0.9969484
1.0 0.98563474
1.0 0.9993388
1.0 0.9977296
1.0 0.9861443
1.0 0.9954457
1.0 0.9994968
1.0 0.99749917
1.0 0.9901177
1.0 0.9912657
1.0 0.99928635
1.0 0.9981553
1.0 0.9980959
1.0 0.995033
1.0 0.99595994
1.0 0.99131435
1.0 0.993295
1.0 0.9828367
1.0 0.9956424
1.0 0.99734795
1.0 0.9969561
1.0 0.9936062
1.0 0.99396
1.0 0.9920437
1.0 0.99928635
1.0 0.9920963
1.0 0.9964121
1.0 0.9909079
1.0 0.99720615
1.0 0.9991979
1.0 0.99624735
1.0 0.9880455
1.0 0.9937668
1.0 0.9942883
1.0 0.9829539
1.0 0.9894399
1.0 0.99862075
1.0 0.99851817
1.0 0.9969484
1.0 0.99940443
1.0 0.993295
1.0 0.9964121
1.0 0.9966397
1.0 0.9981211
1.0 0.99131435
1.0 0.98937804
1.0 0.9880311
1.0 0.99264455
1.0 0.99761677
1.0 0.99942833
1.0 0.99878055
1.0 0.99941444
1.0 0.9956424
1.0 0.99074274
1.0 0.9919648
1.0 0.9920963
1.0 0.9981553
1.0 0.9977296
1.0 0.9990765
1.0 0.99734795
1.0 0.998431
1.0 0.98540306
1.0 0.99761677
1.0 0.9829539
1.0 0.9826095
1.0 0.9990645
1.0 0.9993298
1.0 0.99851817
1.0 0.99878055
1.0 0.98554426
1.0 0.99941444
1.0 0.9929668
1.0 0.99396
1.0 0.9901177
1.0 0.9993573
1.0 0.9883023
1.0 0.9987452
1.0 0.9880455
1.0 0.99655837
1.0 0.99938047
1.0 0.9920963
1.0 0.994839
1.0 0.9937668
1.0 0.9962328
1.0 0.9829539
1.0 0.9985285
1.0 0.996302
1.0 0.995033
1.0 0.98636764
1.0 0.9929668
1.0 0.99082
1.0 0.99074274
1.0 0.99131435
1.0 0.998431
1.0 0.99074274
1.0 0.99819535
1.0 0.99851817
1.0 0.993749
1.0 0.99919873
1.0 0.9885683
1.0 0.99801505
1.0 0.9969484
1.0 0.98540306
1.0 0.9955733
1.0 0.99821645
1.0 0.993295
1.0 0.99396
1.0 0.9913083
1.0 0.9993388
1.0 0.9987452
1.0 0.99273044
1.0 0.9994641
1.0 0.9971902
1.0 0.9829539
1.0 0.99599385
1.0 0.994839
1.0 0.9981553
1.0 0.9920437
1.0 0.9935161
1.0 0.9971902
1.0 0.9983955
1.0 0.9926709
1.0 0.9971167
1.0 0.99734795
1.0 0.9964121
1.0 0.9902934
1.0 0.99082
1.0 0.98554426
1.0 0.99655837
1.0 0.995033
1.0 0.99801505
1.0 0.9877781
1.0 0.9980959
1.0 0.9993388
1.0 0.99836785
1.0 0.98473305
1.0 0.9880311
1.0 0.99082
1.0 0.995033
1.0 0.9965587
1.0 0.9909079
1.0 0.9968257
1.0 0.9877781
1.0 0.9969484
1.0 0.99264455
1.0 0.9894399
1.0 0.9929668
1.0 0.99074274
1.0 0.9994855
1.0 0.9952887
1.0 0.9883023
1.0 0.9939733
1.0 0.99940443
1.0 0.999129
1.0 0.9929668
1.0 0.98995894
1.0 0.9940201
1.0 0.99941444
1.0 0.9955733
1.0 0.99919873
1.0 0.998204
1.0 0.9885683
1.0 0.99942833
1.0 0.9994855
1.0 0.993295
1.0 0.99599385
1.0 0.99548787
1.0 0.9982679
1.0 0.9818007
1.0 0.9880311
1.0 0.99172276
1.0 0.99083227
1.0 0.9965587
1.0 0.9977289
1.0 0.9981553
1.0 0.99938047
1.0 0.996214
1.0 0.9982679
1.0 0.99940145
1.0 0.9962161
1.0 0.99655837
1.0 0.9930569
1.0 0.993295
1.0 0.9968855
1.0 0.9954457
1.0 0.9993573
1.0 0.995033
1.0 0.9990645
1.0 0.98995894
1.0 0.99878055
1.0 0.9986375
1.0 0.9912918
1.0 0.99849224
1.0 0.9956424
1.0 0.9962328
1.0 0.99595994
1.0 0.9901057
1.0 0.9914995
1.0 0.9826095
1.0 0.99675816
1.0 0.9869665
1.0 0.98636764
1.0 0.998204
1.0 0.99928635
1.0 0.9975026
1.0 0.9828367
1.0 0.9985285
1.0 0.9894399
1.0 0.9990645
1.0 0.994839
1.0 0.99082
1.0 0.99599385
1.0 0.99172276
1.0 0.99624735
1.0 0.9942883
1.0 0.99849224
1.0 0.9990645
1.0 0.995033
1.0 0.99928635
1.0 0.98554426
1.0 0.9883023
1.0 0.9994641
1.0 0.9991979
1.0 0.9990645
1.0 0.9965587
1.0 0.9930569
1.0 0.995033
1.0 0.99801505
1.0 0.9851599
1.0 0.99599385
1.0 0.9994641
1.0 0.9981211
1.0 0.98599803
1.0 0.9955733
1.0 0.9952887
1.0 0.99083227
1.0 0.9966397
1.0 0.99836785
1.0 0.98599803
1.0 0.9994641
1.0 0.996302
1.0 0.9982615
1.0 0.99849224
1.0 0.9826095
1.0 0.99083227
1.0 0.98473305
1.0 0.99940443
1.0 0.99878055
1.0 0.9894399
1.0 0.996302
1.0 0.9986375
1.0 0.992765
1.0 0.99861693
1.0 0.9971902
1.0 0.9936913
1.0 0.99720615
1.0 0.9936062
1.0 0.99862075
1.0 0.9865487
1.0 0.9920437
1.0 0.9903436
1.0 0.9965587
1.0 0.99836785
1.0 0.98636764
1.0 0.993295
1.0 0.9992513
1.0 0.9982679
1.0 0.99649113
1.0 0.9818007
1.0 0.9925228
1.0 0.99878055
1.0 0.9994855
1.0 0.9990765
1.0 0.9994968
1.0 0.9901177
1.0 0.9937668
1.0 0.9880311
1.0 0.99836785
1.0 0.9954457
1.0 0.9885683
1.0 0.99649113
1.0 0.999129
1.0 0.99655837
1.0 0.9971167
1.0 0.9828367
1.0 0.9826095
1.0 0.9901177
1.0 0.9969484
1.0 0.99273044
1.0 0.99172276
1.0 0.9902934
1.0 0.98366815
1.0 0.9919648
1.0 0.99919873
1.0 0.9943099
1.0 0.992765
1.0 0.9865487
1.0 0.99821645
1.0 0.9956468
1.0 0.9935161
1.0 0.98844564
1.0 0.9971167
1.0 0.9867741
1.0 0.9989293
1.0 0.9982679
1.0 0.9985285
1.0 0.9994855
1.0 0.99940145
1.0 0.98844564
1.0 0.99940145
1.0 0.9981553
1.0 0.99074274
1.0 0.9885683
1.0 0.9912918
1.0 0.9990645
1.0 0.99655837
1.0 0.994839
1.0 0.9982679
1.0 0.9954457
1.0 0.99805117
1.0 0.993295
1.0 0.99938047
1.0 0.99941444
1.0 0.9993573
1.0 0.9971167
1.0 0.9971167
1.0 0.9851599
1.0 0.9909079
1.0 0.9981553
1.0 0.9885683
1.0 0.9968257
1.0 0.99396
1.0 0.9912281
1.0 0.98579895
1.0 0.999129
1.0 0.9994641
1.0 0.99878055
1.0 0.9987452
1.0 0.98636764
1.0 0.99548787
1.0 0.9913083
1.0 0.9982679
1.0 0.99033886
1.0 0.9943099
1.0 0.99083227
1.0 0.9981553
1.0 0.9919648
1.0 0.9981553
1.0 0.98579895
1.0 0.9968855
1.0 0.9920437
1.0 0.9828367
1.0 0.9920963
1.0 0.9993298
1.0 0.99919873
1.0 0.9867741
1.0 0.9912918
1.0 0.99548787
1.0 0.9990645
1.0 0.993295
1.0 0.9992513
1.0 0.9901177
1.0 0.9993388
1.0 0.9910954
1.0 0.99938047
1.0 0.994839
1.0 0.9994968
1.0 0.9985623
1.0 0.9962328
1.0 0.9956424
1.0 0.9962328
1.0 0.99522734
1.0 0.99649113
1.0 0.99033886
1.0 0.9990765
1.0 0.98579895
1.0 0.99273044
1.0 0.9883023
1.0 0.98636764
1.0 0.9993388
1.0 0.9994641
1.0 0.99734795
1.0 0.9992513
1.0 0.99172276
1.0 0.98473305
1.0 0.99928635
1.0 0.99624735
1.0 0.9987452
1.0 0.98995894
1.0 0.99938047
1.0 0.9818007
1.0 0.9936062
1.0 0.99172276
1.0 0.99720615
1.0 0.9977296
1.0 0.9877781
1.0 0.99675816
1.0 0.9867741
1.0 0.9980959
1.0 0.99928635
1.0 0.98579895
1.0 0.9935161
1.0 0.9969561
1.0 0.9923921
1.0 0.99761677
1.0 0.9912657
1.0 0.99131435
1.0 0.98554426
1.0 0.99082
1.0 0.98540306
1.0 0.9981553
1.0 0.9889698
1.0 0.9936062
1.0 0.9909079
1.0 0.99919873
1.0 0.98554426
1.0 0.9968855
1.0 0.9930569
1.0 0.99922943
1.0 0.9930569
1.0 0.99649113
1.0 0.99655837
1.0 0.9880455
1.0 0.9829539
1.0 0.9869665
1.0 0.9971167
1.0 0.9910954
1.0 0.99273044
1.0 0.98995894
1.0 0.9994641
1.0 0.99655837
1.0 0.99938047
1.0 0.9828367
1.0 0.99851817
1.0 0.9980959
1.0 0.9986375
1.0 0.9977289
1.0 0.9969484
1.0 0.9956424
1.0 0.9968855
1.0 0.9993298
1.0 0.998204
1.0 0.99941444
1.0 0.9914995
1.0 0.9962328
1.0 0.98844564
1.0 0.99624735
1.0 0.9992513
1.0 0.9937668
