true vs pred:
1.0 0.9978927
1.0 0.9976553
1.0 0.9992072
1.0 0.99895346
1.0 0.9969206
1.0 0.92714167
1.0 0.99915516
1.0 0.98938715
1.0 0.9990803
1.0 0.9945964
1.0 0.9744589
1.0 0.9991511
1.0 0.9991455
1.0 0.9980203
1.0 0.99857914
1.0 0.9990803
1.0 0.9989079
1.0 0.9991511
1.0 0.9990804
1.0 0.9945964
1.0 0.9956417
1.0 0.9907477
1.0 0.99911076
1.0 0.92714167
1.0 0.9738956
1.0 0.998145
1.0 0.9992668
1.0 0.99772054
1.0 0.99772054
1.0 0.99857914
1.0 0.9772256
1.0 0.94136995
0.0 0.6808593
1.0 0.99723107
1.0 0.98001754
1.0 0.997035
1.0 0.9944201
1.0 0.9909298
1.0 0.94136995
1.0 0.99928504
1.0 0.9985837
1.0 0.9788077
1.0 0.998145
1.0 0.99915075
1.0 0.9991455
1.0 0.99911433
1.0 0.9772256
1.0 0.99723107
1.0 0.99911433
1.0 0.98101556
1.0 0.99730253
1.0 0.9991315
1.0 0.9991509
1.0 0.998145
0.0 0.7405519
1.0 0.9991605
1.0 0.9989452
1.0 0.9989492
1.0 0.99519217
1.0 0.9992092
1.0 0.99919635
1.0 0.99417734
1.0 0.99828315
1.0 0.99908733
1.0 0.9989079
1.0 0.99928504
1.0 0.99914694
1.0 0.9900829
1.0 0.9991173
1.0 0.92714167
1.0 0.9993179
1.0 0.9991067
1.0 0.9985837
1.0 0.9993179
1.0 0.99926597
1.0 0.98938715
1.0 0.9944718
1.0 0.9985837
1.0 0.99828315
1.0 0.9801784
1.0 0.9772256
1.0 0.9992331
1.0 0.935439
1.0 0.9991184
1.0 0.9991961
1.0 0.99911076
1.0 0.98938715
1.0 0.99903786
1.0 0.9788077
1.0 0.9988814
1.0 0.9978242
1.0 0.9984047
1.0 0.99914694
1.0 0.9985837
1.0 0.99740535
1.0 0.99903786
1.0 0.99891686
1.0 0.9992392
1.0 0.9979225
1.0 0.99926597
1.0 0.9986228
1.0 0.99903786
1.0 0.996657
1.0 0.99807465
1.0 0.99814117
1.0 0.99819773
0.0 0.7808185
1.0 0.99890935
1.0 0.99910814
1.0 0.9985998
1.0 0.91357803
1.0 0.99919504
1.0 0.9991605
1.0 0.9944201
1.0 0.98904514
1.0 0.99895346
1.0 0.9991961
1.0 0.9991961
1.0 0.92822397
1.0 0.9956417
1.0 0.9989492
1.0 0.99919635
0.0 0.7808185
1.0 0.99857914
1.0 0.9991173
1.0 0.9738956
1.0 0.9978927
1.0 0.9801784
1.0 0.9964605
1.0 0.99891686
1.0 0.99908733
1.0 0.99915516
1.0 0.9945964
1.0 0.99912614
1.0 0.9944201
1.0 0.9907477
1.0 0.9976553
1.0 0.98101556
1.0 0.99860257
1.0 0.9990865
1.0 0.99417734
1.0 0.9979225
1.0 0.99919504
1.0 0.94136995
1.0 0.99921715
1.0 0.99450845
1.0 0.99485457
1.0 0.99911016
1.0 0.92822397
1.0 0.9986002
1.0 0.9992092
1.0 0.92822397
1.0 0.99919635
1.0 0.99519217
1.0 0.99911433
1.0 0.99485457
1.0 0.9992072
1.0 0.92822397
1.0 0.9991147
1.0 0.99819773
1.0 0.99928504
1.0 0.9991999
1.0 0.99814117
1.0 0.9979225
1.0 0.93411255
1.0 0.9917651
0.0 0.68175375
1.0 0.99813926
1.0 0.91357803
1.0 0.9992092
1.0 0.9945964
1.0 0.9985837
1.0 0.9738956
1.0 0.9982395
1.0 0.99911076
1.0 0.9991999
1.0 0.9738956
0.0 0.7428993
1.0 0.99684334
1.0 0.9744589
1.0 0.99914765
1.0 0.98101556
1.0 0.9991511
0.0 0.7405519
1.0 0.9986228
1.0 0.99908733
1.0 0.9991999
1.0 0.99485457
1.0 0.9989452
1.0 0.94136995
1.0 0.9990865
1.0 0.99895346
1.0 0.9973688
1.0 0.99450845
1.0 0.9917651
1.0 0.9900829
1.0 0.9973688
1.0 0.99730253
1.0 0.99912614
1.0 0.99417734
1.0 0.9939865
1.0 0.99891686
0.0 0.7428993
1.0 0.99905473
1.0 0.992324
1.0 0.99919194
1.0 0.9772256
1.0 0.99772054
1.0 0.99895346
1.0 0.99417734
1.0 0.93906474
1.0 0.9990803
1.0 0.9991509
1.0 0.9989079
1.0 0.99519217
1.0 0.99919504
1.0 0.98001754
0.0 0.7808185
1.0 0.99819773
1.0 0.99914694
1.0 0.9964605
0.0 0.7808185
0.0 0.6841958
1.0 0.99874
1.0 0.9973688
1.0 0.93411255
1.0 0.9900829
0.0 0.7405519
1.0 0.99782264
1.0 0.9989066
1.0 0.9970758
1.0 0.997035
1.0 0.99926597
1.0 0.935439
1.0 0.9989882
1.0 0.99907446
1.0 0.98904514
1.0 0.99917704
1.0 0.9939865
0.0 0.7271478
1.0 0.9801784
1.0 0.9984047
0.0 0.70927054
1.0 0.99907446
1.0 0.9973688
1.0 0.99914765
1.0 0.9991184
1.0 0.9738956
1.0 0.9992072
1.0 0.9900829
1.0 0.99807465
1.0 0.9772256
0.0 0.7272866
1.0 0.9788077
1.0 0.9976553
1.0 0.99917704
1.0 0.9978927
1.0 0.99919635
1.0 0.9986228
1.0 0.99828315
1.0 0.99792683
1.0 0.99723107
0.0 0.7271478
1.0 0.9986002
1.0 0.99782264
1.0 0.99417734
1.0 0.9986002
1.0 0.9973688
1.0 0.9943229
1.0 0.9973688
1.0 0.99417734
1.0 0.9991509
1.0 0.99910456
1.0 0.99772054
1.0 0.9992668
1.0 0.9907381
1.0 0.9989452
1.0 0.92822397
1.0 0.98904514
1.0 0.99910456
1.0 0.9773641
1.0 0.99740535
1.0 0.99730253
1.0 0.9989066
1.0 0.99917847
1.0 0.9990865
0.0 0.7272866
1.0 0.9992331
1.0 0.99813926
1.0 0.91357803
1.0 0.9991455
1.0 0.99874
1.0 0.9985837
1.0 0.9939865
1.0 0.9993179
1.0 0.99782264
0.0 0.6841958
1.0 0.99926597
1.0 0.9976553
1.0 0.9772256
1.0 0.99450845
1.0 0.99730253
1.0 0.99911076
1.0 0.93411255
1.0 0.9992092
1.0 0.9992668
1.0 0.9993179
1.0 0.997035
1.0 0.9990804
1.0 0.9991315
1.0 0.92822397
1.0 0.935439
1.0 0.998528
1.0 0.9772256
1.0 0.9964605
1.0 0.99911433
1.0 0.99782264
1.0 0.99819773
1.0 0.99926597
1.0 0.9989079
1.0 0.9945964
1.0 0.94136995
1.0 0.9989079
1.0 0.9943229
1.0 0.99417734
1.0 0.9967686
1.0 0.9907477
1.0 0.9773641
1.0 0.9986228
0.0 0.7808185
1.0 0.99807465
1.0 0.9992392
1.0 0.99895346
1.0 0.9986228
1.0 0.9900829
1.0 0.99891686
1.0 0.9986002
1.0 0.9991509
1.0 0.99912614
1.0 0.99450845
1.0 0.9992392
1.0 0.9907477
1.0 0.9991429
1.0 0.99722135
1.0 0.9988814
1.0 0.9944718
1.0 0.99684334
0.0 0.7808185
1.0 0.9980799
1.0 0.99792683
1.0 0.9943229
1.0 0.9991173
1.0 0.9985837
1.0 0.9991999
1.0 0.9984047
1.0 0.99926597
1.0 0.91357803
1.0 0.92714167
0.0 0.7808185
1.0 0.99814117
1.0 0.99905473
1.0 0.99828315
1.0 0.9992072
1.0 0.9991429
1.0 0.9992392
1.0 0.9989492
1.0 0.9943229
1.0 0.99828315
1.0 0.99792683
1.0 0.9991961
1.0 0.99519217
0.0 0.70927054
1.0 0.997035
1.0 0.92617106
1.0 0.9990804
1.0 0.936824
1.0 0.99909997
1.0 0.99919194
1.0 0.99722135
1.0 0.9907477
1.0 0.992324
1.0 0.99905473
1.0 0.9985998
1.0 0.99908733
1.0 0.9990865
1.0 0.99911433
1.0 0.9973688
1.0 0.9985837
1.0 0.9991067
1.0 0.998528
1.0 0.9980203
1.0 0.99911433
1.0 0.99890935
1.0 0.99874
1.0 0.92714167
1.0 0.9991509
1.0 0.998145
1.0 0.9982395
1.0 0.9992668
1.0 0.99905473
1.0 0.99792683
1.0 0.9978242
1.0 0.9772256
1.0 0.91357803
1.0 0.9980799
1.0 0.99905473
1.0 0.99813926
1.0 0.99723107
1.0 0.99450845
1.0 0.99908733
1.0 0.9990803
1.0 0.992324
1.0 0.93906474
1.0 0.99910456
1.0 0.99819773
1.0 0.9988814
1.0 0.9985607
1.0 0.9788077
1.0 0.99912614
1.0 0.9973688
1.0 0.935439
1.0 0.99730253
1.0 0.99792683
1.0 0.92714167
0.0 0.7272866
1.0 0.9990865
1.0 0.99450845
1.0 0.9902714
1.0 0.9989452
1.0 0.99891686
1.0 0.9956417
1.0 0.9990804
1.0 0.9991429
1.0 0.9991173
1.0 0.99909997
1.0 0.9992072
1.0 0.9989079
1.0 0.99782264
1.0 0.99485457
1.0 0.99891686
1.0 0.94136995
1.0 0.92714864
1.0 0.99917847
1.0 0.9989452
1.0 0.9991455
1.0 0.93411255
1.0 0.9917651
1.0 0.9991455
1.0 0.99907446
1.0 0.99857914
1.0 0.99914765
1.0 0.91357803
1.0 0.9992392
1.0 0.998145
1.0 0.99905473
1.0 0.9909298
1.0 0.99450845
1.0 0.9992072
1.0 0.9992331
0.0 0.6808593
1.0 0.92822397
1.0 0.99819773
1.0 0.99860257
1.0 0.9967686
1.0 0.9991961
1.0 0.9988814
1.0 0.9992392
1.0 0.99919635
1.0 0.99891686
1.0 0.99914694
1.0 0.992324
1.0 0.9986228
1.0 0.99911433
1.0 0.99909997
1.0 0.9964605
1.0 0.99874
0.0 0.7405519
1.0 0.99860257
1.0 0.9744589
1.0 0.99813926
1.0 0.99723107
1.0 0.99915075
1.0 0.9773641
1.0 0.92714864
1.0 0.997035
1.0 0.9964605
1.0 0.99906
1.0 0.99450845
1.0 0.99684334
1.0 0.92714864
1.0 0.935439
1.0 0.9743969
1.0 0.9979225
1.0 0.9992392
1.0 0.9772256
1.0 0.9992072
1.0 0.9969206
1.0 0.98001754
1.0 0.99828315
1.0 0.9988814
1.0 0.92714864
1.0 0.9986002
1.0 0.9964605
1.0 0.93906474
1.0 0.98938715
1.0 0.9985998
1.0 0.9991147
1.0 0.9743969
1.0 0.9989492
1.0 0.99782264
1.0 0.99906
1.0 0.99914765
1.0 0.9990803
1.0 0.98904514
1.0 0.99740535
1.0 0.9991961
0.0 0.6841958
1.0 0.99911076
1.0 0.9991067
1.0 0.99917847
