true vs pred:
0.0 0.000837739
1.0 0.97907
0.0 0.00051679544
1.0 0.99988496
0.0 0.000837739
0.0 0.00020991631
0.0 0.0017202836
1.0 0.9998652
0.0 0.037826166
0.0 0.053212132
1.0 0.9813856
1.0 0.8989932
0.0 0.00020924708
0.0 0.0005082367
0.0 0.049668707
0.0 0.0015541555
0.0 0.00023788713
0.0 0.00021823228
0.0 0.055069942
0.0 0.00025021087
0.0 0.04127231
0.0 0.0004673561
0.0 0.06909462
0.0 0.00022453193
0.0 0.046074282
1.0 0.9998622
1.0 0.99988496
0.0 0.0002333113
1.0 0.9998622
1.0 0.9998815
1.0 0.98046136
0.0 0.00025021087
0.0 0.0009901362
0.0 0.0003044484
1.0 0.99988496
0.0 0.0010776032
0.0 0.00020188309
0.0 0.00031816695
0.0 0.27006415
1.0 0.9998652
0.0 0.00021030818
0.0 0.0007394595
0.0 0.00022367616
0.0 0.0017202836
0.0 0.00022268054
1.0 0.99990535
0.0 0.00034267202
0.0 0.00073516567
0.0 0.0019137184
0.0 0.27006415
0.0 0.000837739
0.0 0.00020188309
0.0 0.00073516567
1.0 0.9792228
1.0 0.9114832
1.0 0.9114832
0.0 0.0004673561
0.0 0.00022407215
0.0 0.00020188309
0.0 0.00031383475
0.0 0.00046710268
0.0 0.00075470045
0.0 0.00021563894
0.0 0.00021563894
0.0 0.0015559166
1.0 0.97576153
0.0 0.0014200818
0.0 0.000837739
1.0 0.9998491
0.0 0.0007330812
0.0 0.25839972
0.0 0.0009901362
0.0 0.00022407215
1.0 0.97576153
0.0 0.0016515778
0.0 0.0002333113
1.0 0.9114832
0.0 0.2352958
1.0 0.894713
1.0 0.9307395
1.0 0.9998903
1.0 0.9998493
1.0 0.9998604
1.0 0.9998493
0.0 0.0003044484
1.0 0.9998493
0.0 0.00045179165
0.0 0.00074275804
1.0 0.97907
1.0 0.9057596
0.0 0.00051679544
0.0 0.00023727686
0.0 0.00022367616
0.0 0.00020598128
0.0 0.00074275804
0.0 0.04127231
0.0 0.0010176488
0.0 0.00030817025
1.0 0.98571104
0.0 0.046074282
0.0 0.00030817025
1.0 0.9792228
0.0 0.0007193229
0.0 0.00021529708
1.0 0.87503904
1.0 0.99986637
1.0 0.99988496
0.0 0.00031383475
0.0 0.053212132
0.0 0.0010776032
1.0 0.9999051
0.0 0.00045179165
0.0 0.00023727686
0.0 0.00020924708
0.0 0.00020188309
0.0 0.0017426029
0.0 0.00022407215
0.0 0.00020924708
1.0 0.98046136
1.0 0.97907
0.0 0.00045179165
0.0 0.00025021087
0.0 0.0009901362
0.0 0.26241255
0.0 0.00025021087
0.0 0.0015541555
1.0 0.8989932
1.0 0.9999051
0.0 0.00022051299
1.0 0.9998578
0.0 0.040687565
0.0 0.000837739
0.0 0.26241255
1.0 0.999887
0.0 0.0004538995
1.0 0.87503904
0.0 0.00023788713
0.0 0.049668707
0.0 0.00022367616
1.0 0.87663966
0.0 0.00074275804
1.0 0.9999051
0.0 0.26241255
0.0 0.0017202836
1.0 0.99988496
0.0 0.00020188309
0.0 0.00020924708
0.0 0.00031383475
0.0 0.0009901362
0.0 0.00021823228
0.0 0.046074282
1.0 0.9057596
0.0 0.0005082367
1.0 0.9999089
0.0 0.0010893947
0.0 0.00023727686
0.0 0.00048477654
0.0 0.0015559166
0.0 0.25839972
0.0 0.00020830175
0.0 0.0003291006
0.0 0.040687565
0.0 0.04555098
0.0 0.00020830175
0.0 0.00072095374
1.0 0.9813856
0.0 0.00068212114
0.0 0.00020188309
1.0 0.9998815
0.0 0.0007394595
0.0 0.27006415
1.0 0.9999025
0.0 0.0003291006
0.0 0.00072095374
0.0 0.00071906514
0.0 0.0003044484
0.0 0.00022814465
0.0 0.00030817025
0.0 0.0005082367
0.0 0.0002290603
1.0 0.9998783
0.0 0.00022367616
0.0 0.0007394595
1.0 0.99990916
0.0 0.0017655384
1.0 0.9813856
1.0 0.902465
1.0 0.99990916
0.0 0.00020649571
0.0 0.00075470045
0.0 0.00020473129
0.0 0.0014200818
0.0 0.00020830175
1.0 0.91133064
0.0 0.2352958
0.0 0.00020473129
1.0 0.99990773
0.0 0.0017202836
1.0 0.99990773
0.0 0.0014200818
0.0 0.00031513962
0.0 0.29903454
0.0 0.00021030818
0.0 0.0010893947
0.0 0.0004539834
0.0 0.00023788713
0.0 0.00071906514
0.0 0.00021105584
1.0 0.9998491
0.0 0.20391573
0.0 0.0004831886
0.0 0.040687565
0.0 0.0016515778
0.0 0.00021529708
0.0 0.00074275804
1.0 0.8989932
0.0 0.0016515778
0.0 0.00045179165
1.0 0.902465
0.0 0.0007330812
1.0 0.87663966
0.0 0.00071906514
0.0 0.00020649571
0.0 0.27006415
0.0 0.00021105584
1.0 0.99990773
0.0 0.00089716323
1.0 0.88371277
1.0 0.9818556
0.0 0.24455613
0.0 0.0007061633
0.0 0.037826166
1.0 0.9998914
1.0 0.99986637
1.0 0.9998914
1.0 0.9998493
0.0 0.00022268054
1.0 0.999884
1.0 0.9999081
1.0 0.9998578
1.0 0.9998493
0.0 0.00022814465
1.0 0.9998783
0.0 0.25839972
1.0 0.9114832
1.0 0.99990773
0.0 0.00023359599
1.0 0.9813856
1.0 0.9998815
1.0 0.99986637
0.0 0.00071906514
0.0 0.00021101217
1.0 0.9998914
1.0 0.9057596
0.0 0.00020473129
0.0 0.00033690542
1.0 0.9998691
0.0 0.0014200818
1.0 0.9998574
1.0 0.9818556
0.0 0.00020473129
0.0 0.29903454
1.0 0.99990773
0.0 0.00023727686
0.0 0.30589324
0.0 0.0007061633
0.0 0.00025021087
1.0 0.98571104
0.0 0.0007394595
0.0 0.0016515778
0.0 0.0015541555
0.0 0.04127231
0.0 0.00068212114
0.0 0.0004831886
0.0 0.00023727686
1.0 0.9813856
0.0 0.0003044484
0.0 0.00051679544
1.0 0.999905
0.0 0.00031816695
1.0 0.9818556
0.0 0.00021728984
0.0 0.00021728984
1.0 0.99988973
0.0 0.00046369032
1.0 0.9114832
0.0 0.053212132
0.0 0.046074282
0.0 0.0016515778
0.0 0.00020924708
0.0 0.00022268054
0.0 0.00021529708
0.0 0.00022356126
1.0 0.99990535
1.0 0.9307395
0.0 0.00022356126
0.0 0.053212132
0.0 0.00074275804
1.0 0.9813856
1.0 0.88371277
1.0 0.9813773
1.0 0.98571104
0.0 0.0009901362
0.0 0.0010176488
0.0 0.04127231
1.0 0.98571104
1.0 0.894713
0.0 0.0010449309
1.0 0.99990916
1.0 0.9998491
1.0 0.99986637
0.0 0.00048477654
0.0 0.26241255
0.0 0.0007394595
0.0 0.0017655384
1.0 0.9998491
1.0 0.9813773
1.0 0.99990773
1.0 0.9998493
0.0 0.2352958
1.0 0.9998604
0.0 0.00021823228
1.0 0.9813773
1.0 0.99986637
0.0 0.27006415
0.0 0.00022367616
0.0 0.00073516567
0.0 0.00021823228
1.0 0.9998622
1.0 0.87663966
0.0 0.0007394595
1.0 0.999907
1.0 0.91133064
0.0 0.0013806715
0.0 0.0004673561
1.0 0.9998914
1.0 0.9807854
0.0 0.00032995196
0.0 0.0004673561
0.0 0.3025179
0.0 0.00022268054
0.0 0.00021105584
1.0 0.9998853
0.0 0.00023359599
0.0 0.0010776032
0.0 0.00048477654
0.0 0.00031383475
0.0 0.00051679544
0.0 0.29903454
0.0 0.00020598128
0.0 0.0002087463
1.0 0.9998592
0.0 0.00023727686
1.0 0.9999025
0.0 0.046074282
0.0 0.00032995196
1.0 0.9998574
0.0 0.00020473129
0.0 0.0005082367
0.0 0.00021728984
1.0 0.9998783
0.0 0.049668707
1.0 0.99990916
0.0 0.0007394595
0.0 0.00021728984
0.0 0.0009901362
0.0 0.00031513962
0.0 0.0017202836
1.0 0.9057596
0.0 0.00023294809
1.0 0.9998578
1.0 0.98571104
0.0 0.00073516567
0.0 0.0015559166
1.0 0.9998604
0.0 0.00031816695
0.0 0.0007330812
0.0 0.00021030818
0.0 0.00046369032
0.0 0.00021030818
0.0 0.00031816695
0.0 0.0004831886
1.0 0.9998783
0.0 0.29903454
0.0 0.00023359599
0.0 0.042816587
1.0 0.9998853
0.0 0.0009901362
1.0 0.9307395
1.0 0.9998853
0.0 0.00023359599
0.0 0.053212132
0.0 0.00046710268
1.0 0.9998493
0.0 0.00073516567
0.0 0.00022814465
0.0 0.0007394595
1.0 0.9998622
1.0 0.97907
1.0 0.99988496
0.0 0.00020649571
0.0 0.00074275804
0.0 0.0010176488
0.0 0.0013806715
0.0 0.00021529708
1.0 0.9998574
0.0 0.00020830175
0.0 0.00075470045
0.0 0.00021563894
0.0 0.00046710268
0.0 0.00032995196
1.0 0.98571104
0.0 0.30589324
1.0 0.91133064
0.0 0.00021563894
1.0 0.9807854
0.0 0.3025179
0.0 0.0002333113
1.0 0.98571104
0.0 0.00030817025
0.0 0.06909462
1.0 0.98046136
0.0 0.00022051299
0.0 0.00021101217
0.0 0.00022453193
0.0 0.0007193229
0.0 0.00022356126
1.0 0.9998691
1.0 0.9998815
0.0 0.30589324
1.0 0.9998622
0.0 0.0019422227
0.0 0.0014200818
1.0 0.9998604
1.0 0.99988496
0.0 0.0004831886
1.0 0.9999089
1.0 0.9307395
1.0 0.99990535
1.0 0.9807854
0.0 0.00031513962
1.0 0.902465
0.0 0.0007330812
0.0 0.29903454
0.0 0.0015559166
1.0 0.99988973
0.0 0.00023727686
0.0 0.00046710268
1.0 0.902465
0.0 0.00032995196
1.0 0.91133064
0.0 0.0014200818
1.0 0.9999051
0.0 0.00022051299
1.0 0.97907
1.0 0.88371277
1.0 0.9818556
0.0 0.00021563894
0.0 0.00021728984
1.0 0.9999025
0.0 0.00031513962
0.0 0.00022814465
0.0 0.00089716323
0.0 0.0019422227
0.0 0.00048477654
0.0 0.0010176488
0.0 0.00025021087
1.0 0.9307395
0.0 0.0015541555
0.0 0.00022814465
0.0 0.0010176488
0.0 0.046074282
0.0 0.0010176488
0.0 0.00020649571
0.0 0.00020188309
0.0 0.00022407215
0.0 0.0016515778
1.0 0.8989932
1.0 0.87503904
0.0 0.00072095374
0.0 0.00030733552
1.0 0.9998592
0.0 0.30589324
1.0 0.9807854
1.0 0.91133064
0.0 0.00022356126
0.0 0.0002333113
0.0 0.00021823228
0.0 0.0010176488
1.0 0.9998914
1.0 0.99986637
1.0 0.9998853
0.0 0.00020026995
0.0 0.00051679544
1.0 0.9998574
1.0 0.99986637
1.0 0.91133064
0.0 0.00020649571
0.0 0.055069942
0.0 0.2352958
1.0 0.98571104
0.0 0.00021823228
0.0 0.00072095374
1.0 0.98046136
0.0 0.00074275804
0.0 0.037826166
0.0 0.00075470045
0.0 0.00023788713
0.0 0.0007061633
0.0 0.0004673561
0.0 0.00074275804
0.0 0.00021529708
0.0 0.00023727686
1.0 0.9999051
1.0 0.9999089
0.0 0.25839972
0.0 0.00073516567
0.0 0.00021529708
0.0 0.00075470045
1.0 0.8989932
