true vs pred:
1.0 0.94023114
1.0 0.95720655
1.0 0.95294887
1.0 0.9722527
1.0 0.94653535
1.0 0.96817464
1.0 0.96506363
1.0 0.9510666
1.0 0.9417356
1.0 0.6841349
1.0 0.6841349
1.0 0.7725604
1.0 0.9662623
1.0 0.964467
1.0 0.9539251
1.0 0.95519704
1.0 0.9679107
1.0 0.9512947
1.0 0.95808357
1.0 0.97108185
1.0 0.964467
1.0 0.94098717
1.0 0.77802557
1.0 0.96634966
1.0 0.9510666
1.0 0.9652883
1.0 0.94323874
1.0 0.93345165
1.0 0.9662623
1.0 0.95519704
1.0 0.93345165
1.0 0.96754605
1.0 0.95504206
1.0 0.94189054
1.0 0.96904445
1.0 0.9510666
1.0 0.954868
1.0 0.9456287
1.0 0.73861676
1.0 0.74410725
1.0 0.95393807
1.0 0.93764037
1.0 0.951182
1.0 0.9560211
1.0 0.95040196
1.0 0.9493008
1.0 0.7311058
1.0 0.94098717
1.0 0.9435211
1.0 0.9688788
1.0 0.95035
1.0 0.96817464
1.0 0.94508517
1.0 0.9488859
1.0 0.77802557
1.0 0.94508517
1.0 0.93882656
1.0 0.96596956
1.0 0.95328945
1.0 0.77802557
1.0 0.95040196
1.0 0.9685144
1.0 0.9662623
1.0 0.9417348
1.0 0.9659641
1.0 0.9376261
1.0 0.9522442
1.0 0.94653535
1.0 0.96596956
1.0 0.9676761
1.0 0.96634966
1.0 0.74489355
1.0 0.68587965
1.0 0.7631721
1.0 0.9435211
1.0 0.77802557
1.0 0.67902404
1.0 0.9676761
1.0 0.73226374
1.0 0.9482757
1.0 0.6740462
1.0 0.93882656
1.0 0.69330853
1.0 0.9676761
1.0 0.95488536
1.0 0.9505062
1.0 0.95048314
1.0 0.94862944
1.0 0.9580364
1.0 0.71102965
1.0 0.9450826
1.0 0.77922094
1.0 0.96384054
1.0 0.94185656
1.0 0.9456287
1.0 0.95808357
1.0 0.9657028
1.0 0.75343025
1.0 0.9522442
1.0 0.9522442
1.0 0.96764183
1.0 0.95294887
1.0 0.74410725
1.0 0.951182
1.0 0.9580364
1.0 0.7725604
1.0 0.95035
1.0 0.96506363
1.0 0.68812555
1.0 0.9685144
1.0 0.9476166
1.0 0.73226374
1.0 0.9493008
1.0 0.9477098
1.0 0.95720655
1.0 0.96808094
1.0 0.95808357
1.0 0.9722527
1.0 0.7253421
1.0 0.96754605
1.0 0.76771295
1.0 0.959944
1.0 0.9560211
1.0 0.6740462
1.0 0.94185656
1.0 0.964467
1.0 0.94568086
1.0 0.95287865
1.0 0.9552027
1.0 0.9461146
1.0 0.96764183
1.0 0.7764692
1.0 0.93764037
1.0 0.96764183
1.0 0.951182
1.0 0.95393807
1.0 0.93345165
1.0 0.9552027
1.0 0.95016545
1.0 0.96764183
1.0 0.9357466
1.0 0.94862944
1.0 0.94098717
1.0 0.9496192
1.0 0.95048314
1.0 0.6740462
1.0 0.96537894
1.0 0.9687704
1.0 0.95129806
1.0 0.9527638
1.0 0.96384054
1.0 0.93764037
1.0 0.95720655
1.0 0.77802557
1.0 0.96506363
1.0 0.9542697
1.0 0.94653535
1.0 0.9496192
1.0 0.96506363
1.0 0.95554495
1.0 0.9543254
1.0 0.96451527
1.0 0.9638577
1.0 0.96754605
1.0 0.93833184
1.0 0.954868
1.0 0.69330853
1.0 0.9493008
1.0 0.9496192
1.0 0.9552027
1.0 0.73861676
1.0 0.964467
1.0 0.959944
1.0 0.75343025
1.0 0.69631237
1.0 0.95287865
1.0 0.9687704
1.0 0.9688788
1.0 0.69631237
1.0 0.95504206
1.0 0.96808094
1.0 0.9560211
1.0 0.9519943
1.0 0.73226374
1.0 0.95554495
1.0 0.9636071
1.0 0.9711169
1.0 0.9404446
1.0 0.9662623
1.0 0.6841349
1.0 0.75343025
1.0 0.9560211
1.0 0.9666167
1.0 0.9379686
1.0 0.96904445
1.0 0.7311058
1.0 0.95393807
1.0 0.94185656
1.0 0.9679107
1.0 0.9580364
1.0 0.94862944
1.0 0.9435211
1.0 0.9476166
1.0 0.9580364
1.0 0.9503592
1.0 0.7345404
1.0 0.69631237
1.0 0.96537894
1.0 0.9688788
1.0 0.954868
1.0 0.94918936
1.0 0.7318428
1.0 0.95570654
1.0 0.9512947
1.0 0.93882656
1.0 0.9659641
1.0 0.9665453
1.0 0.9655126
1.0 0.9657028
1.0 0.9378252
1.0 0.9519943
1.0 0.9551608
1.0 0.9685144
1.0 0.7631721
1.0 0.9546977
1.0 0.9655126
1.0 0.69631237
1.0 0.9638577
1.0 0.9376261
1.0 0.96506363
1.0 0.95016545
1.0 0.9688788
1.0 0.9505062
1.0 0.9662623
1.0 0.9583961
1.0 0.96634966
1.0 0.7253421
1.0 0.9378252
1.0 0.68812555
1.0 0.951182
1.0 0.69330853
1.0 0.9487333
1.0 0.7027408
1.0 0.95519704
1.0 0.9551608
1.0 0.7764692
1.0 0.94918936
1.0 0.9560211
1.0 0.7764692
1.0 0.69631237
1.0 0.9540849
1.0 0.69631237
1.0 0.9560211
1.0 0.96904445
1.0 0.9349074
1.0 0.6841349
1.0 0.9417356
1.0 0.9663603
1.0 0.73861676
1.0 0.96764183
1.0 0.9657028
1.0 0.9349074
1.0 0.9675509
1.0 0.67902404
1.0 0.95504206
1.0 0.7318428
1.0 0.9495908
1.0 0.959944
1.0 0.9583961
1.0 0.9417348
1.0 0.9527638
1.0 0.96384054
1.0 0.94323874
1.0 0.7345404
1.0 0.77802557
1.0 0.9519943
1.0 0.94508517
1.0 0.94918936
1.0 0.9503592
1.0 0.93882656
1.0 0.7253421
1.0 0.9662623
1.0 0.95287865
1.0 0.95504206
1.0 0.94653535
1.0 0.96537894
1.0 0.93764037
1.0 0.9417356
1.0 0.94508517
1.0 0.9512947
1.0 0.94023114
1.0 0.94189054
1.0 0.96764183
1.0 0.9659641
1.0 0.77181447
1.0 0.9662623
1.0 0.9476166
1.0 0.93345165
1.0 0.94918936
1.0 0.94862944
1.0 0.93882656
1.0 0.7311058
1.0 0.95720655
1.0 0.964467
1.0 0.7311058
1.0 0.9540849
1.0 0.9560211
1.0 0.948182
1.0 0.9722527
1.0 0.9675509
1.0 0.69330853
1.0 0.9580364
1.0 0.9505062
1.0 0.9482757
1.0 0.75343025
1.0 0.69330853
1.0 0.9688788
1.0 0.73226374
1.0 0.7764692
1.0 0.96904445
1.0 0.96808094
1.0 0.95287865
1.0 0.9482757
1.0 0.9722527
1.0 0.938019
1.0 0.9515978
1.0 0.74489355
1.0 0.95328945
1.0 0.9543254
1.0 0.9580364
1.0 0.68524915
1.0 0.7027408
1.0 0.9540849
1.0 0.95035
1.0 0.77802557
1.0 0.9496192
1.0 0.7631721
1.0 0.93882656
1.0 0.96384054
1.0 0.96817464
1.0 0.9580364
1.0 0.95048314
1.0 0.9636071
1.0 0.95040196
1.0 0.95016545
1.0 0.938019
1.0 0.9482757
1.0 0.74410725
1.0 0.9540849
1.0 0.95040196
1.0 0.7027408
1.0 0.9522442
1.0 0.95393807
1.0 0.9546977
1.0 0.9512947
1.0 0.96517277
1.0 0.94023114
1.0 0.9675442
1.0 0.94550824
1.0 0.9404446
1.0 0.9515978
1.0 0.9722527
1.0 0.9711169
1.0 0.9636071
1.0 0.77922094
1.0 0.9493008
1.0 0.959944
1.0 0.93345165
1.0 0.69631237
1.0 0.77802557
1.0 0.9488859
1.0 0.77181447
1.0 0.94892114
1.0 0.93345165
1.0 0.71102965
1.0 0.7345404
1.0 0.96817464
1.0 0.96904445
1.0 0.9510666
1.0 0.9542697
1.0 0.9417356
1.0 0.9636071
1.0 0.7027408
1.0 0.68587965
1.0 0.9662623
1.0 0.96384054
1.0 0.68524915
1.0 0.9636071
1.0 0.9527638
1.0 0.95519704
1.0 0.95287865
1.0 0.9493008
1.0 0.9379686
1.0 0.9711169
1.0 0.9666167
1.0 0.9349074
1.0 0.94862944
1.0 0.74489355
1.0 0.7618006
1.0 0.96634966
1.0 0.96808094
1.0 0.69631237
1.0 0.9659641
1.0 0.95504206
1.0 0.7027408
1.0 0.96817464
1.0 0.9583961
1.0 0.959944
1.0 0.95287865
1.0 0.96926516
1.0 0.73861676
1.0 0.73226374
1.0 0.95294887
1.0 0.94023114
1.0 0.938019
1.0 0.95035
1.0 0.94550824
1.0 0.95016545
1.0 0.7311058
1.0 0.94918936
1.0 0.9552027
1.0 0.73226374
1.0 0.964467
1.0 0.9679488
1.0 0.9495908
1.0 0.73861676
1.0 0.94323874
1.0 0.96537894
1.0 0.9687704
1.0 0.94323874
1.0 0.9655126
1.0 0.7725604
1.0 0.9638577
1.0 0.96384054
1.0 0.9482757
1.0 0.9510666
1.0 0.9636071
1.0 0.97108185
1.0 0.95287865
1.0 0.95016545
1.0 0.9417348
1.0 0.9539251
1.0 0.96764183
1.0 0.94862944
1.0 0.76771295
1.0 0.948182
1.0 0.9522442
1.0 0.74489355
1.0 0.9482757
1.0 0.951182
1.0 0.73226374
1.0 0.9435211
1.0 0.9711169
1.0 0.69330853
1.0 0.93345165
1.0 0.94550824
1.0 0.9476166
1.0 0.7345404
1.0 0.954868
1.0 0.76771295
1.0 0.96451527
1.0 0.9527638
1.0 0.95519704
1.0 0.9652883
1.0 0.9675509
1.0 0.9679488
1.0 0.9512947
1.0 0.9476166
1.0 0.9654007
1.0 0.95287865
1.0 0.9543254
1.0 0.9679488
1.0 0.9659641
1.0 0.963404
1.0 0.6740462
1.0 0.9482757
1.0 0.9662623
1.0 0.95016545
1.0 0.9523975
1.0 0.9679107
1.0 0.9487333
1.0 0.74489355
1.0 0.9679488
1.0 0.7764692
1.0 0.9476166
1.0 0.9666167
1.0 0.96596956
1.0 0.77922094
1.0 0.9357466
1.0 0.963404
1.0 0.74410725
1.0 0.94918936
1.0 0.9654007
1.0 0.9638577
1.0 0.9379686
1.0 0.9657028
1.0 0.67902404
1.0 0.9522442
1.0 0.9503592
1.0 0.94653535
1.0 0.9488859
1.0 0.9495908
1.0 0.9476166
1.0 0.97108185
1.0 0.9654007
1.0 0.9675509
1.0 0.9580364
1.0 0.938019
1.0 0.9357466
1.0 0.95507336
1.0 0.73861676
1.0 0.9417348
1.0 0.69631237
1.0 0.9510666
1.0 0.95554495
1.0 0.74410725
1.0 0.93882656
1.0 0.94918936
1.0 0.9539251
1.0 0.94508517
