true vs pred:
1.0 0.99163216
1.0 0.99904555
0.0 0.8871829
1.0 0.9991522
1.0 0.9991867
1.0 0.9993926
1.0 0.99923885
1.0 0.9987496
1.0 0.9988458
0.0 0.85719633
1.0 0.9879049
1.0 0.99916697
1.0 0.99898714
1.0 0.99624026
1.0 0.99904555
1.0 0.99913186
1.0 0.99112296
1.0 0.9991522
1.0 0.99875283
1.0 0.99123794
1.0 0.996046
1.0 0.99908555
1.0 0.9990845
1.0 0.99918944
1.0 0.9640652
1.0 0.99916375
1.0 0.99874
1.0 0.99624026
1.0 0.99813074
1.0 0.9992243
1.0 0.99908555
1.0 0.9956529
1.0 0.9825304
1.0 0.9990879
1.0 0.99123794
1.0 0.9989988
1.0 0.9992447
1.0 0.99037653
1.0 0.99112296
1.0 0.99910635
1.0 0.9992248
1.0 0.99913186
1.0 0.9661886
1.0 0.9991704
1.0 0.99943453
1.0 0.9853747
1.0 0.9871039
1.0 0.9991709
1.0 0.9838958
1.0 0.95377666
1.0 0.996046
1.0 0.9992636
1.0 0.96417576
1.0 0.9979517
1.0 0.95837843
0.0 0.85719633
1.0 0.9991683
1.0 0.99939716
1.0 0.9990834
0.0 0.8799153
1.0 0.99037653
1.0 0.9991497
1.0 0.9991683
1.0 0.9988458
1.0 0.99802303
1.0 0.9991416
0.0 0.44038516
1.0 0.99915206
1.0 0.99916697
1.0 0.99802303
1.0 0.9987496
1.0 0.99920315
1.0 0.999252
1.0 0.9903239
0.0 0.43457273
1.0 0.9992447
1.0 0.99923885
1.0 0.99937785
1.0 0.9991867
1.0 0.9991416
1.0 0.9640652
1.0 0.9992248
1.0 0.9990879
1.0 0.9838958
1.0 0.99782974
1.0 0.9989988
1.0 0.95898366
1.0 0.9964078
0.0 0.44038516
1.0 0.99037653
1.0 0.9990988
1.0 0.9992447
1.0 0.999091
1.0 0.9956529
0.0 0.47077626
1.0 0.98510945
1.0 0.9992636
0.0 0.43457273
1.0 0.9992724
1.0 0.9991837
1.0 0.9992636
1.0 0.99915206
0.0 0.851499
1.0 0.9956529
1.0 0.99874
1.0 0.9991799
0.0 0.48820785
1.0 0.99107575
1.0 0.9958514
1.0 0.9838958
1.0 0.99813074
1.0 0.9924068
1.0 0.9990988
1.0 0.9992243
1.0 0.9989988
1.0 0.9990845
0.0 0.8541808
0.0 0.51098895
1.0 0.99037653
1.0 0.9991522
1.0 0.99803203
1.0 0.9992447
1.0 0.99802303
1.0 0.99920315
1.0 0.9954046
0.0 0.5635918
1.0 0.99907136
1.0 0.98510945
1.0 0.9993662
1.0 0.9640652
1.0 0.9992919
1.0 0.9842657
1.0 0.99940956
1.0 0.999212
1.0 0.99933076
1.0 0.99920315
1.0 0.9991416
1.0 0.9988458
1.0 0.99923885
1.0 0.95898366
1.0 0.99910396
1.0 0.9992706
1.0 0.9906873
1.0 0.9853747
1.0 0.95837843
1.0 0.9991709
1.0 0.999252
1.0 0.99915206
1.0 0.95898366
1.0 0.9924068
0.0 0.8724461
1.0 0.9903239
1.0 0.99933213
0.0 0.48820785
1.0 0.9993662
1.0 0.9871039
0.0 0.8552467
1.0 0.9991497
1.0 0.99904555
1.0 0.9853747
0.0 0.8310767
1.0 0.9956529
1.0 0.9991497
1.0 0.99910635
1.0 0.9992248
1.0 0.9530734
1.0 0.99847513
1.0 0.999213
1.0 0.98289096
1.0 0.9992447
1.0 0.99933213
0.0 0.44038516
1.0 0.9986272
1.0 0.95837843
1.0 0.99936193
1.0 0.9991683
1.0 0.99909854
0.0 0.8871829
0.0 0.51098895
1.0 0.99123794
1.0 0.9993926
1.0 0.9825304
1.0 0.9992706
1.0 0.99910635
1.0 0.99918944
1.0 0.996046
0.0 0.43457273
1.0 0.9842657
0.0 0.851499
0.0 0.8724461
1.0 0.9992636
1.0 0.9992873
0.0 0.4925613
1.0 0.9962831
1.0 0.9992248
1.0 0.99920315
1.0 0.99524885
1.0 0.99916697
1.0 0.99936193
0.0 0.8799153
1.0 0.98510945
1.0 0.99914455
1.0 0.9838958
1.0 0.9989988
1.0 0.9986272
1.0 0.9990834
0.0 0.8552467
0.0 0.8871829
1.0 0.9956529
0.0 0.8724461
0.0 0.48820785
0.0 0.8799153
1.0 0.99940956
1.0 0.9907617
1.0 0.999191
1.0 0.999091
1.0 0.95898366
1.0 0.9903239
1.0 0.9992173
1.0 0.999213
1.0 0.9991497
1.0 0.9956529
0.0 0.85719633
1.0 0.9846786
0.0 0.48163772
1.0 0.9991497
1.0 0.96417576
1.0 0.9640652
0.0 0.87479484
1.0 0.99107575
1.0 0.99904555
1.0 0.9991867
1.0 0.99898714
1.0 0.99163216
1.0 0.9958514
1.0 0.99920005
1.0 0.999191
1.0 0.99920315
0.0 0.44038516
1.0 0.9992655
1.0 0.99933213
1.0 0.96417576
0.0 0.4925613
1.0 0.9871039
0.0 0.44038516
1.0 0.999252
1.0 0.9991799
0.0 0.8871829
1.0 0.9992919
1.0 0.99939716
1.0 0.9903239
1.0 0.9992636
1.0 0.999252
1.0 0.9661886
1.0 0.9924068
1.0 0.9958514
1.0 0.95377666
1.0 0.9979517
1.0 0.99847513
1.0 0.99874794
1.0 0.9853747
1.0 0.99795973
1.0 0.99914455
1.0 0.9992706
1.0 0.99757475
1.0 0.9991704
0.0 0.87117094
1.0 0.9990879
1.0 0.9991709
1.0 0.9990845
0.0 0.85719633
1.0 0.99916375
1.0 0.99910396
1.0 0.99927336
1.0 0.99943453
1.0 0.9956529
1.0 0.9992919
1.0 0.9962831
1.0 0.99918944
1.0 0.99843746
1.0 0.99163216
1.0 0.9661886
1.0 0.99843746
1.0 0.99910396
1.0 0.999191
1.0 0.99904555
0.0 0.51541626
1.0 0.996046
1.0 0.99923885
1.0 0.9993662
1.0 0.9903239
1.0 0.98529
1.0 0.9991497
1.0 0.99908555
1.0 0.9991497
1.0 0.9992636
1.0 0.9991709
1.0 0.9990834
1.0 0.9846786
1.0 0.9985838
1.0 0.99920315
1.0 0.99904555
1.0 0.99843746
1.0 0.9853747
1.0 0.9992919
1.0 0.996046
1.0 0.9992248
1.0 0.99907136
1.0 0.9990834
1.0 0.99782974
0.0 0.47077626
1.0 0.99916697
1.0 0.9640652
1.0 0.9958514
1.0 0.99915206
1.0 0.99875283
1.0 0.99908555
0.0 0.8871829
0.0 0.8799153
1.0 0.99937785
1.0 0.9992655
1.0 0.9991837
1.0 0.999213
1.0 0.99914455
0.0 0.8871829
1.0 0.9991837
1.0 0.9986272
1.0 0.99898714
1.0 0.99922097
1.0 0.9954046
1.0 0.99900275
0.0 0.44038516
1.0 0.99920005
0.0 0.85719633
1.0 0.9993926
1.0 0.99943453
0.0 0.8310767
0.0 0.4925613
1.0 0.9988458
1.0 0.99911565
0.0 0.48820785
1.0 0.9979517
1.0 0.9661886
1.0 0.99913186
1.0 0.99916697
1.0 0.9992636
1.0 0.9956529
1.0 0.99936193
1.0 0.9640652
1.0 0.9990879
1.0 0.9990879
1.0 0.9842657
1.0 0.9957209
1.0 0.9907617
1.0 0.9842657
0.0 0.8541808
1.0 0.99922097
1.0 0.99909854
1.0 0.99813074
0.0 0.8541808
1.0 0.99939716
1.0 0.99937785
1.0 0.9992724
1.0 0.9985838
1.0 0.99843746
0.0 0.51541626
1.0 0.99900275
1.0 0.99922097
1.0 0.9907617
1.0 0.99914455
1.0 0.9906873
1.0 0.9825304
1.0 0.99907315
1.0 0.9992873
1.0 0.9907617
0.0 0.51098895
1.0 0.9992724
1.0 0.99900275
1.0 0.9842657
1.0 0.99909854
1.0 0.997867
1.0 0.99900275
1.0 0.9879049
1.0 0.9986272
1.0 0.99524885
1.0 0.99936193
0.0 0.4410662
1.0 0.99907315
1.0 0.99908555
1.0 0.9993482
1.0 0.95377666
0.0 0.8724461
0.0 0.44038516
1.0 0.999091
1.0 0.98529
1.0 0.9992238
1.0 0.9986272
1.0 0.99910396
1.0 0.9991416
0.0 0.87117094
1.0 0.99916375
1.0 0.9853747
1.0 0.9991709
1.0 0.99802303
1.0 0.9964078
1.0 0.99908555
1.0 0.99874
1.0 0.99922097
1.0 0.9992238
1.0 0.9987496
1.0 0.99915206
1.0 0.9991497
1.0 0.99107575
1.0 0.99107575
1.0 0.99813074
1.0 0.9964078
1.0 0.99917465
1.0 0.99843746
1.0 0.9979589
1.0 0.9993926
1.0 0.9992724
1.0 0.999252
1.0 0.99920315
1.0 0.9990489
1.0 0.999091
1.0 0.9992243
1.0 0.99922097
1.0 0.999252
1.0 0.99843746
1.0 0.95837843
1.0 0.96417576
1.0 0.98529
1.0 0.9842657
1.0 0.99795973
1.0 0.9992706
1.0 0.999213
1.0 0.99920315
1.0 0.9992873
1.0 0.99910396
1.0 0.99922097
1.0 0.999091
0.0 0.8871829
1.0 0.9992248
1.0 0.9992873
1.0 0.999212
1.0 0.99920315
1.0 0.9962831
1.0 0.99920315
1.0 0.9992919
1.0 0.9986272
1.0 0.9991843
1.0 0.99918944
1.0 0.9962831
1.0 0.99874
1.0 0.99936193
0.0 0.4925613
1.0 0.9846786
1.0 0.9981193
1.0 0.999288
1.0 0.99913186
1.0 0.9825304
1.0 0.9990489
1.0 0.9991709
0.0 0.5635918
1.0 0.9991522
1.0 0.9992243
1.0 0.99917465
1.0 0.9992173
1.0 0.99907315
1.0 0.99916375
1.0 0.9557735
1.0 0.9987496
1.0 0.9991837
1.0 0.9986272
1.0 0.99920315
1.0 0.99937785
1.0 0.95377666
1.0 0.9991497
1.0 0.95837843
1.0 0.9842657
1.0 0.99913186
1.0 0.9993482
1.0 0.9661886
1.0 0.95405895
1.0 0.9853747
0.0 0.47077626
1.0 0.99910635
1.0 0.999213
1.0 0.99914455
1.0 0.99913186
1.0 0.99918944
1.0 0.9991585
1.0 0.9990896
1.0 0.9992706
1.0 0.99907315
1.0 0.9530734
1.0 0.99913186
1.0 0.98529
1.0 0.99921536
1.0 0.9903239
1.0 0.99847513
1.0 0.9964078
1.0 0.9838958
1.0 0.9991867
1.0 0.99937785
1.0 0.99524885
1.0 0.9991843
1.0 0.96417576
1.0 0.9991799
1.0 0.99913186
1.0 0.999213
1.0 0.99874794
1.0 0.9992238
1.0 0.99922097
1.0 0.9991585
1.0 0.9991585
1.0 0.99803203
1.0 0.9991843
1.0 0.96238184
1.0 0.9557735
