true vs pred:
1.0 0.99534225
1.0 0.99910384
1.0 0.99864703
1.0 0.9989059
1.0 0.99338055
1.0 0.9957294
1.0 0.9972517
1.0 0.99338055
1.0 0.9955863
1.0 0.9997743
1.0 0.9945629
1.0 0.9968162
1.0 0.99868196
1.0 0.9990872
1.0 0.99883825
1.0 0.9964688
1.0 0.99577266
1.0 0.99916315
1.0 0.999765
1.0 0.97871906
1.0 0.9965412
1.0 0.995236
1.0 0.9996518
1.0 0.9964328
1.0 0.9987243
1.0 0.99948174
1.0 0.9966208
1.0 0.97871906
1.0 0.9959705
1.0 0.9941076
1.0 0.99871385
1.0 0.99974734
1.0 0.9967437
1.0 0.9933635
1.0 0.99406487
1.0 0.99920255
1.0 0.9942966
1.0 0.9989059
1.0 0.9798038
1.0 0.9971264
1.0 0.97924054
1.0 0.9964328
1.0 0.9964882
1.0 0.99676114
1.0 0.9967437
1.0 0.97802085
1.0 0.9996518
1.0 0.9988745
1.0 0.9973008
1.0 0.99927264
1.0 0.99873537
1.0 0.9961415
1.0 0.9966754
1.0 0.99925536
1.0 0.9964882
1.0 0.9964882
1.0 0.99406487
1.0 0.97871906
1.0 0.9972517
1.0 0.97365814
1.0 0.9988091
1.0 0.9932749
1.0 0.9960299
1.0 0.9996339
1.0 0.9930033
1.0 0.99458003
1.0 0.9933635
1.0 0.99923396
1.0 0.9988537
1.0 0.9775618
1.0 0.99972945
1.0 0.9973008
1.0 0.9961415
1.0 0.99458003
1.0 0.99882656
1.0 0.99551195
1.0 0.99916315
1.0 0.99920255
1.0 0.9942966
1.0 0.9973008
1.0 0.99927264
1.0 0.9798038
1.0 0.99470276
1.0 0.99354374
1.0 0.9932973
1.0 0.99919444
1.0 0.99849355
1.0 0.99458003
1.0 0.9989058
1.0 0.9996569
1.0 0.99474466
1.0 0.9997116
1.0 0.9988036
1.0 0.9955694
1.0 0.99948174
1.0 0.9989058
1.0 0.99474466
1.0 0.9946477
1.0 0.99871385
1.0 0.9996569
1.0 0.99676114
1.0 0.9964882
1.0 0.9960299
1.0 0.9932749
1.0 0.9971264
1.0 0.984209
1.0 0.9997116
1.0 0.99710685
1.0 0.99474466
1.0 0.99864703
1.0 0.99625164
1.0 0.99577266
1.0 0.99882656
1.0 0.9987644
1.0 0.9966294
1.0 0.99551195
1.0 0.99418455
1.0 0.9959705
1.0 0.99849355
1.0 0.99887675
1.0 0.99873537
1.0 0.99927264
1.0 0.99860245
1.0 0.995659
1.0 0.9966208
1.0 0.9742843
1.0 0.9988537
1.0 0.998879
1.0 0.99899155
1.0 0.9990939
1.0 0.99873537
1.0 0.99975926
1.0 0.99738115
1.0 0.99908066
1.0 0.99391454
1.0 0.99539125
1.0 0.9990939
1.0 0.9775618
1.0 0.99498016
1.0 0.99974746
1.0 0.9960299
1.0 0.9989059
1.0 0.9955694
1.0 0.99551195
1.0 0.98426074
1.0 0.9964328
1.0 0.99908066
1.0 0.99534225
1.0 0.99561137
1.0 0.99919444
1.0 0.984209
1.0 0.99676114
1.0 0.99910384
1.0 0.99695134
1.0 0.99534225
1.0 0.9964688
1.0 0.9972517
1.0 0.995659
1.0 0.99157494
1.0 0.9973008
1.0 0.9984669
1.0 0.99470276
1.0 0.99871385
1.0 0.9988537
1.0 0.9990657
1.0 0.99529475
1.0 0.9985311
1.0 0.99710685
1.0 0.9807304
1.0 0.9992767
1.0 0.998879
1.0 0.9932973
1.0 0.97871906
1.0 0.9988745
1.0 0.9996518
1.0 0.9988992
1.0 0.9972517
1.0 0.99927264
1.0 0.99884546
1.0 0.9992318
1.0 0.9966294
1.0 0.9966754
1.0 0.99470276
1.0 0.99924785
1.0 0.99561137
1.0 0.9932973
1.0 0.99458003
1.0 0.9935573
1.0 0.9972517
1.0 0.9972517
1.0 0.9988537
1.0 0.995659
1.0 0.9987644
1.0 0.9932973
1.0 0.99887675
1.0 0.9988036
1.0 0.99919444
1.0 0.9996037
1.0 0.97871906
1.0 0.999765
1.0 0.9932973
1.0 0.998879
1.0 0.99923396
1.0 0.9961415
1.0 0.9972517
1.0 0.9997154
1.0 0.99157494
1.0 0.999587
1.0 0.9930033
1.0 0.99681276
1.0 0.99973005
1.0 0.99916315
1.0 0.99884546
1.0 0.9996518
1.0 0.99975926
1.0 0.99625164
1.0 0.99910384
1.0 0.99695134
1.0 0.99529475
1.0 0.99887675
1.0 0.9994562
1.0 0.99882346
1.0 0.9988392
1.0 0.9935573
1.0 0.9971264
1.0 0.99948174
1.0 0.9807304
1.0 0.9991689
1.0 0.9990939
1.0 0.99899155
1.0 0.9964688
1.0 0.9972517
1.0 0.99871385
1.0 0.9990939
1.0 0.9996184
1.0 0.99974734
1.0 0.9965412
1.0 0.9964688
1.0 0.99354374
1.0 0.9946477
1.0 0.99868196
1.0 0.99899155
1.0 0.9957294
1.0 0.99474466
1.0 0.9986915
1.0 0.9742843
1.0 0.99875677
1.0 0.99916315
1.0 0.9966208
1.0 0.9966294
1.0 0.99406487
1.0 0.99542624
1.0 0.99542624
1.0 0.9967623
1.0 0.9742843
1.0 0.99925536
1.0 0.99917907
1.0 0.99974746
1.0 0.9955863
1.0 0.9933635
1.0 0.99923396
1.0 0.99354374
1.0 0.9991373
1.0 0.9988745
1.0 0.9966754
1.0 0.9997743
1.0 0.9988992
1.0 0.9775618
1.0 0.99406487
1.0 0.99849355
1.0 0.99849355
1.0 0.9964882
1.0 0.9987644
1.0 0.995236
1.0 0.9996339
1.0 0.99974746
1.0 0.99974746
1.0 0.9989058
1.0 0.9955694
1.0 0.99871385
1.0 0.99927264
1.0 0.9966208
1.0 0.9987644
1.0 0.9955088
1.0 0.99923277
1.0 0.9967623
1.0 0.9984669
1.0 0.99966824
1.0 0.99577266
1.0 0.99470276
1.0 0.9993212
1.0 0.99157494
1.0 0.99974746
1.0 0.9987243
1.0 0.9966754
1.0 0.9988091
1.0 0.99470276
1.0 0.9988537
1.0 0.9990939
1.0 0.99542624
1.0 0.9964882
1.0 0.999065
1.0 0.9959196
1.0 0.99498016
1.0 0.9973008
1.0 0.99542624
1.0 0.9946477
1.0 0.9941076
1.0 0.99923396
1.0 0.99738115
1.0 0.9775618
1.0 0.9990872
1.0 0.9984669
1.0 0.99916315
1.0 0.99882346
1.0 0.9935573
1.0 0.9967623
1.0 0.99972945
1.0 0.9935573
1.0 0.9992654
1.0 0.9966754
1.0 0.9807304
1.0 0.99738115
1.0 0.9988992
1.0 0.9942966
1.0 0.9988036
1.0 0.99551195
1.0 0.9775618
1.0 0.9988745
1.0 0.99681276
1.0 0.9972517
1.0 0.9933635
1.0 0.99899155
1.0 0.99973005
1.0 0.98426074
1.0 0.9988392
1.0 0.99974734
1.0 0.99849355
1.0 0.99710685
1.0 0.99390656
1.0 0.999696
1.0 0.9964882
1.0 0.99910384
1.0 0.9985909
1.0 0.9992053
1.0 0.9992613
1.0 0.99948174
1.0 0.99972945
1.0 0.99924785
1.0 0.99925536
1.0 0.9964328
1.0 0.99917907
1.0 0.97365814
1.0 0.9946477
1.0 0.999765
1.0 0.9988537
1.0 0.9996339
1.0 0.9990939
1.0 0.99923277
1.0 0.99980396
1.0 0.9955694
1.0 0.998879
1.0 0.99887675
1.0 0.9961415
1.0 0.9986915
1.0 0.99974126
1.0 0.9989059
1.0 0.9942966
1.0 0.99884546
1.0 0.99710685
1.0 0.99542624
1.0 0.999696
1.0 0.99882346
1.0 0.998879
1.0 0.99529475
1.0 0.99474466
1.0 0.99418455
1.0 0.9967623
1.0 0.9989058
1.0 0.99980396
1.0 0.99534225
1.0 0.9955863
1.0 0.9994562
1.0 0.9992304
1.0 0.9985898
1.0 0.99919444
1.0 0.99391454
1.0 0.999765
1.0 0.9993212
1.0 0.9988537
1.0 0.99882346
1.0 0.9935573
1.0 0.99498016
1.0 0.99551195
1.0 0.99882346
1.0 0.9966294
1.0 0.99917907
1.0 0.9955694
1.0 0.99868196
1.0 0.9990657
1.0 0.9997154
1.0 0.99980396
1.0 0.99710685
1.0 0.9775618
1.0 0.9973008
1.0 0.9955088
1.0 0.99882346
1.0 0.9988745
1.0 0.9997154
1.0 0.99972945
1.0 0.99676114
1.0 0.99974734
1.0 0.99474466
1.0 0.9955088
1.0 0.9990872
1.0 0.99883825
1.0 0.99625164
1.0 0.99899155
1.0 0.9988537
1.0 0.9955694
1.0 0.9930033
1.0 0.99390656
1.0 0.9992767
1.0 0.999765
1.0 0.99980396
1.0 0.99391454
1.0 0.995236
1.0 0.99919444
1.0 0.9966324
1.0 0.99887675
1.0 0.9966294
1.0 0.99681276
1.0 0.998901
1.0 0.99916315
1.0 0.99916315
1.0 0.99920255
1.0 0.9990657
1.0 0.9992767
1.0 0.99974746
1.0 0.99903595
1.0 0.9932749
1.0 0.99406487
1.0 0.9988392
1.0 0.99899155
1.0 0.99966824
1.0 0.99551195
1.0 0.9959705
1.0 0.9994562
1.0 0.9992654
1.0 0.9990872
1.0 0.9964882
1.0 0.9972517
1.0 0.9742843
1.0 0.9972517
1.0 0.99974126
1.0 0.9988537
1.0 0.998879
1.0 0.97924054
1.0 0.99882656
1.0 0.9959196
1.0 0.9987243
1.0 0.9986915
1.0 0.99924785
1.0 0.9997743
1.0 0.998879
1.0 0.97871906
1.0 0.99923396
1.0 0.9959705
1.0 0.9988745
1.0 0.9988745
1.0 0.99882656
1.0 0.99908066
1.0 0.99534225
1.0 0.99498016
1.0 0.99561137
1.0 0.9961415
1.0 0.9930033
1.0 0.995236
1.0 0.9775618
1.0 0.9742843
1.0 0.99974746
1.0 0.99406487
1.0 0.9933635
1.0 0.99695134
1.0 0.97871906
1.0 0.9946477
1.0 0.9930033
1.0 0.99681276
1.0 0.9988537
1.0 0.9966324
1.0 0.9988992
1.0 0.9985311
1.0 0.99974746
1.0 0.9988036
1.0 0.99561137
1.0 0.9966754
1.0 0.9932749
1.0 0.99883825
1.0 0.9955694
1.0 0.9997154
1.0 0.9966324
1.0 0.9932973
1.0 0.99899155
1.0 0.9988392
1.0 0.9996184
1.0 0.9989059
1.0 0.9985909
1.0 0.99923277
1.0 0.9966294
1.0 0.9966208
1.0 0.9992767
1.0 0.99917907
1.0 0.9986915
1.0 0.99633825
1.0 0.97924054
1.0 0.9967437
1.0 0.9988091
1.0 0.9992053
1.0 0.97924054
1.0 0.97871906
