true vs pred:
0.0 1.7576944e-05
0.0 2.1049016e-05
0.0 1.6611231e-05
1.0 0.99999523
0.0 2.4160188e-05
1.0 0.98428565
0.0 0.0020588143
1.0 0.99967945
1.0 0.99996376
1.0 0.99999416
1.0 0.9999944
0.0 2.1651056e-05
0.0 1.900429e-05
1.0 0.97523206
1.0 0.99999523
0.0 2.2450462e-05
1.0 0.99999523
0.0 0.0018308876
0.0 1.6306903e-05
1.0 0.98428565
1.0 0.99999416
0.0 1.6743603e-05
0.0 2.2968452e-05
1.0 0.99999535
0.0 0.0019388305
0.0 0.030621437
0.0 2.0177897e-05
1.0 0.9999926
1.0 0.9999943
0.0 2.2450462e-05
0.0 8.315104e-05
0.0 0.06848553
1.0 0.99999535
0.0 2.1332722e-05
0.0 1.75072e-05
1.0 0.9999924
0.0 1.6743603e-05
1.0 0.99999523
1.0 0.99999285
0.0 1.5778047e-05
0.0 1.6306903e-05
0.0 0.04376945
1.0 0.99996495
0.0 0.0018308876
0.0 2.0563582e-05
1.0 0.9999635
1.0 0.9997626
0.0 1.721538e-05
0.0 1.8389643e-05
0.0 0.027870975
0.0 1.6736196e-05
0.0 1.849365e-05
0.0 2.2968452e-05
1.0 0.99999297
0.0 2.003006e-05
0.0 7.539804e-05
0.0 1.8394974e-05
0.0 2.1651056e-05
0.0 0.0015887492
1.0 0.9997305
0.0 0.0012332146
0.0 2.2281727e-05
0.0 1.5778047e-05
0.0 0.0015140602
0.0 0.0015887492
1.0 0.9999944
0.0 6.0774953e-05
1.0 0.97393554
0.0 1.871964e-05
0.0 0.03681533
1.0 0.97523206
0.0 6.0774953e-05
1.0 0.99999416
0.0 0.057264194
1.0 0.99996483
0.0 1.5166028e-05
0.0 1.7756134e-05
1.0 0.99999285
1.0 0.99996376
1.0 0.99961406
0.0 0.0020588143
1.0 0.97393554
0.0 2.0177897e-05
1.0 0.99996495
1.0 0.9999924
0.0 1.6736196e-05
0.0 7.534917e-05
1.0 0.99999523
0.0 1.918513e-05
0.0 2.4086248e-05
0.0 1.871964e-05
0.0 1.5778047e-05
1.0 0.99999523
1.0 0.99999285
1.0 0.99999523
0.0 2.1332722e-05
0.0 1.8951607e-05
0.0 1.7521548e-05
1.0 0.99999297
0.0 1.7756134e-05
1.0 0.9999931
1.0 0.9860978
1.0 0.99999297
0.0 0.03681533
0.0 2.1049016e-05
0.0 2.1332722e-05
1.0 0.9999943
1.0 0.9999634
0.0 1.79185e-05
0.0 1.5781357e-05
0.0 2.2943494e-05
0.0 1.6736196e-05
0.0 8.315104e-05
0.0 1.7179624e-05
1.0 0.99999523
0.0 0.06848553
1.0 0.99999523
0.0 0.0019388305
0.0 2.0763257e-05
0.0 1.9231458e-05
0.0 1.5778047e-05
1.0 0.98428565
0.0 8.870447e-05
1.0 0.99999285
0.0 6.0774953e-05
0.0 0.07132878
0.0 2.1837248e-05
0.0 2.0026908e-05
0.0 0.023431573
0.0 1.7521548e-05
1.0 0.99960786
0.0 2.0177897e-05
1.0 0.99999297
0.0 1.7364997e-05
1.0 0.9997522
1.0 0.9783825
1.0 0.99969614
0.0 0.057264194
1.0 0.97393554
1.0 0.9999944
1.0 0.99996376
0.0 1.918513e-05
1.0 0.99999535
1.0 0.9999678
0.0 1.5343188e-05
0.0 1.721538e-05
0.0 1.8394974e-05
0.0 0.027870975
1.0 0.99996483
0.0 0.03681533
0.0 1.918513e-05
0.0 1.7179624e-05
0.0 2.3134446e-05
0.0 1.5166028e-05
1.0 0.99963903
0.0 1.79185e-05
1.0 0.99960786
0.0 1.8389643e-05
0.0 2.1496342e-05
0.0 0.0015140602
1.0 0.99999523
0.0 1.721538e-05
0.0 1.9749528e-05
0.0 2.1332722e-05
0.0 0.0015140602
0.0 0.04376945
1.0 0.99996495
0.0 1.9655505e-05
1.0 0.99999404
1.0 0.99996424
0.0 1.7357266e-05
1.0 0.99999285
1.0 0.99963903
0.0 1.871964e-05
1.0 0.99999416
0.0 1.8394974e-05
1.0 0.9996538
0.0 0.0015887492
0.0 0.0014482532
0.0 2.4160188e-05
0.0 1.9231458e-05
0.0 1.6743603e-05
1.0 0.99967945
0.0 1.75072e-05
1.0 0.9999678
0.0 0.04376945
0.0 0.030621437
0.0 2.2968452e-05
0.0 1.7756134e-05
0.0 1.7364997e-05
0.0 2.1049016e-05
0.0 2.3134446e-05
1.0 0.99999297
1.0 0.99999285
0.0 1.89713e-05
0.0 2.1805907e-05
1.0 0.99996495
0.0 0.057264194
0.0 2.2146061e-05
1.0 0.97523206
1.0 0.9996538
0.0 2.2281727e-05
0.0 1.7521548e-05
1.0 0.97527426
0.0 1.6736196e-05
1.0 0.99999523
1.0 0.99999416
0.0 0.0012332146
0.0 2.1496342e-05
0.0 2.4160188e-05
0.0 2.1332722e-05
0.0 2.3134446e-05
0.0 1.79185e-05
0.0 2.2281727e-05
1.0 0.9997522
0.0 1.570936e-05
0.0 0.03818248
1.0 0.99999523
0.0 1.918513e-05
0.0 1.5166028e-05
1.0 0.99996567
1.0 0.99996424
0.0 0.0015140602
0.0 2.1332722e-05
0.0 2.1651056e-05
0.0 1.6691549e-05
0.0 1.7576944e-05
0.0 0.0015140602
0.0 2.003006e-05
0.0 2.0177897e-05
0.0 2.155793e-05
0.0 1.5781357e-05
1.0 0.99999523
0.0 0.0020588143
1.0 0.99999523
0.0 1.6611231e-05
0.0 2.2943494e-05
1.0 0.9999596
0.0 0.03818248
0.0 0.057264194
0.0 1.871964e-05
1.0 0.99999297
1.0 0.99963903
0.0 2.003006e-05
0.0 1.89713e-05
0.0 1.8389643e-05
0.0 1.871964e-05
1.0 0.99996483
1.0 0.9999634
0.0 2.4160188e-05
1.0 0.99999297
1.0 0.9997305
0.0 1.5166028e-05
1.0 0.99999297
1.0 0.99996483
0.0 2.0563582e-05
0.0 1.7179624e-05
0.0 2.2943494e-05
0.0 1.849365e-05
0.0 7.539804e-05
1.0 0.99999404
1.0 0.9999943
0.0 1.721538e-05
0.0 8.6198685e-05
1.0 0.97527426
1.0 0.9999678
0.0 6.9420676e-05
1.0 0.9999635
0.0 2.2454338e-05
1.0 0.9999924
0.0 0.027870975
0.0 0.0019388305
0.0 2.1651056e-05
1.0 0.9999926
1.0 0.99999535
1.0 0.9999931
1.0 0.9997626
0.0 2.1332722e-05
1.0 0.99999297
0.0 2.1805907e-05
0.0 0.030621437
1.0 0.9999939
0.0 1.6611231e-05
0.0 2.0563582e-05
1.0 0.9999939
1.0 0.99999535
0.0 0.03818248
1.0 0.99999523
0.0 1.9571056e-05
0.0 2.2968452e-05
1.0 0.99996376
1.0 0.99960786
0.0 1.5166028e-05
0.0 1.7251585e-05
0.0 0.0015140602
1.0 0.99999535
0.0 0.0015140602
1.0 0.99999297
0.0 0.027870975
0.0 0.0012332146
0.0 1.6691549e-05
1.0 0.99999404
0.0 0.057264194
1.0 0.99999523
1.0 0.9999939
0.0 1.721538e-05
1.0 0.99999297
0.0 2.2968452e-05
1.0 0.99996495
0.0 0.023431573
0.0 0.0012332146
0.0 7.534917e-05
0.0 1.8951607e-05
1.0 0.97523206
0.0 2.0177897e-05
0.0 2.2943494e-05
0.0 0.03681533
1.0 0.99999416
1.0 0.99999535
0.0 2.4160188e-05
0.0 2.2281727e-05
1.0 0.99961406
1.0 0.99999297
1.0 0.9860978
1.0 0.99996424
1.0 0.97527426
0.0 2.4160188e-05
1.0 0.9860978
1.0 0.99999416
1.0 0.99999523
1.0 0.97569317
0.0 2.1837248e-05
0.0 0.00095904304
0.0 1.871964e-05
1.0 0.9999596
0.0 2.1651056e-05
1.0 0.99967945
1.0 0.9997626
0.0 1.9749528e-05
0.0 1.89713e-05
1.0 0.9999944
0.0 0.03930414
0.0 1.79185e-05
0.0 7.539804e-05
0.0 2.0563582e-05
0.0 0.0018308876
1.0 0.97523206
1.0 0.99999297
0.0 2.1332722e-05
1.0 0.9996538
0.0 2.0177897e-05
1.0 0.9999924
1.0 0.9999924
0.0 1.7364997e-05
0.0 2.2938813e-05
0.0 1.570936e-05
0.0 1.7364997e-05
0.0 2.0763257e-05
1.0 0.97569317
0.0 0.0014482532
0.0 8.315104e-05
0.0 2.0763257e-05
1.0 0.9997305
1.0 0.99961406
1.0 0.9999931
1.0 0.99999404
1.0 0.9999939
0.0 1.9571056e-05
0.0 0.00095904304
1.0 0.97569317
0.0 1.570936e-05
1.0 0.97527426
0.0 1.5343188e-05
0.0 1.75072e-05
1.0 0.99999523
1.0 0.99999285
0.0 1.570936e-05
0.0 1.9231458e-05
1.0 0.9999931
0.0 0.00095904304
0.0 1.7364997e-05
0.0 0.0014482532
0.0 7.003e-05
0.0 0.00095904304
0.0 1.900429e-05
1.0 0.99999416
0.0 2.2146061e-05
1.0 0.9996538
0.0 1.6953332e-05
1.0 0.99999523
1.0 0.99999535
1.0 0.99967265
0.0 1.849365e-05
0.0 2.3134446e-05
0.0 1.871964e-05
1.0 0.99999523
0.0 1.7251585e-05
1.0 0.9999627
1.0 0.99999416
1.0 0.99999535
1.0 0.97393554
0.0 2.2454338e-05
1.0 0.9999926
0.0 1.721538e-05
0.0 0.027870975
0.0 6.0774953e-05
0.0 2.4086248e-05
1.0 0.99999535
1.0 0.9999943
1.0 0.97569317
1.0 0.9999627
1.0 0.99999416
0.0 0.03681533
0.0 0.0015140602
0.0 1.5781357e-05
0.0 1.5781357e-05
0.0 8.315104e-05
0.0 2.4086248e-05
1.0 0.9773481
1.0 0.9999939
0.0 8.561974e-05
1.0 0.99967945
1.0 0.9999931
1.0 0.99996483
0.0 0.07132878
0.0 0.001121113
1.0 0.99999523
0.0 0.06848553
1.0 0.97569317
1.0 0.99996483
1.0 0.9999939
0.0 1.8394974e-05
0.0 2.003006e-05
0.0 1.7251585e-05
0.0 1.7364997e-05
0.0 8.6198685e-05
1.0 0.9999678
1.0 0.99996424
0.0 0.057264194
1.0 0.99999285
1.0 0.99999535
1.0 0.97569317
1.0 0.99999523
0.0 2.4160188e-05
1.0 0.99996495
1.0 0.99999285
1.0 0.9783825
0.0 0.07132878
0.0 2.1805907e-05
0.0 0.07132878
1.0 0.99999297
1.0 0.99999416
0.0 0.0016947871
0.0 0.030621437
0.0 2.1805907e-05
1.0 0.9999943
1.0 0.9996538
0.0 1.89713e-05
0.0 1.6691549e-05
0.0 8.704302e-05
1.0 0.9999931
0.0 0.0018308876
0.0 1.75072e-05
0.0 0.001121113
0.0 0.027870975
0.0 2.0026908e-05
1.0 0.98428565
0.0 0.06848553
1.0 0.9773481
1.0 0.99996567
1.0 0.99999523
1.0 0.9999926
0.0 1.801318e-05
1.0 0.99999416
1.0 0.9860978
1.0 0.99999416
0.0 0.057264194
1.0 0.99961406
0.0 1.849365e-05
0.0 0.0015140602
0.0 1.8394974e-05
0.0 1.7364997e-05
0.0 0.0018308876
1.0 0.99967265
0.0 2.0563582e-05
0.0 1.970109e-05
0.0 1.721538e-05
0.0 1.8951607e-05
0.0 0.04376945
1.0 0.99996424
1.0 0.97527426
0.0 0.0018308876
0.0 0.030621437
1.0 0.96113306
1.0 0.99999523
1.0 0.9999678
1.0 0.99999523
0.0 1.9655505e-05
0.0 0.0018308876
0.0 1.7251585e-05
1.0 0.98670316
0.0 1.5166028e-05
1.0 0.99999404
0.0 2.4086248e-05
0.0 1.6736196e-05
0.0 0.0020588143
1.0 0.99961406
0.0 2.2146061e-05
0.0 0.0016947871
0.0 2.003006e-05
1.0 0.9999634
0.0 0.0018308876
1.0 0.99996424
1.0 0.9999943
1.0 0.9999627
1.0 0.97569317
1.0 0.96113306
1.0 0.96113306
0.0 8.870447e-05
0.0 0.0016947871
