true vs pred:
1.0 0.99996674
1.0 0.99955314
1.0 0.9999707
1.0 0.9999665
1.0 0.9999566
1.0 0.997186
1.0 0.999688
1.0 0.98500526
1.0 0.997186
1.0 0.99987555
1.0 0.999959
1.0 0.921739
1.0 0.979835
1.0 0.9999616
1.0 0.9999616
1.0 0.99996793
1.0 0.99988556
1.0 0.8324537
1.0 0.99995506
1.0 0.9999609
0.0 0.20840219
1.0 0.9998764
1.0 0.997177
1.0 0.99996483
1.0 0.9840454
1.0 0.99997187
1.0 0.9999536
1.0 0.9995777
0.0 0.20840219
1.0 0.99960023
1.0 0.51043946
1.0 0.99996984
1.0 0.9999597
1.0 0.9771996
1.0 0.81888
1.0 0.59293807
1.0 0.99995637
1.0 0.89981884
1.0 0.9999566
0.0 0.35657525
1.0 0.9998754
0.0 0.26768658
1.0 0.9840454
1.0 0.99988294
1.0 0.9998715
1.0 0.9771996
0.0 0.5572213
1.0 0.99996483
1.0 0.99997115
1.0 0.99988246
1.0 0.9999603
1.0 0.9999716
1.0 0.9970625
1.0 0.9996929
1.0 0.9999647
1.0 0.99988294
1.0 0.99988294
1.0 0.59293807
0.0 0.20840219
1.0 0.98500526
0.0 0.26922396
1.0 0.9999722
1.0 0.49650106
1.0 0.9996259
1.0 0.9999627
1.0 0.6480163
1.0 0.997598
1.0 0.81888
1.0 0.99995255
1.0 0.99997187
0.0 0.5814972
1.0 0.9999621
1.0 0.99988246
1.0 0.9970625
1.0 0.997598
1.0 0.9999716
1.0 0.982291
1.0 0.99995506
1.0 0.99995637
1.0 0.89981884
1.0 0.99988246
1.0 0.9999603
0.0 0.35657525
1.0 0.9974361
1.0 0.7859985
1.0 0.5176819
1.0 0.9999591
1.0 0.9999716
1.0 0.997598
1.0 0.9999609
1.0 0.99996674
1.0 0.8593799
1.0 0.9999654
1.0 0.9999622
1.0 0.9912866
1.0 0.9999536
1.0 0.9999609
1.0 0.8593799
1.0 0.9985916
1.0 0.99996984
1.0 0.99996674
1.0 0.9998715
1.0 0.99988294
1.0 0.9996259
1.0 0.49650106
1.0 0.9998754
0.0 0.272312
1.0 0.9999654
1.0 0.97542393
1.0 0.8593799
1.0 0.9999665
1.0 0.99985576
1.0 0.8324537
1.0 0.9999716
1.0 0.99997234
1.0 0.99956137
1.0 0.982291
1.0 0.99660504
1.0 0.99960023
1.0 0.9999716
1.0 0.99996793
1.0 0.9999716
1.0 0.9999603
1.0 0.9999703
1.0 0.99692184
1.0 0.9995777
0.0 0.39179218
1.0 0.99997187
1.0 0.99997175
1.0 0.9999726
1.0 0.99996936
1.0 0.9999716
1.0 0.99995947
1.0 0.98140967
1.0 0.99996483
1.0 0.9566861
1.0 0.9973464
1.0 0.99996936
0.0 0.5814972
1.0 0.99959344
1.0 0.9999597
1.0 0.9996259
1.0 0.9999566
1.0 0.9912866
1.0 0.982291
0.0 0.20739438
1.0 0.9840454
1.0 0.99996483
1.0 0.99955314
1.0 0.99808645
1.0 0.9999591
0.0 0.272312
1.0 0.9998715
1.0 0.9999707
1.0 0.9998833
1.0 0.99955314
1.0 0.99988556
1.0 0.98500526
1.0 0.99692184
1.0 0.476283
1.0 0.99988246
1.0 0.9999702
1.0 0.9974361
1.0 0.99996984
1.0 0.99997187
1.0 0.9999628
1.0 0.95852566
1.0 0.99996233
1.0 0.97542393
0.0 0.25972933
1.0 0.99995923
1.0 0.99997175
1.0 0.5176819
0.0 0.20840219
1.0 0.99997115
1.0 0.99996483
1.0 0.9999634
1.0 0.98500526
1.0 0.9999603
1.0 0.9999726
1.0 0.9999629
1.0 0.99956137
1.0 0.9996929
1.0 0.9974361
1.0 0.9999615
1.0 0.99808645
1.0 0.5176819
1.0 0.997598
1.0 0.6174701
1.0 0.98500526
1.0 0.98500526
1.0 0.99997187
1.0 0.99692184
1.0 0.99997234
1.0 0.5176819
1.0 0.99996793
1.0 0.9999622
1.0 0.9999591
1.0 0.9999635
0.0 0.20840219
1.0 0.9999609
1.0 0.5176819
1.0 0.99997175
1.0 0.99995255
1.0 0.9970625
1.0 0.98500526
1.0 0.9999628
1.0 0.476283
1.0 0.9999622
1.0 0.6480163
1.0 0.9873991
1.0 0.9999547
1.0 0.99995506
1.0 0.9999726
1.0 0.99996483
1.0 0.99995947
1.0 0.99985576
1.0 0.9999707
1.0 0.9998833
1.0 0.95852566
1.0 0.99996793
1.0 0.9999583
1.0 0.9999695
1.0 0.9999665
1.0 0.6174701
1.0 0.9998754
1.0 0.9999536
0.0 0.25972933
1.0 0.9999602
1.0 0.99996936
1.0 0.9999726
1.0 0.99988556
1.0 0.98500526
1.0 0.99996984
1.0 0.99996936
1.0 0.9999647
1.0 0.9999597
1.0 0.9998764
1.0 0.99988556
1.0 0.7859985
1.0 0.9985916
1.0 0.9999616
1.0 0.9999726
1.0 0.999688
1.0 0.8593799
1.0 0.9999716
0.0 0.39179218
1.0 0.9999584
1.0 0.99995506
1.0 0.9995777
1.0 0.99956137
1.0 0.59293807
1.0 0.9996069
1.0 0.9996069
1.0 0.9998826
0.0 0.39179218
1.0 0.9999647
1.0 0.99995995
1.0 0.9999597
1.0 0.99987555
1.0 0.81888
1.0 0.99995255
1.0 0.7859985
1.0 0.9999666
1.0 0.99997115
1.0 0.9996929
1.0 0.999959
1.0 0.9999634
0.0 0.5814972
1.0 0.59293807
1.0 0.9999716
1.0 0.9999716
1.0 0.99988294
1.0 0.99997234
1.0 0.997177
1.0 0.9999627
1.0 0.9999597
1.0 0.9999597
1.0 0.9999609
1.0 0.9912866
1.0 0.99996984
1.0 0.9999603
1.0 0.9995777
1.0 0.99997234
1.0 0.8741067
1.0 0.99996066
1.0 0.9998826
1.0 0.9999702
1.0 0.9999671
1.0 0.8324537
1.0 0.9974361
1.0 0.9999647
1.0 0.476283
1.0 0.9999597
1.0 0.99997187
1.0 0.9996929
1.0 0.9999722
1.0 0.9974361
1.0 0.99997187
1.0 0.99996936
1.0 0.9996069
1.0 0.99988294
1.0 0.99996424
1.0 0.831929
1.0 0.99959344
1.0 0.99988246
1.0 0.9996069
1.0 0.9985916
1.0 0.51043946
1.0 0.99995255
1.0 0.98140967
0.0 0.5814972
1.0 0.9999616
1.0 0.9999702
1.0 0.99995506
1.0 0.9999695
1.0 0.6174701
1.0 0.9998826
1.0 0.9999621
1.0 0.6174701
1.0 0.999962
1.0 0.9996929
0.0 0.25972933
1.0 0.98140967
1.0 0.9999634
1.0 0.89981884
1.0 0.9999622
1.0 0.982291
0.0 0.5814972
1.0 0.99997115
1.0 0.9873991
1.0 0.98500526
1.0 0.81888
1.0 0.9999726
1.0 0.9999547
0.0 0.20739438
1.0 0.9999665
1.0 0.9999597
1.0 0.9999716
1.0 0.97542393
1.0 0.99966204
1.0 0.99996495
1.0 0.99988294
1.0 0.9999707
1.0 0.9999716
1.0 0.9999634
1.0 0.9999591
1.0 0.9999536
1.0 0.9999621
1.0 0.9999615
1.0 0.9999647
1.0 0.9840454
1.0 0.99995995
0.0 0.26922396
1.0 0.9985916
1.0 0.9999609
1.0 0.99997187
1.0 0.9999627
1.0 0.99996936
1.0 0.99996066
1.0 0.99995494
1.0 0.9912866
1.0 0.99997175
1.0 0.99996793
1.0 0.9970625
1.0 0.9999716
1.0 0.9999589
1.0 0.9999566
1.0 0.89981884
1.0 0.9999726
1.0 0.97542393
1.0 0.9996069
1.0 0.99996495
1.0 0.9999695
1.0 0.99997175
1.0 0.95852566
1.0 0.8593799
1.0 0.99660504
1.0 0.9998826
1.0 0.9999609
1.0 0.99995494
1.0 0.99955314
1.0 0.99987555
1.0 0.9999583
1.0 0.9999621
1.0 0.99997246
1.0 0.9999591
1.0 0.9566861
1.0 0.9999609
1.0 0.9999647
1.0 0.99997187
1.0 0.9999695
1.0 0.6174701
1.0 0.99959344
1.0 0.982291
1.0 0.9999695
1.0 0.99956137
1.0 0.99995995
1.0 0.9912866
1.0 0.9999616
1.0 0.9999628
1.0 0.9999628
1.0 0.99995494
1.0 0.97542393
0.0 0.5814972
1.0 0.99988246
1.0 0.8741067
1.0 0.9999695
1.0 0.99997115
1.0 0.9999628
1.0 0.9999621
1.0 0.9998715
1.0 0.9999597
1.0 0.8593799
1.0 0.8741067
1.0 0.9999616
1.0 0.99996793
1.0 0.99985576
1.0 0.9999726
1.0 0.99997187
1.0 0.9912866
1.0 0.6480163
1.0 0.99966204
1.0 0.99995923
1.0 0.9999609
1.0 0.99995494
1.0 0.9566861
1.0 0.997177
1.0 0.9999591
1.0 0.89217705
1.0 0.99996793
1.0 0.99956137
1.0 0.9873991
1.0 0.99996734
1.0 0.99995506
1.0 0.99995506
1.0 0.99995637
1.0 0.9999628
1.0 0.99995923
1.0 0.9999597
1.0 0.9999685
1.0 0.49650106
1.0 0.59293807
1.0 0.9999665
1.0 0.9999726
1.0 0.9999671
1.0 0.982291
1.0 0.99960023
1.0 0.9999583
1.0 0.999962
1.0 0.9999616
1.0 0.99988294
1.0 0.98500526
0.0 0.39179218
1.0 0.98500526
1.0 0.9999589
1.0 0.99997187
1.0 0.99997175
0.0 0.26768658
1.0 0.9999716
1.0 0.831929
1.0 0.99997187
1.0 0.9999716
1.0 0.9999615
1.0 0.999959
1.0 0.99997175
0.0 0.20840219
1.0 0.99995255
1.0 0.99960023
1.0 0.99997115
1.0 0.99997115
1.0 0.9999716
1.0 0.99996483
1.0 0.99955314
1.0 0.99959344
1.0 0.99808645
1.0 0.9970625
1.0 0.6480163
1.0 0.997177
0.0 0.5814972
0.0 0.39179218
1.0 0.9999597
1.0 0.59293807
1.0 0.81888
1.0 0.9998833
0.0 0.20840219
1.0 0.9985916
1.0 0.6480163
1.0 0.9873991
1.0 0.99997187
1.0 0.89217705
1.0 0.9999634
1.0 0.99996233
1.0 0.9999597
1.0 0.9999622
1.0 0.99808645
1.0 0.9996929
1.0 0.49650106
1.0 0.99996793
1.0 0.9912866
1.0 0.9999628
1.0 0.89217705
1.0 0.5176819
1.0 0.9999726
1.0 0.9999665
1.0 0.9999647
1.0 0.9999566
1.0 0.9999716
1.0 0.99996066
1.0 0.99956137
1.0 0.9995777
1.0 0.99995923
1.0 0.99995995
1.0 0.9999716
1.0 0.9867938
0.0 0.26768658
1.0 0.9771996
1.0 0.9999722
1.0 0.9999634
0.0 0.26768658
