true vs pred:
1.0 0.9999341
1.0 0.999979
1.0 0.9999887
1.0 0.99997663
1.0 0.9999794
1.0 0.9999887
1.0 0.99996865
1.0 0.9999887
1.0 0.9999777
1.0 0.99998903
1.0 0.99997365
1.0 0.9999882
1.0 0.9999627
1.0 0.9999819
1.0 0.99998367
1.0 0.9999782
1.0 0.99998796
1.0 0.9999857
1.0 0.9999815
1.0 0.99997675
1.0 0.9999777
1.0 0.99996805
1.0 0.9999821
1.0 0.9999665
1.0 0.99998236
1.0 0.99997675
1.0 0.99998295
1.0 0.99998796
1.0 0.9999782
1.0 0.9999783
1.0 0.9999553
1.0 0.99998736
1.0 0.99998903
1.0 0.9999869
1.0 0.99998665
1.0 0.9999677
1.0 0.9999763
1.0 0.99997675
1.0 0.9999703
1.0 0.9999864
1.0 0.99998724
1.0 0.9999865
1.0 0.999982
1.0 0.99998724
1.0 0.99998903
1.0 0.9999869
1.0 0.9999794
1.0 0.9999887
1.0 0.9999888
1.0 0.99998105
1.0 0.9999777
1.0 0.9999883
1.0 0.99996674
1.0 0.99997365
1.0 0.99997747
1.0 0.9999759
1.0 0.99998856
1.0 0.9999815
1.0 0.99997675
1.0 0.9999819
1.0 0.999987
1.0 0.9999887
1.0 0.9999889
1.0 0.99998343
1.0 0.99998736
1.0 0.99998844
1.0 0.99998415
1.0 0.9999745
1.0 0.9999758
1.0 0.9999815
1.0 0.9999368
1.0 0.9999819
1.0 0.9999887
1.0 0.99995196
1.0 0.999982
1.0 0.9999713
1.0 0.9999341
1.0 0.9999869
1.0 0.99998665
1.0 0.9999703
1.0 0.99995995
1.0 0.9999703
1.0 0.99998724
1.0 0.9999763
1.0 0.99997723
1.0 0.9999764
1.0 0.9999795
1.0 0.9999846
1.0 0.9999794
1.0 0.9999888
1.0 0.9999763
1.0 0.9999888
1.0 0.9999846
1.0 0.99998665
1.0 0.99998856
1.0 0.9999887
1.0 0.99998724
1.0 0.99998677
1.0 0.9999677
1.0 0.99998736
1.0 0.99997723
1.0 0.9999819
1.0 0.99997675
1.0 0.9999815
1.0 0.9999778
1.0 0.999982
1.0 0.99998355
1.0 0.9999864
1.0 0.99997747
1.0 0.99997914
1.0 0.9999846
1.0 0.9999814
1.0 0.9999869
1.0 0.9999883
1.0 0.9999771
1.0 0.9999616
1.0 0.9999869
1.0 0.9999627
1.0 0.99998415
1.0 0.9999616
1.0 0.99997497
1.0 0.99997723
1.0 0.99997866
1.0 0.99998343
1.0 0.9999777
1.0 0.99997246
1.0 0.99998915
1.0 0.9999894
1.0 0.9999888
1.0 0.9999758
1.0 0.9999616
1.0 0.9999758
1.0 0.99997723
1.0 0.99997663
1.0 0.99998915
1.0 0.9999883
1.0 0.9999802
1.0 0.9999677
1.0 0.9999794
1.0 0.99995196
1.0 0.9999776
1.0 0.999969
1.0 0.999982
1.0 0.99997497
1.0 0.9999882
1.0 0.99997866
1.0 0.99998903
1.0 0.99997497
1.0 0.99997866
1.0 0.9999809
1.0 0.9999783
1.0 0.9999702
1.0 0.9999677
1.0 0.99998343
1.0 0.9999777
1.0 0.9999368
1.0 0.99996865
1.0 0.99998736
1.0 0.99998665
1.0 0.9999778
1.0 0.99998236
1.0 0.9999778
1.0 0.99997747
1.0 0.9999815
1.0 0.99998796
1.0 0.9999846
1.0 0.9999763
1.0 0.9999747
1.0 0.99997914
1.0 0.9999883
1.0 0.99998856
1.0 0.999982
1.0 0.9999795
1.0 0.9999677
1.0 0.9999553
1.0 0.9999702
1.0 0.99996936
1.0 0.9999887
1.0 0.99998856
1.0 0.9999553
1.0 0.9999887
1.0 0.9999702
1.0 0.99997914
1.0 0.9999889
1.0 0.99997795
1.0 0.999984
1.0 0.9999801
1.0 0.9999887
1.0 0.9999553
1.0 0.9999764
1.0 0.9999763
1.0 0.99998236
1.0 0.999982
1.0 0.99998665
1.0 0.99997723
1.0 0.9999764
1.0 0.9999869
1.0 0.9999846
1.0 0.9999887
1.0 0.99998236
1.0 0.9999864
1.0 0.99998724
1.0 0.99998915
1.0 0.9999869
1.0 0.99998724
1.0 0.9999801
1.0 0.99998903
1.0 0.9999702
1.0 0.9999894
1.0 0.99998736
1.0 0.9999801
1.0 0.99997866
1.0 0.999984
1.0 0.99998665
1.0 0.99998736
1.0 0.9999889
1.0 0.9999846
1.0 0.9999883
1.0 0.9999827
1.0 0.9999821
1.0 0.9999819
1.0 0.999987
1.0 0.9999819
1.0 0.9999713
1.0 0.99998844
1.0 0.99997497
1.0 0.9999627
1.0 0.99997747
1.0 0.9999888
1.0 0.999979
1.0 0.9999758
1.0 0.9999677
1.0 0.9999627
1.0 0.99997747
1.0 0.99997973
1.0 0.99998724
1.0 0.99998736
1.0 0.99997365
1.0 0.99998295
1.0 0.9999887
1.0 0.9999745
1.0 0.9999341
1.0 0.9999869
1.0 0.999966
1.0 0.9999827
1.0 0.99997246
1.0 0.99998903
1.0 0.99992764
1.0 0.99997663
1.0 0.9999888
1.0 0.9999814
1.0 0.9999778
1.0 0.9999763
1.0 0.99995196
1.0 0.99995995
1.0 0.999969
1.0 0.9999783
1.0 0.99997663
1.0 0.9999888
1.0 0.99998903
1.0 0.9999763
1.0 0.99995995
1.0 0.99998724
1.0 0.9999758
1.0 0.999966
1.0 0.9999747
1.0 0.9999869
1.0 0.99997747
1.0 0.99998915
1.0 0.99998856
1.0 0.9999703
1.0 0.999984
1.0 0.99997973
1.0 0.99997663
1.0 0.9999814
1.0 0.99996805
1.0 0.9999776
1.0 0.9999665
1.0 0.9999758
1.0 0.99996006
1.0 0.99998
1.0 0.9999887
1.0 0.99995196
1.0 0.99998367
1.0 0.9999888
1.0 0.99997866
1.0 0.9999758
1.0 0.99998724
1.0 0.9999888
1.0 0.99998105
1.0 0.9999846
1.0 0.99998724
1.0 0.9999777
1.0 0.9999819
1.0 0.99995196
1.0 0.9999722
1.0 0.9999771
1.0 0.999979
1.0 0.9999802
1.0 0.99997365
1.0 0.9999703
1.0 0.99995196
1.0 0.9999869
1.0 0.9999809
1.0 0.99998665
1.0 0.9999883
1.0 0.999984
1.0 0.9999778
1.0 0.999982
1.0 0.99998236
1.0 0.9999763
1.0 0.99998856
1.0 0.9999783
1.0 0.9999864
1.0 0.9999889
1.0 0.99998724
1.0 0.9999783
1.0 0.9999809
1.0 0.9999553
1.0 0.9999665
1.0 0.99996674
1.0 0.99997723
1.0 0.99997914
1.0 0.9999883
1.0 0.9999764
1.0 0.99996936
1.0 0.9999887
1.0 0.9999795
1.0 0.9999713
1.0 0.9999814
1.0 0.99998236
1.0 0.9999553
1.0 0.9999815
1.0 0.999979
1.0 0.9999677
1.0 0.99998856
1.0 0.9999757
1.0 0.9999814
1.0 0.999966
1.0 0.9999887
1.0 0.9999869
1.0 0.9999888
1.0 0.99997497
1.0 0.99998665
1.0 0.9999515
1.0 0.9999894
1.0 0.9999713
1.0 0.99998856
1.0 0.9999745
1.0 0.9999882
1.0 0.99998903
1.0 0.99997914
1.0 0.9999802
1.0 0.99997675
1.0 0.99997747
1.0 0.9999776
1.0 0.9999821
1.0 0.9999869
1.0 0.99998105
1.0 0.9999887
1.0 0.99998903
1.0 0.9999869
1.0 0.9999368
1.0 0.9999677
1.0 0.99998856
1.0 0.99997497
1.0 0.9999888
1.0 0.9999846
1.0 0.9999757
1.0 0.9999759
1.0 0.9999702
1.0 0.99998415
1.0 0.99997663
1.0 0.99998105
1.0 0.99997663
1.0 0.99998903
1.0 0.99997973
1.0 0.99997973
1.0 0.9999801
1.0 0.9999846
1.0 0.9999763
1.0 0.9999769
1.0 0.9999869
1.0 0.99997723
1.0 0.99995196
1.0 0.9999869
1.0 0.9999846
1.0 0.99998844
1.0 0.99997675
1.0 0.999979
1.0 0.9999869
1.0 0.9999795
1.0 0.9999777
1.0 0.99997973
1.0 0.99998665
1.0 0.99996805
1.0 0.99997914
1.0 0.99998665
1.0 0.9999802
1.0 0.9999776
1.0 0.99997246
1.0 0.99998665
1.0 0.9999769
1.0 0.99998677
1.0 0.9999888
1.0 0.99998903
1.0 0.999979
1.0 0.99998665
1.0 0.9999763
1.0 0.99997723
1.0 0.99996006
1.0 0.9999703
1.0 0.99998915
1.0 0.9999758
1.0 0.9999814
1.0 0.9999801
1.0 0.999984
1.0 0.99998844
1.0 0.99997914
1.0 0.999987
1.0 0.9999616
1.0 0.9999769
1.0 0.99997795
1.0 0.9999627
1.0 0.99998105
1.0 0.9999814
1.0 0.9999795
1.0 0.99998677
1.0 0.99998796
1.0 0.9999616
1.0 0.9999821
1.0 0.9999819
1.0 0.9999368
1.0 0.99996936
1.0 0.9999888
1.0 0.9999677
1.0 0.99997866
1.0 0.99998415
1.0 0.99995196
1.0 0.99992764
1.0 0.9999757
1.0 0.9999341
1.0 0.99992764
1.0 0.99997973
1.0 0.99998355
1.0 0.9999801
1.0 0.99997675
1.0 0.99998903
1.0 0.9999665
1.0 0.999966
1.0 0.99997497
1.0 0.99995196
1.0 0.9999778
1.0 0.99997723
1.0 0.999987
1.0 0.9999887
1.0 0.99998903
1.0 0.9999814
1.0 0.9999758
1.0 0.99998903
1.0 0.9999702
1.0 0.9999869
1.0 0.9999869
1.0 0.99997747
1.0 0.99998295
1.0 0.999969
1.0 0.99998415
1.0 0.99996936
1.0 0.99998856
1.0 0.99997246
1.0 0.99998665
1.0 0.9999887
1.0 0.99998796
1.0 0.9999869
1.0 0.99998844
1.0 0.9999888
1.0 0.9999846
1.0 0.9999894
1.0 0.9999616
1.0 0.99996674
1.0 0.9999783
1.0 0.99998796
1.0 0.9999894
1.0 0.99998236
1.0 0.9999883
1.0 0.9999777
1.0 0.9999758
1.0 0.9999777
1.0 0.99995196
1.0 0.9999778
1.0 0.999966
1.0 0.99998844
1.0 0.9999758
1.0 0.9999368
1.0 0.9999782
1.0 0.9999814
1.0 0.99998343
1.0 0.99997973
1.0 0.99998856
1.0 0.99998343
1.0 0.9999703
1.0 0.9999883
1.0 0.9999758
1.0 0.9999677
1.0 0.9999869
1.0 0.99996936
1.0 0.99997747
1.0 0.99998915
1.0 0.9999713
1.0 0.9999783
1.0 0.99997675
1.0 0.9999883
1.0 0.99998903
1.0 0.9999857
1.0 0.9999869
1.0 0.9999819
1.0 0.9999763
1.0 0.9999887
1.0 0.9999782
1.0 0.999979
