true vs pred:
1.0 0.9998574
1.0 0.9998703
1.0 0.17730491
0.0 0.07372621
1.0 0.99986243
1.0 0.7572924
1.0 0.9999088
1.0 0.99266654
1.0 0.9998493
1.0 0.9998771
1.0 0.99987376
1.0 0.9914432
1.0 0.9914432
1.0 0.99986064
1.0 0.9998702
1.0 0.9998698
1.0 0.9998753
1.0 0.79084164
1.0 0.99985516
1.0 0.99991226
1.0 0.9998716
1.0 0.9998753
1.0 0.999711
1.0 0.79021245
1.0 0.99986756
1.0 0.9998765
1.0 0.9998703
1.0 0.99987435
1.0 0.999711
1.0 0.9998566
1.0 0.9998493
1.0 0.9935116
0.0 0.05742344
1.0 0.9998864
1.0 0.9998493
1.0 0.999882
1.0 0.99231213
1.0 0.9998716
1.0 0.9914432
1.0 0.99987066
1.0 0.9996871
1.0 0.99991095
1.0 0.97969955
1.0 0.99986243
1.0 0.9914432
1.0 0.99990904
1.0 0.9998574
1.0 0.99987066
1.0 0.1811162
1.0 0.9815633
1.0 0.99985516
1.0 0.13266262
1.0 0.99987197
1.0 0.9998673
1.0 0.1468603
0.0 0.022157501
0.0 0.043504316
1.0 0.9998741
1.0 0.9815633
1.0 0.99986243
0.0 0.045472123
0.0 0.06478108
1.0 0.9996991
1.0 0.80315965
1.0 0.99987495
1.0 0.9996871
0.0 0.030256376
1.0 0.999912
1.0 0.9998703
1.0 0.99985516
0.0 0.060546834
0.0 0.0361014
1.0 0.99987495
1.0 0.99988544
1.0 0.99986243
1.0 0.99986494
1.0 0.9999088
0.0 0.061301313
1.0 0.99266654
0.0 0.036031704
1.0 0.99987376
1.0 0.99986064
1.0 0.9997081
1.0 0.13266262
1.0 0.99129736
1.0 0.9909679
1.0 0.99987495
0.0 0.05742344
1.0 0.99987876
1.0 0.16988976
1.0 0.9997137
1.0 0.99987066
1.0 0.9997024
0.0 0.029231157
0.0 0.06960134
1.0 0.99991226
0.0 0.021562897
1.0 0.7723849
1.0 0.9998702
1.0 0.9998778
1.0 0.9996991
1.0 0.9998698
1.0 0.99266654
1.0 0.99987876
1.0 0.9997148
1.0 0.9998493
0.0 0.061301313
0.0 0.10872041
1.0 0.781015
0.0 0.026945116
1.0 0.9998574
1.0 0.9998722
1.0 0.999882
1.0 0.99987435
1.0 0.99987376
0.0 0.022998981
0.0 0.10406372
0.0 0.05742344
1.0 0.99988544
1.0 0.9996871
1.0 0.9998722
1.0 0.99986064
1.0 0.9998771
0.0 0.04501243
1.0 0.9998574
0.0 0.021562897
1.0 0.97969955
1.0 0.99986804
1.0 0.99988127
1.0 0.9998778
1.0 0.999882
0.0 0.023882343
1.0 0.99987435
1.0 0.992882
1.0 0.99129736
0.0 0.060546834
1.0 0.99986756
1.0 0.7572924
1.0 0.9998753
0.0 0.029231157
1.0 0.9999093
1.0 0.9998765
0.0 0.05742344
1.0 0.1811162
0.0 0.06960134
1.0 0.9998771
0.0 0.021562897
1.0 0.9998739
1.0 0.99986804
1.0 0.99986494
1.0 0.9695719
1.0 0.992882
0.0 0.053965162
0.0 0.022998981
0.0 0.061301313
1.0 0.9998771
0.0 0.022998981
1.0 0.999859
1.0 0.9998778
1.0 0.12475218
1.0 0.9998816
1.0 0.863912
1.0 0.9998864
1.0 0.9996991
0.0 0.04501243
1.0 0.9998789
1.0 0.99988663
1.0 0.99266654
1.0 0.99129736
1.0 0.22605042
1.0 0.99987495
1.0 0.9998753
1.0 0.16310346
1.0 0.99986935
1.0 0.9999069
0.0 0.021562897
1.0 0.99991095
1.0 0.1811162
1.0 0.99988544
1.0 0.9909679
1.0 0.1468603
1.0 0.9999069
1.0 0.9998839
0.0 0.048242725
1.0 0.9998566
1.0 0.99986064
1.0 0.99987876
0.0 0.07372621
0.0 0.053965162
0.0 0.023882343
1.0 0.9999093
1.0 0.99986494
1.0 0.9998864
1.0 0.79636496
1.0 0.99986243
1.0 0.99987495
1.0 0.9998919
0.0 0.045472123
1.0 0.781015
0.0 0.053965162
1.0 0.99986494
1.0 0.99973875
1.0 0.16988976
1.0 0.99987066
1.0 0.79636496
1.0 0.9996991
0.0 0.026945116
1.0 0.7723849
1.0 0.992882
0.0 0.022998981
1.0 0.999869
1.0 0.99990904
1.0 0.7572924
1.0 0.9932928
1.0 0.9998698
1.0 0.99987566
1.0 0.992882
1.0 0.9730272
1.0 0.16457298
1.0 0.99987435
1.0 0.9998789
1.0 0.9998816
1.0 0.9998802
1.0 0.863912
1.0 0.9998722
1.0 0.999869
1.0 0.99266654
1.0 0.99991095
1.0 0.9998716
1.0 0.99988294
1.0 0.79084164
1.0 0.781015
0.0 0.043504316
1.0 0.9815633
1.0 0.99973875
1.0 0.99985814
1.0 0.99988544
1.0 0.9998765
1.0 0.9998752
1.0 0.99988294
1.0 0.9998708
1.0 0.9999056
1.0 0.9999093
1.0 0.9935116
1.0 0.99266654
1.0 0.99969244
1.0 0.999912
1.0 0.99986756
1.0 0.99986494
1.0 0.99986804
1.0 0.9730272
1.0 0.999882
1.0 0.99987996
1.0 0.99295276
1.0 0.99987304
1.0 0.99987376
1.0 0.9998771
1.0 0.9999088
1.0 0.9729177
0.0 0.06478108
1.0 0.97969955
1.0 0.9999075
0.0 0.02242008
1.0 0.9695719
1.0 0.9998802
1.0 0.99987495
1.0 0.999856
0.0 0.036031704
1.0 0.9998739
1.0 0.7723849
1.0 0.99986804
1.0 0.1811162
0.0 0.053965162
1.0 0.99991095
0.0 0.043504316
1.0 0.9997024
1.0 0.99991226
1.0 0.99987304
1.0 0.99986804
1.0 0.99986494
1.0 0.99987495
0.0 0.023882343
1.0 0.7572924
1.0 0.99986935
1.0 0.99987066
1.0 0.99986804
1.0 0.99973875
1.0 0.9935116
1.0 0.99986494
1.0 0.9998864
1.0 0.79021245
1.0 0.99991095
1.0 0.99986935
1.0 0.9998493
1.0 0.96961427
1.0 0.9998789
1.0 0.99990904
1.0 0.9815633
1.0 0.9997148
1.0 0.9998919
1.0 0.96961427
1.0 0.99986935
1.0 0.99986804
1.0 0.9998859
1.0 0.99987304
1.0 0.97969955
1.0 0.9815633
0.0 0.045472123
1.0 0.9998698
1.0 0.999882
1.0 0.7723849
1.0 0.99986804
1.0 0.99987996
0.0 0.04367171
1.0 0.9998746
1.0 0.9999069
1.0 0.9914432
1.0 0.9997137
1.0 0.13266262
1.0 0.9998702
1.0 0.8687844
1.0 0.9909679
0.0 0.029161587
1.0 0.99973875
1.0 0.9998919
1.0 0.9695719
1.0 0.99266654
1.0 0.9998752
1.0 0.99988294
1.0 0.99971205
1.0 0.79084164
1.0 0.99231213
1.0 0.999882
1.0 0.999869
1.0 0.9998722
1.0 0.9998703
0.0 0.060546834
0.0 0.06960134
1.0 0.781015
1.0 0.9998919
1.0 0.999912
1.0 0.863912
1.0 0.99971205
1.0 0.99987566
1.0 0.9999093
1.0 0.9998566
0.0 0.036031704
1.0 0.97969955
0.0 0.060546834
1.0 0.9996991
1.0 0.16310346
0.0 0.043504316
0.0 0.07372621
1.0 0.7159199
0.0 0.10406372
1.0 0.9998816
1.0 0.17730491
0.0 0.04367171
1.0 0.8687844
1.0 0.99988663
1.0 0.999711
1.0 0.1468603
1.0 0.9804206
1.0 0.9998566
1.0 0.9727508
1.0 0.99987197
1.0 0.99988294
1.0 0.9998739
1.0 0.999869
1.0 0.9998708
1.0 0.9804206
1.0 0.9998708
1.0 0.99988544
0.0 0.022998981
1.0 0.863912
1.0 0.99295276
1.0 0.99986804
1.0 0.9999093
1.0 0.1811162
1.0 0.99988294
1.0 0.999912
1.0 0.99986374
1.0 0.99266654
1.0 0.9998765
1.0 0.99987435
1.0 0.99986756
1.0 0.9998566
1.0 0.9998566
1.0 0.79021245
1.0 0.16988976
1.0 0.99988544
1.0 0.863912
1.0 0.99987066
1.0 0.99129736
0.0 0.029243145
0.0 0.022157501
1.0 0.99987566
1.0 0.99986935
1.0 0.999882
1.0 0.9998753
1.0 0.9695719
1.0 0.9998716
1.0 0.22605042
1.0 0.99988294
0.0 0.033677287
1.0 0.17730491
1.0 0.9815633
1.0 0.99988544
0.0 0.10406372
1.0 0.99988544
0.0 0.022157501
1.0 0.99969244
1.0 0.9909679
0.0 0.036031704
0.0 0.05742344
1.0 0.99988127
1.0 0.9998816
1.0 0.9727508
1.0 0.99295276
1.0 0.9998716
1.0 0.99986804
1.0 0.99266654
1.0 0.9998752
0.0 0.060546834
1.0 0.99987495
0.0 0.030598434
1.0 0.9998765
1.0 0.1811162
1.0 0.9998703
1.0 0.9998741
1.0 0.9998771
1.0 0.99987376
1.0 0.9998771
1.0 0.9999068
1.0 0.99971205
0.0 0.033677287
1.0 0.9998722
0.0 0.022157501
1.0 0.16310346
1.0 0.7572924
1.0 0.9695719
1.0 0.99987495
1.0 0.99986935
1.0 0.99986064
1.0 0.9998752
0.0 0.043504316
0.0 0.045472123
1.0 0.99987495
1.0 0.9997024
1.0 0.9998753
1.0 0.9730272
1.0 0.9998765
1.0 0.79084164
1.0 0.13266262
0.0 0.043504316
1.0 0.9997137
1.0 0.9996871
1.0 0.79636496
1.0 0.9999075
1.0 0.9727508
1.0 0.99986243
1.0 0.99987495
0.0 0.022157501
1.0 0.1468603
1.0 0.9997081
1.0 0.18563136
1.0 0.9998574
0.0 0.0361014
0.0 0.061301313
0.0 0.023882343
0.0 0.053965162
0.0 0.04501243
1.0 0.99988544
0.0 0.02350309
1.0 0.13266262
1.0 0.16988976
1.0 0.9998816
0.0 0.023882343
1.0 0.99969244
1.0 0.9935116
1.0 0.99987316
1.0 0.9935116
1.0 0.99971205
1.0 0.9999093
0.0 0.029231157
0.0 0.021562897
0.0 0.02242008
1.0 0.9998566
0.0 0.030598434
1.0 0.16310346
1.0 0.9730272
1.0 0.99986935
1.0 0.9999093
1.0 0.9998765
0.0 0.036031704
1.0 0.9998778
1.0 0.99986243
1.0 0.99987996
1.0 0.99985814
1.0 0.9996991
1.0 0.99987376
1.0 0.99969244
1.0 0.99988127
1.0 0.9998802
1.0 0.99987435
0.0 0.06478108
1.0 0.9998771
1.0 0.9804206
1.0 0.9997024
1.0 0.9998752
0.0 0.06960134
1.0 0.9999069
1.0 0.9909679
1.0 0.9998722
1.0 0.99991095
0.0 0.030256376
1.0 0.9998771
0.0 0.02242008
1.0 0.99987876
0.0 0.048242725
