true vs pred:
1.0 0.99998057
1.0 0.9999839
1.0 0.99996734
1.0 0.99995637
1.0 0.99998784
1.0 0.99997675
1.0 0.9999788
1.0 0.9999763
1.0 0.9999591
1.0 0.9999745
1.0 0.99998057
1.0 0.99999034
1.0 0.99999046
1.0 0.99999034
1.0 0.99998057
1.0 0.9999629
1.0 0.9999907
1.0 0.99997675
1.0 0.99996793
1.0 0.99999034
1.0 0.9999912
1.0 0.9999895
1.0 0.99998975
1.0 0.9999887
1.0 0.99999094
1.0 0.9999902
1.0 0.99999
1.0 0.99995637
1.0 0.9999753
1.0 0.99998164
1.0 0.99999106
1.0 0.9999727
1.0 0.99999094
1.0 0.9999907
1.0 0.99996936
1.0 0.99997604
1.0 0.99998844
1.0 0.9999727
1.0 0.9999825
1.0 0.9999902
1.0 0.99996746
1.0 0.9999753
1.0 0.99999094
1.0 0.99998355
1.0 0.999985
1.0 0.9999753
1.0 0.9999788
1.0 0.9999596
1.0 0.9999788
1.0 0.99998844
1.0 0.9999825
1.0 0.99998987
1.0 0.9999844
1.0 0.9999831
1.0 0.9999887
1.0 0.9999777
1.0 0.9999887
1.0 0.99997723
1.0 0.99999034
1.0 0.99996734
1.0 0.999961
1.0 0.99998975
1.0 0.99996126
1.0 0.99997675
1.0 0.99998343
1.0 0.9999913
1.0 0.9999753
1.0 0.9999745
1.0 0.99999
1.0 0.99999106
1.0 0.99998856
1.0 0.99999034
1.0 0.9999801
1.0 0.99998784
1.0 0.99998057
1.0 0.99997854
1.0 0.9999591
1.0 0.9999777
1.0 0.99998236
1.0 0.9999833
1.0 0.99998915
1.0 0.9999902
1.0 0.9999596
1.0 0.99998796
1.0 0.99999046
1.0 0.99998665
1.0 0.9999907
1.0 0.99998057
1.0 0.9999596
1.0 0.9999825
1.0 0.9999815
1.0 0.99999046
1.0 0.9999778
1.0 0.9999629
1.0 0.9999784
1.0 0.99999
1.0 0.99999094
1.0 0.99998164
1.0 0.9999622
1.0 0.9999726
1.0 0.99996316
1.0 0.9999888
1.0 0.99995637
1.0 0.99998
1.0 0.99998116
1.0 0.9999629
1.0 0.99997604
1.0 0.9999753
1.0 0.99997675
1.0 0.9999912
1.0 0.9999778
1.0 0.99998987
1.0 0.99998856
1.0 0.9999851
1.0 0.99999094
1.0 0.99996746
1.0 0.9999777
1.0 0.9999763
1.0 0.99996746
1.0 0.99998844
1.0 0.99998844
1.0 0.9999745
1.0 0.99997437
1.0 0.99997866
1.0 0.99997497
1.0 0.99998224
1.0 0.99999046
1.0 0.9999908
1.0 0.9999747
1.0 0.99999
1.0 0.9999827
1.0 0.9999825
1.0 0.99997723
1.0 0.9999912
1.0 0.9999912
1.0 0.99998343
1.0 0.9999596
1.0 0.99996316
1.0 0.99996877
1.0 0.9999877
1.0 0.9999907
1.0 0.9999777
1.0 0.9999622
1.0 0.99998355
1.0 0.9999887
1.0 0.9999622
1.0 0.9999888
1.0 0.9999901
1.0 0.99997914
1.0 0.9999727
1.0 0.9999896
1.0 0.9999851
1.0 0.99998295
1.0 0.9999783
1.0 0.99996793
1.0 0.99999046
1.0 0.99997795
1.0 0.99999106
1.0 0.9999777
1.0 0.99999034
1.0 0.9999727
1.0 0.9999877
1.0 0.9999883
1.0 0.99996793
1.0 0.9999597
1.0 0.99998975
1.0 0.9999907
1.0 0.99998987
1.0 0.9999777
1.0 0.9999907
1.0 0.99998164
1.0 0.99997497
1.0 0.9999888
1.0 0.9999825
1.0 0.9999888
1.0 0.9999839
1.0 0.9999907
1.0 0.9999833
1.0 0.9999902
1.0 0.99996793
1.0 0.9999908
1.0 0.99996746
1.0 0.9999902
1.0 0.99996734
1.0 0.99996936
1.0 0.99996877
1.0 0.99998224
1.0 0.9999864
1.0 0.99998236
1.0 0.9999887
1.0 0.99996746
1.0 0.9999896
1.0 0.99997866
1.0 0.99996746
1.0 0.99999034
1.0 0.9999907
1.0 0.9999907
1.0 0.99999106
1.0 0.9999777
1.0 0.9999825
1.0 0.99998164
1.0 0.99999046
1.0 0.9999902
1.0 0.99997854
1.0 0.999974
1.0 0.99998856
1.0 0.99998355
1.0 0.9999788
1.0 0.9999882
1.0 0.99998343
1.0 0.99998236
1.0 0.99997497
1.0 0.99997866
1.0 0.9999907
1.0 0.99996793
1.0 0.9999747
1.0 0.9999895
1.0 0.9999908
1.0 0.99997437
1.0 0.9999825
1.0 0.99998116
1.0 0.99996793
1.0 0.99997985
1.0 0.9999833
1.0 0.99996793
1.0 0.99998987
1.0 0.9999763
1.0 0.99998426
1.0 0.9999745
1.0 0.9999591
1.0 0.9999596
1.0 0.99997723
1.0 0.9999753
1.0 0.9999908
1.0 0.99997795
1.0 0.99998665
1.0 0.9999629
1.0 0.9999825
1.0 0.99997497
1.0 0.99998236
1.0 0.9999833
1.0 0.99996316
1.0 0.99998295
1.0 0.9999825
1.0 0.99999034
1.0 0.99998844
1.0 0.9999882
1.0 0.9999784
1.0 0.99997675
1.0 0.99997747
1.0 0.9999883
1.0 0.9999827
1.0 0.9999813
1.0 0.9999815
1.0 0.9999813
1.0 0.9999888
1.0 0.9999629
1.0 0.9999902
1.0 0.99998355
1.0 0.99997854
1.0 0.9999882
1.0 0.9999912
1.0 0.99996746
1.0 0.9999622
1.0 0.99997985
1.0 0.99997985
1.0 0.9999763
1.0 0.99998343
1.0 0.99998844
1.0 0.99998784
1.0 0.99998057
1.0 0.99999
1.0 0.99998426
1.0 0.9999597
1.0 0.99998784
1.0 0.9999597
1.0 0.99998164
1.0 0.99997747
1.0 0.9999591
1.0 0.99999
1.0 0.99999094
1.0 0.9999629
1.0 0.999985
1.0 0.9999908
1.0 0.9999913
1.0 0.9999888
1.0 0.99998987
1.0 0.99998057
1.0 0.9999777
1.0 0.99998915
1.0 0.9999783
1.0 0.9999912
1.0 0.9999895
1.0 0.99997604
1.0 0.99996126
1.0 0.9999845
1.0 0.9999908
1.0 0.99998784
1.0 0.9999907
1.0 0.9999896
1.0 0.99996126
1.0 0.99996793
1.0 0.99998856
1.0 0.9999912
1.0 0.99998057
1.0 0.99998057
1.0 0.9999895
1.0 0.99997854
1.0 0.9999839
1.0 0.9999839
1.0 0.99998164
1.0 0.99999046
1.0 0.9999896
1.0 0.99998295
1.0 0.9999908
1.0 0.99998057
1.0 0.9999912
1.0 0.99997723
1.0 0.9999902
1.0 0.99999
1.0 0.99997914
1.0 0.9999883
1.0 0.9999753
1.0 0.99999046
1.0 0.99998355
1.0 0.9999777
1.0 0.99998796
1.0 0.99999046
1.0 0.99997747
1.0 0.99998856
1.0 0.9999825
1.0 0.99999106
1.0 0.9999778
1.0 0.9999888
1.0 0.99996793
1.0 0.9999888
1.0 0.9999888
1.0 0.99998295
1.0 0.99997604
1.0 0.9999895
1.0 0.9999784
1.0 0.99998295
1.0 0.9999777
1.0 0.99997973
1.0 0.9999825
1.0 0.9999745
1.0 0.99999106
1.0 0.9999801
1.0 0.9999629
1.0 0.99998844
1.0 0.99996746
1.0 0.99998987
1.0 0.9999826
1.0 0.99998975
1.0 0.99998784
1.0 0.99997604
1.0 0.99998426
1.0 0.99999106
1.0 0.99996734
1.0 0.9999788
1.0 0.9999912
1.0 0.99998
1.0 0.9999745
1.0 0.99997866
1.0 0.9999877
1.0 0.99996793
1.0 0.9999658
1.0 0.99998844
1.0 0.99996877
1.0 0.9999801
1.0 0.99996877
1.0 0.99998057
1.0 0.99997854
1.0 0.99996746
1.0 0.9999827
1.0 0.99998844
1.0 0.99998856
1.0 0.9999887
1.0 0.99998844
1.0 0.99999046
1.0 0.99998844
1.0 0.99995637
1.0 0.99998844
1.0 0.99997914
1.0 0.9999908
1.0 0.9999763
1.0 0.99998236
1.0 0.99998987
1.0 0.999985
1.0 0.9999907
1.0 0.99998987
1.0 0.99996746
1.0 0.99996483
1.0 0.99998
1.0 0.99997497
1.0 0.9999912
1.0 0.9999888
1.0 0.9999882
1.0 0.99997914
1.0 0.99999
1.0 0.99996877
1.0 0.9999726
1.0 0.9999888
1.0 0.9999864
1.0 0.9999778
1.0 0.9999907
1.0 0.9999783
1.0 0.9999825
1.0 0.9999902
1.0 0.9999801
1.0 0.99997544
1.0 0.9999864
1.0 0.99997914
1.0 0.99997914
1.0 0.9999788
1.0 0.99998343
1.0 0.99998856
1.0 0.9999777
1.0 0.99997675
1.0 0.9999753
1.0 0.9999777
1.0 0.9999826
1.0 0.9999658
1.0 0.99998164
1.0 0.99998224
1.0 0.99996483
1.0 0.99999106
1.0 0.99997675
1.0 0.99999046
1.0 0.9999726
1.0 0.9999658
1.0 0.99998844
1.0 0.9999907
1.0 0.9999907
1.0 0.9999908
1.0 0.9999801
1.0 0.9999788
1.0 0.9999596
1.0 0.99999094
1.0 0.9999912
1.0 0.9999777
1.0 0.9999887
1.0 0.99998665
1.0 0.9999833
1.0 0.99997675
1.0 0.9999845
1.0 0.9999788
1.0 0.9999908
1.0 0.9999788
1.0 0.9999907
1.0 0.9999745
1.0 0.9999622
1.0 0.9999888
1.0 0.9999813
1.0 0.99999106
1.0 0.9999591
1.0 0.99997723
1.0 0.99998426
1.0 0.9999825
1.0 0.9999831
1.0 0.999961
1.0 0.99998057
1.0 0.9999907
1.0 0.99999
1.0 0.99998355
1.0 0.99999046
1.0 0.99997437
1.0 0.9999747
1.0 0.99998975
1.0 0.99998856
1.0 0.9999777
1.0 0.9999788
1.0 0.99998844
1.0 0.9999825
1.0 0.9999778
1.0 0.9999814
1.0 0.9999864
1.0 0.99998033
1.0 0.9999851
1.0 0.9999882
1.0 0.99999
1.0 0.9999753
1.0 0.99998236
1.0 0.99998796
1.0 0.9999597
1.0 0.99999046
1.0 0.99999046
1.0 0.9999883
1.0 0.99997866
1.0 0.9999622
1.0 0.99999106
1.0 0.9999888
1.0 0.9999844
1.0 0.9999907
1.0 0.99998987
1.0 0.9999902
1.0 0.9999825
1.0 0.9999888
1.0 0.99998164
1.0 0.9999864
1.0 0.99999106
1.0 0.9999727
1.0 0.9999825
1.0 0.9999839
1.0 0.99999034
1.0 0.99997604
1.0 0.99997604
1.0 0.9999851
1.0 0.9999902
1.0 0.99996746
1.0 0.9999827
1.0 0.9999882
1.0 0.9999833
1.0 0.9999913
1.0 0.99999046
1.0 0.99996793
1.0 0.9999763
1.0 0.99999046
1.0 0.99998987
1.0 0.99998987
