true vs pred:
1.0 0.9999784
1.0 0.99996364
1.0 0.99997175
1.0 0.99996424
1.0 0.99997675
1.0 0.9999671
1.0 0.9999536
1.0 0.9999527
1.0 0.9999777
1.0 0.9999722
1.0 0.99996114
1.0 0.99997675
1.0 0.99993527
1.0 0.9999498
1.0 0.9999831
1.0 0.99997246
1.0 0.999879
1.0 0.99977714
1.0 0.99982893
1.0 0.9999696
1.0 0.99995565
1.0 0.9998486
1.0 0.9999722
1.0 0.99993026
1.0 0.9999622
1.0 0.99993026
1.0 0.99997115
1.0 0.9999747
1.0 0.99993527
1.0 0.9999417
1.0 0.99997866
1.0 0.9999658
1.0 0.999879
1.0 0.9999721
1.0 0.9999696
1.0 0.9999722
1.0 0.9999269
1.0 0.99998164
1.0 0.9999794
1.0 0.9999629
1.0 0.9999422
1.0 0.99994206
1.0 0.9999417
1.0 0.9999703
1.0 0.9999553
1.0 0.99997187
1.0 0.99947935
1.0 0.9999689
1.0 0.9999609
1.0 0.999974
1.0 0.9999695
1.0 0.9999337
1.0 0.99997044
1.0 0.99994206
1.0 0.99997926
1.0 0.9999826
1.0 0.9999722
1.0 0.99995196
1.0 0.9999417
1.0 0.9999578
1.0 0.99996114
1.0 0.9999722
1.0 0.99996734
1.0 0.99993014
1.0 0.9999722
1.0 0.9999777
1.0 0.99996424
1.0 0.99997246
1.0 0.99997115
1.0 0.9995529
1.0 0.9999571
1.0 0.99997115
1.0 0.99982893
1.0 0.9999777
1.0 0.99995196
1.0 0.99997115
1.0 0.9999616
1.0 0.99995446
1.0 0.9999753
1.0 0.9999417
1.0 0.9999769
1.0 0.99996114
1.0 0.9999536
1.0 0.999936
1.0 0.99995446
1.0 0.99996233
1.0 0.99996114
1.0 0.9999703
1.0 0.99996746
1.0 0.9999814
1.0 0.9999695
1.0 0.9999337
1.0 0.99998164
1.0 0.9999622
1.0 0.99996364
1.0 0.9999789
1.0 0.9999614
1.0 0.9999614
1.0 0.9999777
1.0 0.9995529
1.0 0.99996805
1.0 0.99997866
1.0 0.999936
1.0 0.9999721
1.0 0.9999399
1.0 0.99997663
1.0 0.9999622
1.0 0.9999795
1.0 0.9999695
1.0 0.99996734
1.0 0.99996984
1.0 0.99996114
1.0 0.9999695
1.0 0.99997187
1.0 0.9999784
1.0 0.99996114
1.0 0.999936
1.0 0.99994504
1.0 0.9999659
1.0 0.99992824
1.0 0.9999789
1.0 0.9999417
1.0 0.9999207
1.0 0.99995553
1.0 0.9999722
1.0 0.999959
1.0 0.99977714
1.0 0.99996805
1.0 0.9999778
1.0 0.99996805
1.0 0.9999722
1.0 0.9999422
1.0 0.99998057
1.0 0.9999417
1.0 0.99996984
1.0 0.9999777
1.0 0.9999658
1.0 0.99996877
1.0 0.99997115
1.0 0.9999676
1.0 0.9999527
1.0 0.99993026
1.0 0.9999498
1.0 0.99996626
1.0 0.9999659
1.0 0.9998809
1.0 0.9999826
1.0 0.999974
1.0 0.99995816
1.0 0.99994206
1.0 0.99996233
1.0 0.99998057
1.0 0.9998486
1.0 0.9999658
1.0 0.9999639
1.0 0.9999565
1.0 0.99997437
1.0 0.9999777
1.0 0.99996877
1.0 0.9999597
1.0 0.99991965
1.0 0.99995196
1.0 0.9999417
1.0 0.99996233
1.0 0.999974
1.0 0.99997115
1.0 0.9999777
1.0 0.9999826
1.0 0.9999684
1.0 0.9999609
1.0 0.99998045
1.0 0.9999763
1.0 0.9999584
1.0 0.99997187
1.0 0.99995553
1.0 0.99996233
1.0 0.99998045
1.0 0.9999527
1.0 0.9999281
1.0 0.9999515
1.0 0.99995446
1.0 0.99997187
1.0 0.99998164
1.0 0.9999703
1.0 0.99975497
1.0 0.9999696
1.0 0.9999651
1.0 0.9999622
1.0 0.999879
1.0 0.99996364
1.0 0.999879
1.0 0.99998057
1.0 0.9999777
1.0 0.99993014
1.0 0.99996746
1.0 0.9999527
1.0 0.9999337
1.0 0.9999746
1.0 0.99997663
1.0 0.9999658
1.0 0.99998045
1.0 0.9999695
1.0 0.9999721
1.0 0.99997175
1.0 0.9999671
1.0 0.99997187
1.0 0.9999769
1.0 0.9999629
1.0 0.9999722
1.0 0.99996805
1.0 0.99991965
1.0 0.9999703
1.0 0.99994206
1.0 0.99982893
1.0 0.99997115
1.0 0.9999654
1.0 0.9999639
1.0 0.9999777
1.0 0.99997187
1.0 0.99995816
1.0 0.9999578
1.0 0.9999536
1.0 0.9999428
1.0 0.99993014
1.0 0.99996626
1.0 0.9999685
1.0 0.99995553
1.0 0.9999715
1.0 0.99996424
1.0 0.99997115
1.0 0.9999281
1.0 0.9999784
1.0 0.9999715
1.0 0.9999571
1.0 0.9999535
1.0 0.9999769
1.0 0.9999571
1.0 0.9999747
1.0 0.9999609
1.0 0.9999778
1.0 0.99996805
1.0 0.9999676
1.0 0.9999784
1.0 0.9999546
1.0 0.9999753
1.0 0.9999813
1.0 0.99997914
1.0 0.99997663
1.0 0.99997985
1.0 0.99997246
1.0 0.9999757
1.0 0.9999765
1.0 0.99982893
1.0 0.9999685
1.0 0.99997246
1.0 0.9999715
1.0 0.99998045
1.0 0.99996364
1.0 0.99997807
1.0 0.99997675
1.0 0.9999702
1.0 0.99996364
1.0 0.99993527
1.0 0.9999689
1.0 0.9999634
1.0 0.9999676
1.0 0.9999732
1.0 0.99947935
1.0 0.9999721
1.0 0.9999765
1.0 0.9999746
1.0 0.9999721
1.0 0.99996734
1.0 0.99996805
1.0 0.9999609
1.0 0.9999639
1.0 0.99997115
1.0 0.99995553
1.0 0.9999734
1.0 0.9999732
1.0 0.9999814
1.0 0.9999759
1.0 0.9999281
1.0 0.99977714
1.0 0.9999622
1.0 0.99995553
1.0 0.9999616
1.0 0.9999616
1.0 0.99996734
1.0 0.99997246
1.0 0.9999763
1.0 0.99998105
1.0 0.9999826
1.0 0.9999659
1.0 0.9999616
1.0 0.9999535
1.0 0.99993026
1.0 0.99995816
1.0 0.9995529
1.0 0.99996233
1.0 0.99996245
1.0 0.99996233
1.0 0.9999553
1.0 0.999859
1.0 0.9995529
1.0 0.9999616
1.0 0.999974
1.0 0.9999782
1.0 0.9999658
1.0 0.9999769
1.0 0.99995196
1.0 0.99977714
1.0 0.9999422
1.0 0.9999589
1.0 0.9999777
1.0 0.9999269
1.0 0.9999616
1.0 0.99974614
1.0 0.99998164
1.0 0.9999207
1.0 0.9999746
1.0 0.9999597
1.0 0.9999703
1.0 0.9999759
1.0 0.9999715
1.0 0.9999671
1.0 0.99997246
1.0 0.99997866
1.0 0.9999689
1.0 0.999936
1.0 0.9999695
1.0 0.99997437
1.0 0.9999695
1.0 0.99996984
1.0 0.9999795
1.0 0.9999784
1.0 0.9995529
1.0 0.9999782
1.0 0.9999578
1.0 0.9999703
1.0 0.999859
1.0 0.9999702
1.0 0.9999614
1.0 0.9999535
1.0 0.99996114
1.0 0.9999695
1.0 0.9999676
1.0 0.9998486
1.0 0.9999337
1.0 0.999959
1.0 0.99997914
1.0 0.9999685
1.0 0.9995529
1.0 0.9995529
1.0 0.99997044
1.0 0.99995816
1.0 0.9999634
1.0 0.99996114
1.0 0.9999746
1.0 0.99997926
1.0 0.9999715
1.0 0.9999734
1.0 0.99975497
1.0 0.99995446
1.0 0.99975497
1.0 0.9999515
1.0 0.99974614
1.0 0.99995446
1.0 0.99996924
1.0 0.9999597
1.0 0.9999584
1.0 0.99997044
1.0 0.9999597
1.0 0.99994504
1.0 0.9999734
1.0 0.9999778
1.0 0.99995816
1.0 0.9999659
1.0 0.99996245
1.0 0.99982893
1.0 0.99997807
1.0 0.99993026
1.0 0.9999609
1.0 0.99997187
1.0 0.9999399
1.0 0.9999639
1.0 0.9999546
1.0 0.9999622
1.0 0.9999399
1.0 0.9999777
1.0 0.9999763
1.0 0.9999651
1.0 0.9999659
1.0 0.99996984
1.0 0.99995196
1.0 0.9999722
1.0 0.99998057
1.0 0.9999536
1.0 0.9999659
1.0 0.9999746
1.0 0.99995184
1.0 0.9999535
1.0 0.9999527
1.0 0.9999527
1.0 0.9999777
1.0 0.99993527
1.0 0.9999651
1.0 0.99997914
1.0 0.9999722
1.0 0.99996233
1.0 0.9999565
1.0 0.9999826
1.0 0.9999813
1.0 0.999859
1.0 0.99996746
1.0 0.9999703
1.0 0.999879
1.0 0.9999784
1.0 0.9999813
1.0 0.9999337
1.0 0.9999527
1.0 0.99996734
1.0 0.9999269
1.0 0.9999789
1.0 0.99996924
1.0 0.99997115
1.0 0.9999527
1.0 0.99996805
1.0 0.99998045
1.0 0.99998045
1.0 0.99991965
1.0 0.99993014
1.0 0.99996734
1.0 0.999936
1.0 0.99996805
1.0 0.99993014
1.0 0.99993026
1.0 0.9999685
1.0 0.9999671
1.0 0.9999777
1.0 0.9999571
1.0 0.9999399
1.0 0.99997926
1.0 0.9999207
1.0 0.9999616
1.0 0.9999757
1.0 0.99995184
1.0 0.9999269
1.0 0.9999589
1.0 0.9999695
1.0 0.99997437
1.0 0.99997187
1.0 0.99997115
1.0 0.9999789
1.0 0.9999422
1.0 0.99996364
1.0 0.99997914
1.0 0.9999763
1.0 0.9999777
1.0 0.99998057
1.0 0.9999616
1.0 0.9999794
1.0 0.99996114
1.0 0.9999553
1.0 0.99993527
1.0 0.99994206
1.0 0.9998809
1.0 0.9999684
1.0 0.99997663
1.0 0.99997187
1.0 0.99997187
1.0 0.9999789
1.0 0.9999422
1.0 0.99947935
1.0 0.9999789
1.0 0.9999422
1.0 0.9999337
1.0 0.99997866
1.0 0.99997985
1.0 0.99995565
1.0 0.9999784
1.0 0.99996805
1.0 0.9999732
1.0 0.9999815
1.0 0.9999777
1.0 0.99996364
1.0 0.9999757
1.0 0.9999777
1.0 0.99997437
1.0 0.99996245
1.0 0.9999722
1.0 0.99997044
1.0 0.9999815
1.0 0.9999616
1.0 0.9999765
1.0 0.9999831
1.0 0.9999831
1.0 0.9999565
1.0 0.9999815
1.0 0.99995196
1.0 0.99997246
1.0 0.9999702
1.0 0.99995446
1.0 0.9999695
1.0 0.9999527
1.0 0.99996984
1.0 0.99996805
1.0 0.99998057
1.0 0.9999658
1.0 0.99995565
1.0 0.9999417
1.0 0.99996734
1.0 0.9999757
1.0 0.9999553
1.0 0.9999659
1.0 0.9999634
1.0 0.9999795
1.0 0.9999616
1.0 0.99998105
1.0 0.99997866
