true vs pred:
1.0 0.99952996
1.0 0.9991322
1.0 0.9995783
1.0 0.96623445
1.0 0.9422089
1.0 0.99977404
1.0 0.99930227
1.0 0.9998894
1.0 0.99952996
1.0 0.99958974
1.0 0.99989414
1.0 0.9999049
1.0 0.9984869
1.0 0.9998894
1.0 0.9998834
1.0 0.9991322
1.0 0.9999031
1.0 0.99989223
1.0 0.99952996
1.0 0.99793386
1.0 0.9965418
1.0 0.99989223
1.0 0.9999012
1.0 0.9998914
1.0 0.9879413
1.0 0.99968076
1.0 0.9998834
1.0 0.9996006
1.0 0.9966813
1.0 0.99977595
1.0 0.9985114
1.0 0.9877065
1.0 0.9985114
1.0 0.98863554
1.0 0.9996617
1.0 0.94184166
1.0 0.96798867
1.0 0.99957234
1.0 0.99988806
1.0 0.9999051
1.0 0.99747664
1.0 0.9991757
1.0 0.99989223
1.0 0.99989927
1.0 0.999514
1.0 0.99927336
1.0 0.99966085
1.0 0.9991978
1.0 0.9997533
1.0 0.9986817
1.0 0.99986255
1.0 0.99987984
1.0 0.9748591
1.0 0.99987864
1.0 0.9776332
1.0 0.9997533
1.0 0.9974661
1.0 0.9991322
1.0 0.9998914
1.0 0.99896467
1.0 0.9989272
1.0 0.9928438
1.0 0.99965966
1.0 0.99986255
1.0 0.9998914
1.0 0.999728
1.0 0.98717463
1.0 0.9987363
1.0 0.99990034
1.0 0.99989724
1.0 0.9998029
1.0 0.999514
1.0 0.99929595
1.0 0.99977404
1.0 0.9999008
1.0 0.999899
1.0 0.99988997
1.0 0.9996401
1.0 0.96623445
1.0 0.9997601
1.0 0.9998652
1.0 0.99989724
1.0 0.9999049
1.0 0.99989223
1.0 0.9999051
1.0 0.99928004
1.0 0.99990034
1.0 0.9994924
1.0 0.9996445
1.0 0.99648917
1.0 0.99952686
1.0 0.9999031
1.0 0.99987864
1.0 0.9998913
1.0 0.9998808
1.0 0.99968076
1.0 0.99968076
1.0 0.99202627
1.0 0.9912798
1.0 0.9877693
1.0 0.9998988
1.0 0.9997049
1.0 0.99909675
1.0 0.9983348
1.0 0.9943605
1.0 0.9995783
1.0 0.9997509
1.0 0.99978
1.0 0.98863554
1.0 0.99925166
1.0 0.99925166
1.0 0.99747664
1.0 0.9998914
1.0 0.99988997
1.0 0.947745
1.0 0.9989208
1.0 0.99965966
1.0 0.9877065
1.0 0.9999008
1.0 0.99793386
1.0 0.9985114
1.0 0.9999008
1.0 0.9995993
1.0 0.99916863
1.0 0.99990106
1.0 0.9998894
1.0 0.9995353
1.0 0.99648917
1.0 0.9997025
1.0 0.99976057
1.0 0.9998971
1.0 0.9987363
1.0 0.9998857
1.0 0.99930227
1.0 0.9877065
1.0 0.999017
1.0 0.9998894
1.0 0.9989208
1.0 0.9985404
1.0 0.9998971
1.0 0.9692721
1.0 0.99957234
1.0 0.99965966
1.0 0.9996006
1.0 0.9877065
1.0 0.99966204
1.0 0.99987376
1.0 0.9998988
1.0 0.99955755
1.0 0.999728
1.0 0.9997019
1.0 0.9980502
1.0 0.99954706
1.0 0.9997533
1.0 0.9993856
1.0 0.94747424
1.0 0.9995121
1.0 0.9999031
1.0 0.9993856
1.0 0.94184166
1.0 0.99989414
1.0 0.947745
1.0 0.9997049
1.0 0.9968495
1.0 0.9776332
1.0 0.9985114
1.0 0.9999031
1.0 0.9995353
1.0 0.9877693
1.0 0.9998808
1.0 0.9996617
1.0 0.99955815
1.0 0.9996344
1.0 0.99930227
1.0 0.99987864
1.0 0.9998834
1.0 0.99977404
1.0 0.99966455
1.0 0.9991322
1.0 0.99987984
1.0 0.99990153
1.0 0.99966085
1.0 0.99793386
1.0 0.9999012
1.0 0.999602
1.0 0.99747664
1.0 0.9776332
1.0 0.9998988
1.0 0.9877693
1.0 0.9996344
1.0 0.9998971
1.0 0.9943605
1.0 0.9996338
1.0 0.9983348
1.0 0.9912798
1.0 0.99986756
1.0 0.9998652
1.0 0.94747424
1.0 0.9998592
1.0 0.9997533
1.0 0.94747424
1.0 0.9994567
1.0 0.9998913
1.0 0.9979133
1.0 0.99989927
1.0 0.9748591
1.0 0.9998914
1.0 0.98863554
1.0 0.99989223
1.0 0.9983348
1.0 0.99989283
1.0 0.9928438
1.0 0.99989724
1.0 0.99978
1.0 0.9998988
1.0 0.9776332
1.0 0.9997533
1.0 0.99988997
1.0 0.9997025
1.0 0.9998834
1.0 0.999017
1.0 0.99858725
1.0 0.99904674
1.0 0.9998029
1.0 0.92098606
1.0 0.99989283
1.0 0.9985404
1.0 0.9997509
1.0 0.99985397
1.0 0.98717463
1.0 0.99985397
1.0 0.9996401
1.0 0.99989724
1.0 0.9993856
1.0 0.99793386
1.0 0.99987984
1.0 0.999602
1.0 0.99928004
1.0 0.9998808
1.0 0.9999008
1.0 0.9998803
1.0 0.9998597
1.0 0.99988174
1.0 0.99747664
1.0 0.9984869
1.0 0.9986817
1.0 0.99986255
1.0 0.9994917
1.0 0.9979133
1.0 0.9692721
1.0 0.9989743
1.0 0.9692721
1.0 0.99987376
1.0 0.99989283
1.0 0.9748591
1.0 0.9995783
1.0 0.99952996
1.0 0.99989724
1.0 0.9965418
1.0 0.9995121
1.0 0.9991757
1.0 0.9995993
1.0 0.9994924
1.0 0.99986255
1.0 0.9877065
1.0 0.9974661
1.0 0.99976057
1.0 0.99928004
1.0 0.9996338
1.0 0.9999049
1.0 0.99988806
1.0 0.99540967
1.0 0.9995121
1.0 0.9986817
1.0 0.99955815
1.0 0.9995353
1.0 0.99988806
1.0 0.94747424
1.0 0.99966085
1.0 0.99928004
1.0 0.99986005
1.0 0.99986255
1.0 0.9996338
1.0 0.99987984
1.0 0.9997143
1.0 0.9980502
1.0 0.99977404
1.0 0.9987363
1.0 0.9995353
1.0 0.99973387
1.0 0.9983348
1.0 0.99975353
1.0 0.99928004
1.0 0.98863554
1.0 0.9993856
1.0 0.9995783
1.0 0.9997181
1.0 0.9985404
1.0 0.99989223
1.0 0.99959606
1.0 0.99793386
1.0 0.99987864
1.0 0.99896467
1.0 0.99959606
1.0 0.99989283
1.0 0.9996445
1.0 0.99978
1.0 0.9993531
1.0 0.99990034
1.0 0.9997019
1.0 0.9998971
1.0 0.9996401
1.0 0.99955755
1.0 0.9997025
1.0 0.9999049
1.0 0.9996338
1.0 0.9998029
1.0 0.9997025
1.0 0.9877065
1.0 0.9997236
1.0 0.999728
1.0 0.99202627
1.0 0.99930227
1.0 0.9997533
1.0 0.99989724
1.0 0.9984869
1.0 0.9998808
1.0 0.9994924
1.0 0.9997603
1.0 0.99957234
1.0 0.9986817
1.0 0.9999049
1.0 0.9979133
1.0 0.99927336
1.0 0.94184166
1.0 0.9879413
1.0 0.99925166
1.0 0.9997601
1.0 0.99202627
1.0 0.9877693
1.0 0.9989208
1.0 0.9998971
1.0 0.933554
1.0 0.9984869
1.0 0.947745
1.0 0.9997533
1.0 0.947745
1.0 0.99986005
1.0 0.99987984
1.0 0.9998808
1.0 0.9997509
1.0 0.99968076
1.0 0.99966085
1.0 0.9985114
1.0 0.99968076
1.0 0.99909675
1.0 0.99968076
1.0 0.96623445
1.0 0.99968076
1.0 0.99990106
1.0 0.9995121
1.0 0.9998913
1.0 0.9776332
1.0 0.9994924
1.0 0.9965418
1.0 0.99966204
1.0 0.9996006
1.0 0.9998808
1.0 0.9998907
1.0 0.9997943
1.0 0.9998988
1.0 0.99925166
1.0 0.99955755
1.0 0.99904674
1.0 0.99990106
1.0 0.999514
1.0 0.947745
1.0 0.999899
1.0 0.9997019
1.0 0.9968495
1.0 0.99990034
1.0 0.9996344
1.0 0.99976057
1.0 0.99978
1.0 0.9988965
1.0 0.9997533
1.0 0.99275005
1.0 0.9968495
1.0 0.99990106
1.0 0.9997181
1.0 0.9999012
1.0 0.99747664
1.0 0.99966085
1.0 0.99987864
1.0 0.92098606
1.0 0.9422089
1.0 0.9877065
1.0 0.9997603
1.0 0.933554
1.0 0.99977404
1.0 0.9997049
1.0 0.9998907
1.0 0.9994585
1.0 0.9999051
1.0 0.99966455
1.0 0.999899
1.0 0.933554
1.0 0.99968076
1.0 0.9996344
1.0 0.9996344
1.0 0.9983348
1.0 0.9997533
1.0 0.9879413
1.0 0.9998914
1.0 0.99952686
1.0 0.99928004
1.0 0.99987864
1.0 0.9985114
1.0 0.9928438
1.0 0.9997533
1.0 0.92098606
1.0 0.99540967
1.0 0.9999012
1.0 0.9983348
1.0 0.9999012
1.0 0.99954706
1.0 0.99202627
1.0 0.9999008
1.0 0.9996401
1.0 0.99985397
1.0 0.9993531
1.0 0.9748591
1.0 0.98863554
1.0 0.9979133
1.0 0.99978
1.0 0.99977595
1.0 0.96798867
1.0 0.99975353
1.0 0.99965966
1.0 0.9995783
1.0 0.99793386
1.0 0.99966455
1.0 0.9912798
1.0 0.9943605
1.0 0.99957234
1.0 0.99966085
1.0 0.9877065
1.0 0.9999012
1.0 0.9984869
1.0 0.999728
1.0 0.99990034
1.0 0.99973994
1.0 0.9968495
1.0 0.99987626
1.0 0.99648917
1.0 0.99970645
1.0 0.9994917
1.0 0.9422089
1.0 0.9776332
1.0 0.99896467
1.0 0.9692721
1.0 0.99909675
1.0 0.9989272
1.0 0.9985404
1.0 0.9877693
1.0 0.9999008
1.0 0.99927336
1.0 0.9995993
1.0 0.9966813
1.0 0.99954706
1.0 0.9994924
1.0 0.9993856
1.0 0.999728
1.0 0.9997019
1.0 0.99987376
1.0 0.9968495
1.0 0.9993531
1.0 0.9998894
1.0 0.99978
1.0 0.9980502
1.0 0.9991978
1.0 0.9999049
1.0 0.9999049
1.0 0.99648917
1.0 0.9991322
1.0 0.9998808
1.0 0.9997509
1.0 0.999602
1.0 0.9997533
1.0 0.9991757
1.0 0.9987363
1.0 0.9998971
1.0 0.99988174
1.0 0.9987363
1.0 0.9994924
1.0 0.9994567
1.0 0.9995993
1.0 0.99954706
1.0 0.98717463
1.0 0.99970645
1.0 0.9999008
1.0 0.9965418
1.0 0.9999049
1.0 0.99952996
1.0 0.99916863
1.0 0.9997943
1.0 0.9998914
1.0 0.98717463
1.0 0.9989743
1.0 0.947745
1.0 0.9997533
1.0 0.99966085
1.0 0.9995783
1.0 0.9993856
1.0 0.9966813
1.0 0.99648917
1.0 0.9980502
1.0 0.9997533
1.0 0.9997181
1.0 0.99928004
