true vs pred:
0.0 0.0008758744
0.0 0.0014022131
0.0 0.7456614
0.0 0.0014469572
0.0 0.0004802638
0.0 0.0008562763
0.0 0.047689192
0.0 0.0007075755
0.0 0.0014469572
0.0 0.0004052739
0.0 0.0005148921
0.0 0.81147593
0.0 0.6086028
0.0 0.7687258
0.0 0.72108716
0.0 0.0004052739
0.0 0.0007066254
0.0 0.0010458416
0.0 0.00035832459
0.0 0.0010482571
0.0 0.3032163
0.0 0.0010458416
0.0 0.32730147
0.0 0.0003453286
0.0 0.0007075755
0.0 0.00036543215
0.0 0.0034801848
0.0 0.0004315844
0.0 0.033804633
0.0 0.0004296717
0.0 0.000782126
0.0 0.00036543215
0.0 0.03672313
0.0 0.0007988164
0.0 0.00059454964
0.0 0.0005455649
0.0 0.0004393082
0.0 0.0008562763
0.0 0.0005352117
0.0 0.0016822352
0.0 0.0015542508
0.0 0.0005092337
0.0 0.68838453
0.0 0.0025483342
0.0 0.0017205554
0.0 0.0004393082
0.0 0.000782126
0.0 0.67501396
0.0 0.0009849459
0.0 0.0003618145
0.0 0.00048714774
0.0 0.004740786
0.0 0.0004315844
0.0 0.6657172
0.0 0.034945033
0.0 0.7687258
0.0 0.0008562763
0.0 0.00097535097
0.0 0.002419186
0.0 0.004477196
0.0 0.25252557
0.0 0.000782126
0.0 0.0006499472
0.0 0.044025667
0.0 0.0010292195
0.0 0.0003441927
0.0 0.66397154
0.0 0.00063545036
0.0 0.0008758744
0.0 0.00037551214
0.0 0.0005352117
0.0 0.0004350732
0.0 0.00031489905
0.0 0.004477196
0.0 0.0010482571
0.0 0.000699094
0.0 0.0006181959
0.0 0.00036790103
0.0 0.0034801848
0.0 0.00036043298
0.0 0.60467786
0.0 0.001107406
0.0 0.047689192
0.0 0.6851106
0.0 0.00049452356
0.0 0.0014022131
0.0 0.001795385
0.0 0.0003618145
0.0 0.7456614
0.0 0.0003441927
0.0 0.000699094
0.0 0.00036807082
0.0 0.0010458416
0.0 0.0010292195
0.0 0.00088876305
0.0 0.0005570626
0.0 0.002080337
0.0 0.0007988164
0.0 0.7586369
0.0 0.32730147
0.0 0.72108716
0.0 0.00063545036
0.0 0.0021667052
0.0 0.0011312552
0.0 0.0010482571
0.0 0.25252557
0.0 0.0004315844
0.0 0.0042959866
0.0 0.0008758744
0.0 0.30763617
0.0 0.6572258
0.0 0.0007988164
0.0 0.6851106
0.0 0.0004296717
0.0 0.004872733
0.0 0.7316505
0.0 0.001795385
0.0 0.32730147
0.0 0.7220233
0.0 0.72108716
0.0 0.000365708
0.0 0.0004350732
0.0 0.00097535097
0.0 0.81147593
0.0 0.0004821679
0.0 0.0014469572
0.0 0.60467786
0.0 0.054342154
0.0 0.6086028
0.0 0.0010482571
0.0 0.0005455649
0.0 0.001107406
0.0 0.00061803474
0.0 0.6851106
0.0 0.0019880373
0.0 0.00072240975
0.0 0.0006499472
0.0 0.00044519335
0.0 0.000365708
0.0 0.0019423558
0.0 0.0021667052
0.0 0.0010292195
0.0 0.30763617
0.0 0.0021667052
0.0 0.0009774197
0.0 0.001795385
0.0 0.0005681772
0.0 0.005086664
0.0 0.0004932527
0.0 0.3032163
0.0 0.0003618145
0.0 0.6572258
0.0 0.00065084966
0.0 0.27590367
0.0 0.0003441927
0.0 0.0004350732
0.0 0.0005336229
0.0 0.004740786
0.0 0.0014469572
0.0 0.0005326051
0.0 0.6448966
0.0 0.055673726
0.0 0.6851106
0.0 0.033804633
0.0 0.0005455649
0.0 0.25252557
0.0 0.00031489905
0.0 0.0005092337
0.0 0.055673726
0.0 0.30583918
0.0 0.0011091945
0.0 0.0007066254
0.0 0.0008758744
0.0 0.000699094
0.0 0.0009654192
0.0 0.0019423558
0.0 0.7220233
0.0 0.054342154
0.0 0.0006499472
0.0 0.3032163
0.0 0.00049336907
0.0 0.000782126
0.0 0.004740786
0.0 0.24206403
0.0 0.67501396
0.0 0.0005570626
0.0 0.0019423558
0.0 0.0006499472
0.0 0.00032242667
0.0 0.0006181959
0.0 0.00059454964
0.0 0.00049336907
0.0 0.0003618145
0.0 0.002080337
0.0 0.00049452356
0.0 0.000365708
0.0 0.0021667052
0.0 0.7166333
0.0 0.03672313
0.0 0.0004821679
0.0 0.00041915194
0.0 0.7456614
0.0 0.004331874
0.0 0.000365708
0.0 0.0004523734
0.0 0.00061252073
0.0 0.72108716
0.0 0.00065084966
0.0 0.005086664
0.0 0.21785876
0.0 0.0004932527
0.0 0.7586369
0.0 0.7166333
0.0 0.0003441927
0.0 0.033804633
0.0 0.0007075755
0.0 0.27273148
0.0 0.0004802638
0.0 0.0005570626
0.0 0.0025483342
0.0 0.0004393082
0.0 0.00032242667
0.0 0.0008221164
0.0 0.25252557
0.0 0.6086028
0.0 0.00064941007
0.0 0.27273148
0.0 0.7689761
0.0 0.038260303
0.0 0.054342154
0.0 0.00035832459
0.0 0.0003441927
0.0 0.00039937528
0.0 0.034945033
0.0 0.81147593
0.0 0.0006499472
0.0 0.004872733
0.0 0.0004523734
0.0 0.32730147
0.0 0.001797426
0.0 0.00034894707
0.0 0.0016974782
0.0 0.00063545036
0.0 0.00061803474
0.0 0.044025667
0.0 0.00043736296
0.0 0.0009849459
0.0 0.0004296717
0.0 0.039864648
0.0 0.68760085
0.0 0.00044519335
0.0 0.21785876
0.0 0.004477196
0.0 0.00076901115
0.0 0.66397154
0.0 0.0019880373
0.0 0.00049452356
0.0 0.004872733
0.0 0.0005455649
0.0 0.0019423558
0.0 0.033804633
0.0 0.0025483342
0.0 0.00036043298
0.0 0.047689192
0.0 0.0016974782
0.0 0.004872733
0.0 0.0006499472
0.0 0.004477196
0.0 0.7220233
0.0 0.0004821679
0.0 0.6448966
0.0 0.0034801848
0.0 0.004872733
0.0 0.00032242667
0.0 0.00035832459
0.0 0.0006499472
0.0 0.3032163
0.0 0.0005148921
0.0 0.033804633
0.0 0.6448966
0.0 0.0010458416
0.0 0.00042139145
0.0 0.00065084966
0.0 0.03672313
0.0 0.0004393082
0.0 0.00036807082
0.0 0.24206403
0.0 0.00042139145
0.0 0.6448966
0.0 0.00072240975
0.0 0.2988087
0.0 0.0016974782
0.0 0.0004296717
0.0 0.0004393082
0.0 0.67501396
0.0 0.7456614
0.0 0.32730147
0.0 0.00049452356
0.0 0.00072240975
0.0 0.001797426
0.0 0.001034246
0.0 0.0018044818
0.0 0.055673726
0.0 0.00036543215
0.0 0.00036790103
0.0 0.0005352117
0.0 0.0014022131
0.0 0.0004436714
0.0 0.00031489905
0.0 0.0028127905
0.0 0.00032242667
0.0 0.24206403
0.0 0.00044519335
0.0 0.0003441927
0.0 0.0044245436
0.0 0.27273148
0.0 0.0003681126
0.0 0.0004802638
0.0 0.0003453286
0.0 0.32730147
0.0 0.7166333
0.0 0.0042959866
0.0 0.7687258
0.0 0.00097535097
0.0 0.001107406
0.0 0.0005570626
0.0 0.24206403
0.0 0.034945033
0.0 0.0004932527
0.0 0.0003681126
0.0 0.004331874
0.0 0.054342154
0.0 0.0007066254
0.0 0.66397154
0.0 0.0004296717
0.0 0.00097535097
0.0 0.0003618145
0.0 0.0005326051
0.0 0.0025483342
0.0 0.0009654192
0.0 0.00049967336
0.0 0.0011312552
0.0 0.005086664
0.0 0.00050866586
0.0 0.001034246
0.0 0.0004436714
0.0 0.27590367
0.0 0.0004052739
0.0 0.0005092337
0.0 0.00039860373
0.0 0.0007066254
0.0 0.0004326921
0.0 0.0016822352
0.0 0.27273148
0.0 0.0019880373
0.0 0.7166333
0.0 0.7689761
0.0 0.00039860373
0.0 0.7689761
0.0 0.25252557
0.0 0.0021667052
0.0 0.0004932527
0.0 0.00034894707
0.0 0.004872733
0.0 0.054342154
0.0 0.0005455649
0.0 0.27273148
0.0 0.034945033
0.0 0.0007724245
0.0 0.0003441927
0.0 0.6086028
0.0 0.72108716
0.0 0.81147593
0.0 0.0007066254
0.0 0.0007066254
0.0 0.0005148921
0.0 0.0006181959
0.0 0.25252557
0.0 0.0004932527
0.0 0.00059454964
0.0 0.0004350732
0.0 0.0026972932
0.0 0.68838453
0.0 0.004331874
0.0 0.6448966
0.0 0.32730147
0.0 0.0014469572
0.0 0.00044519335
0.0 0.0007075755
0.0 0.0005336229
0.0 0.27273148
0.0 0.0021908872
0.0 0.00050866586
0.0 0.0004393082
0.0 0.25252557
0.0 0.0011312552
0.0 0.25252557
0.0 0.68838453
0.0 0.00039937528
0.0 0.00031489905
0.0 0.66397154
0.0 0.0010482571
0.0 0.7316505
0.0 0.005086664
0.0 0.0004326921
0.0 0.00034894707
0.0 0.0007075755
0.0 0.004872733
0.0 0.0003441927
0.0 0.0044245436
0.0 0.00097535097
0.0 0.004740786
0.0 0.0024505088
0.0 0.6086028
0.0 0.0005455649
0.0 0.7687258
0.0 0.0017205554
0.0 0.00061803474
0.0 0.00063545036
0.0 0.00061803474
0.0 0.04182134
0.0 0.0003681126
0.0 0.0021908872
0.0 0.0042959866
0.0 0.68838453
0.0 0.0005326051
0.0 0.0004821679
0.0 0.00044519335
0.0 0.004740786
0.0 0.6448966
0.0 0.0008758744
0.0 0.0044245436
0.0 0.0025483342
0.0 0.67501396
0.0 0.004477196
0.0 0.00036043298
0.0 0.0014469572
0.0 0.0004523734
0.0 0.6086028
0.0 0.0004802638
0.0 0.0005352117
0.0 0.0025483342
0.0 0.00036790103
0.0 0.0004315844
0.0 0.00049336907
0.0 0.039864648
0.0 0.0004326921
0.0 0.000782126
0.0 0.004477196
0.0 0.68838453
0.0 0.0005092337
0.0 0.00037551214
0.0 0.00061802706
0.0 0.0007988164
0.0 0.002419186
0.0 0.0010292195
0.0 0.7220233
0.0 0.0019423558
0.0 0.6572258
0.0 0.25252557
0.0 0.0021212879
0.0 0.0005352117
0.0 0.0006181959
0.0 0.005086664
0.0 0.7220233
0.0 0.00039937528
0.0 0.00035832459
0.0 0.004209719
0.0 0.00035832459
0.0 0.0003681126
0.0 0.054342154
0.0 0.60467786
0.0 0.6851106
0.0 0.68760085
0.0 0.0007066254
0.0 0.0024505088
0.0 0.0005326051
0.0 0.0004523734
0.0 0.6448966
0.0 0.054342154
0.0 0.6086028
0.0 0.66397154
0.0 0.001795385
0.0 0.000782126
0.0 0.001797426
0.0 0.0008221164
0.0 0.0003618145
0.0 0.00063545036
0.0 0.00039937528
0.0 0.7316505
0.0 0.21785876
0.0 0.72108716
0.0 0.0009849459
0.0 0.00061803474
0.0 0.00039860373
0.0 0.00036043298
0.0 0.0044245436
0.0 0.001107406
0.0 0.055673726
0.0 0.00031489905
0.0 0.7586369
0.0 0.033804633
0.0 0.6657172
0.0 0.30763617
0.0 0.68760085
0.0 0.000699094
0.0 0.0011091945
0.0 0.0007075755
0.0 0.004740786
0.0 0.047689192
0.0 0.00049452356
0.0 0.3032163
0.0 0.0005455649
0.0 0.00032242667
0.0 0.00063545036
0.0 0.0008221164
0.0 0.0028127905
0.0 0.0008221164
0.0 0.00060234946
0.0 0.0007066254
