true vs pred:
1.0 0.99998593
1.0 0.9999865
1.0 0.9999863
1.0 0.99998736
1.0 0.99998796
1.0 0.9999883
1.0 0.99997437
1.0 0.9999813
1.0 0.99998033
1.0 0.9999882
1.0 0.9999025
1.0 0.99998844
1.0 0.9999871
1.0 0.9999858
1.0 0.9999864
1.0 0.99998796
1.0 0.99998295
1.0 0.99998844
1.0 0.99998784
1.0 0.99998033
1.0 0.9999871
1.0 0.99998033
1.0 0.9999877
1.0 0.99998796
1.0 0.99998724
1.0 0.9999862
1.0 0.9999875
1.0 0.99997604
1.0 0.99998784
1.0 0.99998784
1.0 0.99998736
1.0 0.99998784
1.0 0.99998415
1.0 0.99997437
1.0 0.9999875
1.0 0.9999863
1.0 0.9999876
1.0 0.99998665
1.0 0.9999535
1.0 0.9999863
1.0 0.99998784
1.0 0.9999862
1.0 0.99998736
1.0 0.99998724
1.0 0.99998844
1.0 0.9999831
1.0 0.9999882
1.0 0.99998784
1.0 0.9999883
1.0 0.9999865
1.0 0.9999865
1.0 0.99998736
1.0 0.99998593
1.0 0.9999876
1.0 0.9999813
1.0 0.99998736
1.0 0.9999883
1.0 0.9999832
1.0 0.99998736
1.0 0.99998784
1.0 0.9999858
1.0 0.99998736
1.0 0.99998343
1.0 0.9999858
1.0 0.99997437
1.0 0.99998784
1.0 0.9999025
1.0 0.99998343
1.0 0.9999883
1.0 0.99998844
1.0 0.99998665
1.0 0.99998736
1.0 0.99998736
1.0 0.99994445
1.0 0.99998724
1.0 0.99998665
1.0 0.99998784
1.0 0.9999876
1.0 0.9999876
1.0 0.999987
1.0 0.9999871
1.0 0.9999876
1.0 0.99998784
1.0 0.9999856
1.0 0.9999865
1.0 0.99998224
1.0 0.9999882
1.0 0.999987
1.0 0.99998844
1.0 0.9999852
1.0 0.99998736
1.0 0.9999875
1.0 0.9999808
1.0 0.99997437
1.0 0.99998784
1.0 0.99997604
1.0 0.99998105
1.0 0.9999883
1.0 0.9999789
1.0 0.9999877
1.0 0.99998736
1.0 0.99998295
1.0 0.99998784
1.0 0.9999865
1.0 0.99998343
1.0 0.9999025
1.0 0.99998736
1.0 0.99998856
1.0 0.99997437
1.0 0.9999614
1.0 0.9999883
1.0 0.9999858
1.0 0.99998796
1.0 0.99998546
1.0 0.99990773
1.0 0.99998534
1.0 0.9999871
1.0 0.9999614
1.0 0.99998796
1.0 0.99998784
1.0 0.99998736
1.0 0.99998796
1.0 0.9999856
1.0 0.99991155
1.0 0.9999857
1.0 0.999987
1.0 0.9999813
1.0 0.99998546
1.0 0.99998724
1.0 0.999979
1.0 0.99998796
1.0 0.99998224
1.0 0.9999871
1.0 0.9999856
1.0 0.99998724
1.0 0.9999876
1.0 0.99998724
1.0 0.99998415
1.0 0.99994445
1.0 0.9999716
1.0 0.9999025
1.0 0.9999858
1.0 0.9999871
1.0 0.9999869
1.0 0.9999877
1.0 0.99998426
1.0 0.9999831
1.0 0.99998796
1.0 0.99998224
1.0 0.99994445
1.0 0.99998724
1.0 0.99998796
1.0 0.9999883
1.0 0.9999877
1.0 0.9999863
1.0 0.99998784
1.0 0.9999858
1.0 0.9999863
1.0 0.99997747
1.0 0.99998724
1.0 0.9999871
1.0 0.9999716
1.0 0.9999883
1.0 0.99997747
1.0 0.9999856
1.0 0.9999883
1.0 0.9999856
1.0 0.99998724
1.0 0.9999862
1.0 0.99994445
1.0 0.9999832
1.0 0.99998796
1.0 0.9999863
1.0 0.99998796
1.0 0.99997604
1.0 0.9999877
1.0 0.9999025
1.0 0.999987
1.0 0.99998724
1.0 0.9999825
1.0 0.99998665
1.0 0.9999876
1.0 0.99998724
1.0 0.9999871
1.0 0.99998724
1.0 0.9999881
1.0 0.99998724
1.0 0.99998844
1.0 0.99998367
1.0 0.9999831
1.0 0.999987
1.0 0.99998724
1.0 0.99998534
1.0 0.99998796
1.0 0.9999883
1.0 0.9999876
1.0 0.99998724
1.0 0.99998844
1.0 0.99998593
1.0 0.9999863
1.0 0.9999881
1.0 0.99997854
1.0 0.9999877
1.0 0.9999871
1.0 0.99998796
1.0 0.99998844
1.0 0.99998784
1.0 0.9998908
1.0 0.9999883
1.0 0.9999871
1.0 0.99998796
1.0 0.9999881
1.0 0.9999875
1.0 0.99997604
1.0 0.9999753
1.0 0.9999832
1.0 0.9999864
1.0 0.9999877
1.0 0.99998796
1.0 0.9999813
1.0 0.9999883
1.0 0.999979
1.0 0.9999858
1.0 0.9999876
1.0 0.99998856
1.0 0.9999877
1.0 0.9999789
1.0 0.99998033
1.0 0.99990773
1.0 0.99998665
1.0 0.99998736
1.0 0.9999863
1.0 0.99998665
1.0 0.9999865
1.0 0.99998784
1.0 0.99998796
1.0 0.9999839
1.0 0.99998796
1.0 0.99998343
1.0 0.99997604
1.0 0.99998736
1.0 0.9999858
1.0 0.9999875
1.0 0.99998796
1.0 0.99998736
1.0 0.99998844
1.0 0.99990773
1.0 0.99998736
1.0 0.9999875
1.0 0.99997807
1.0 0.99998105
1.0 0.99998796
1.0 0.9999857
1.0 0.99998724
1.0 0.9999862
1.0 0.9999865
1.0 0.9999813
1.0 0.99998736
1.0 0.99998534
1.0 0.99996865
1.0 0.9999882
1.0 0.9999883
1.0 0.99998736
1.0 0.9999877
1.0 0.9999871
1.0 0.9999865
1.0 0.9999877
1.0 0.99998724
1.0 0.99998415
1.0 0.999979
1.0 0.9999863
1.0 0.99998784
1.0 0.9999831
1.0 0.99994445
1.0 0.9999813
1.0 0.99998736
1.0 0.9999856
1.0 0.99998736
1.0 0.99998844
1.0 0.9999875
1.0 0.9999844
1.0 0.99998665
1.0 0.99998784
1.0 0.9999808
1.0 0.9999865
1.0 0.9999883
1.0 0.9999819
1.0 0.9999832
1.0 0.9999865
1.0 0.99998724
1.0 0.99998105
1.0 0.999987
1.0 0.99998784
1.0 0.9999869
1.0 0.9999882
1.0 0.99998534
1.0 0.99998736
1.0 0.9999813
1.0 0.99998844
1.0 0.9999875
1.0 0.9999876
1.0 0.99997437
1.0 0.9999789
1.0 0.99998724
1.0 0.9999883
1.0 0.9999863
1.0 0.99998724
1.0 0.9999825
1.0 0.99990773
1.0 0.99998784
1.0 0.99998724
1.0 0.9999844
1.0 0.9999871
1.0 0.9999856
1.0 0.9999862
1.0 0.9999832
1.0 0.9999813
1.0 0.9999865
1.0 0.9999881
1.0 0.9999863
1.0 0.9999881
1.0 0.9999535
1.0 0.9999882
1.0 0.99997604
1.0 0.99998856
1.0 0.99998844
1.0 0.999987
1.0 0.99998724
1.0 0.99997747
1.0 0.9999876
1.0 0.99998724
1.0 0.99998796
1.0 0.99998033
1.0 0.99998534
1.0 0.9999877
1.0 0.99998736
1.0 0.99998343
1.0 0.99997604
1.0 0.9999753
1.0 0.9999808
1.0 0.9999883
1.0 0.99998736
1.0 0.9999858
1.0 0.9999871
1.0 0.9999857
1.0 0.9999877
1.0 0.99997437
1.0 0.99998736
1.0 0.99997747
1.0 0.99998724
1.0 0.99998415
1.0 0.9999881
1.0 0.99998736
1.0 0.99998796
1.0 0.9999844
1.0 0.99998033
1.0 0.99998784
1.0 0.99998343
1.0 0.99998796
1.0 0.9999882
1.0 0.9999877
1.0 0.9999877
1.0 0.9999877
1.0 0.99996865
1.0 0.99998796
1.0 0.9999883
1.0 0.9999876
1.0 0.9999852
1.0 0.9999871
1.0 0.99998665
1.0 0.99998796
1.0 0.9999883
1.0 0.99998796
1.0 0.9999882
1.0 0.9999883
1.0 0.99998844
1.0 0.9999882
1.0 0.9999831
1.0 0.9999881
1.0 0.9999876
1.0 0.99998534
1.0 0.99997604
1.0 0.99998736
1.0 0.9999883
1.0 0.9999883
1.0 0.9999329
1.0 0.99998295
1.0 0.9999856
1.0 0.99998724
1.0 0.99998796
1.0 0.9999852
1.0 0.99997854
1.0 0.99998796
1.0 0.99998546
1.0 0.9999877
1.0 0.9999882
1.0 0.99998724
1.0 0.9999858
1.0 0.99998796
1.0 0.9999857
1.0 0.99998367
1.0 0.99998426
1.0 0.99998844
1.0 0.99994445
1.0 0.99998665
1.0 0.99996555
1.0 0.99998784
1.0 0.99997807
1.0 0.9999875
1.0 0.99998796
1.0 0.99998784
1.0 0.9999857
1.0 0.99997807
1.0 0.9999881
1.0 0.99998295
1.0 0.9999876
1.0 0.9999716
1.0 0.9999882
1.0 0.9999865
1.0 0.99998534
1.0 0.999987
1.0 0.9999789
1.0 0.9999852
1.0 0.9999825
1.0 0.99998724
1.0 0.99998724
1.0 0.99994683
1.0 0.99998796
1.0 0.99994445
1.0 0.99998796
1.0 0.9999813
1.0 0.99997437
1.0 0.9999863
1.0 0.9999862
1.0 0.9999819
1.0 0.99998736
1.0 0.9999825
1.0 0.9998908
1.0 0.99998736
1.0 0.99998856
1.0 0.9999883
1.0 0.9999856
1.0 0.99994683
1.0 0.99991155
1.0 0.99998784
1.0 0.99998844
1.0 0.99998724
1.0 0.9999832
1.0 0.9999877
1.0 0.99998796
1.0 0.99998736
1.0 0.9999716
1.0 0.99997807
1.0 0.9999882
1.0 0.9999875
1.0 0.99997604
1.0 0.99998724
1.0 0.9999882
1.0 0.9999753
1.0 0.99998856
1.0 0.99998724
1.0 0.999987
1.0 0.9998908
1.0 0.9999877
1.0 0.99998784
1.0 0.99998033
1.0 0.99998784
1.0 0.99997807
1.0 0.99998724
1.0 0.9999882
1.0 0.99998105
1.0 0.99998105
1.0 0.99998856
1.0 0.99998784
1.0 0.99998784
1.0 0.9999832
1.0 0.9999882
1.0 0.9999871
1.0 0.99998736
1.0 0.99998796
1.0 0.99998724
1.0 0.99998415
1.0 0.9999882
1.0 0.99998665
1.0 0.9999329
1.0 0.9999831
1.0 0.9999813
1.0 0.9999881
1.0 0.99997604
1.0 0.9999876
1.0 0.99998724
1.0 0.9999863
1.0 0.9999832
1.0 0.9999881
1.0 0.999987
1.0 0.9999882
1.0 0.99998665
1.0 0.99998784
1.0 0.99998343
1.0 0.9999883
1.0 0.99998724
1.0 0.99997807
1.0 0.9999825
1.0 0.99998796
1.0 0.9999863
1.0 0.9999863
1.0 0.9999865
1.0 0.99998784
1.0 0.99998796
1.0 0.9999844
1.0 0.9999881
1.0 0.99998796
1.0 0.99998796
1.0 0.99998724
1.0 0.99994683
1.0 0.99998593
1.0 0.99998844
1.0 0.9999789
1.0 0.9999877
1.0 0.9999863
