true vs pred:
1.0 0.99734926
1.0 0.9969049
0.0 0.81493926
1.0 0.9672975
1.0 0.9948171
1.0 0.99758077
0.0 0.4212289
1.0 0.99725795
1.0 0.9940263
1.0 0.9970041
0.0 0.44421136
0.0 0.19522694
1.0 0.9944819
0.0 0.21770954
1.0 0.9610001
0.0 0.592187
1.0 0.94388086
1.0 0.930442
0.0 0.85417503
1.0 0.9672975
1.0 0.99721706
1.0 0.9877516
1.0 0.97147185
1.0 0.9422893
1.0 0.96699834
1.0 0.9973014
0.0 0.22864704
0.0 0.25876868
1.0 0.9629686
1.0 0.9951018
1.0 0.9973014
1.0 0.99701715
1.0 0.9611841
1.0 0.92167354
1.0 0.9955455
0.0 0.21521382
1.0 0.98317885
0.0 0.42573234
1.0 0.9952337
1.0 0.92017055
1.0 0.9968779
1.0 0.98323476
1.0 0.9577052
0.0 0.8660938
1.0 0.91097635
1.0 0.98898214
0.0 0.5710551
1.0 0.92167354
1.0 0.9955455
1.0 0.97115403
1.0 0.99494344
1.0 0.9577052
0.0 0.40811166
1.0 0.9678592
1.0 0.97032094
0.0 0.19887166
1.0 0.99758077
1.0 0.98993754
0.0 0.25936678
1.0 0.99520856
1.0 0.97147185
0.0 0.81493926
0.0 0.8660938
1.0 0.9968953
1.0 0.9968953
1.0 0.9944819
1.0 0.99001443
1.0 0.99380916
0.0 0.21770954
1.0 0.98993754
1.0 0.9948171
0.0 0.5710551
0.0 0.36981085
1.0 0.99486154
0.0 0.2053977
1.0 0.9422893
1.0 0.99520856
1.0 0.97032094
1.0 0.9969049
1.0 0.96932596
1.0 0.9900726
1.0 0.92167354
0.0 0.84218067
0.0 0.36981085
0.0 0.88639855
1.0 0.98323476
1.0 0.99480337
1.0 0.9977291
1.0 0.94168466
1.0 0.91498107
1.0 0.9577052
1.0 0.9970994
1.0 0.9970041
1.0 0.92167354
1.0 0.99758077
1.0 0.97039896
1.0 0.9969975
0.0 0.58083576
0.0 0.22647968
1.0 0.99725795
1.0 0.9849459
1.0 0.94388086
1.0 0.9948171
1.0 0.92167354
0.0 0.85417503
1.0 0.937024
1.0 0.9966793
1.0 0.9859396
1.0 0.99734926
1.0 0.99758077
1.0 0.99734926
1.0 0.9877516
0.0 0.36981085
0.0 0.18451425
1.0 0.99763453
1.0 0.9902283
1.0 0.99704945
1.0 0.99729186
0.0 0.6611711
1.0 0.9940263
1.0 0.99763453
1.0 0.9952337
1.0 0.99489933
0.0 0.14619276
1.0 0.91097635
0.0 0.84218067
0.0 0.5710551
1.0 0.9948171
1.0 0.9959156
1.0 0.9945897
1.0 0.9952337
1.0 0.96954525
1.0 0.9935081
0.0 0.8660938
0.0 0.36119267
0.0 0.5710551
0.0 0.85417503
1.0 0.930442
0.0 0.25936678
1.0 0.91498107
1.0 0.99725795
1.0 0.962238
1.0 0.9886285
0.0 0.17734928
0.0 0.88639855
1.0 0.9955455
1.0 0.99710363
0.0 0.18451425
0.0 0.8371131
1.0 0.94168466
1.0 0.9611841
1.0 0.98551613
1.0 0.91097635
1.0 0.98898214
1.0 0.96607715
1.0 0.97115403
0.0 0.8480242
0.0 0.25936678
0.0 0.8480242
1.0 0.9945897
1.0 0.9969975
0.0 0.19195281
1.0 0.92017055
1.0 0.930442
1.0 0.99758077
1.0 0.9966793
0.0 0.22864704
1.0 0.99710363
1.0 0.99710363
1.0 0.9971866
1.0 0.99489933
1.0 0.9850285
1.0 0.9977291
1.0 0.9963942
0.0 0.5860188
0.0 0.21521382
1.0 0.99734926
0.0 0.66470194
1.0 0.9948171
1.0 0.94020694
1.0 0.91097635
1.0 0.9970994
1.0 0.98993754
0.0 0.5710551
0.0 0.8578463
1.0 0.9732093
0.0 0.61279243
1.0 0.9678592
1.0 0.96699834
1.0 0.9973014
1.0 0.9946569
0.0 0.40811166
0.0 0.38348567
0.0 0.5635146
1.0 0.9940263
0.0 0.21521382
1.0 0.98317885
1.0 0.98993754
0.0 0.40811166
1.0 0.99734926
0.0 0.61279243
0.0 0.66470194
1.0 0.97032094
1.0 0.9732093
0.0 0.17734928
0.0 0.18451425
0.0 0.26112598
1.0 0.9935081
1.0 0.99761474
1.0 0.9942855
1.0 0.9886285
1.0 0.99763453
1.0 0.95569164
1.0 0.9877516
1.0 0.9973014
1.0 0.99480337
0.0 0.66470194
0.0 0.39987096
1.0 0.9951018
1.0 0.9884311
1.0 0.99494344
1.0 0.9884298
1.0 0.99001443
1.0 0.9900092
1.0 0.98824954
1.0 0.98824954
1.0 0.9884311
0.0 0.8420731
1.0 0.9977729
1.0 0.99480337
0.0 0.19887166
1.0 0.99380916
1.0 0.97147185
1.0 0.99520856
0.0 0.85417503
0.0 0.26112598
0.0 0.42573234
1.0 0.96954525
1.0 0.9644948
1.0 0.9628668
1.0 0.99489933
1.0 0.9902283
0.0 0.8578463
1.0 0.9952337
1.0 0.9963942
0.0 0.592187
1.0 0.9969049
0.0 0.26112598
1.0 0.97147185
1.0 0.99721706
1.0 0.9886285
1.0 0.99486154
0.0 0.36981085
1.0 0.9644948
0.0 0.58083576
1.0 0.96954525
1.0 0.9969975
1.0 0.9976521
1.0 0.99486154
1.0 0.98898214
0.0 0.6142736
1.0 0.92174816
0.0 0.41071427
1.0 0.9678592
1.0 0.9970041
1.0 0.9902283
1.0 0.9948171
0.0 0.24903387
1.0 0.99701715
0.0 0.58083576
0.0 0.8578463
1.0 0.9902283
1.0 0.96954525
1.0 0.99726355
1.0 0.9877516
0.0 0.88639855
1.0 0.98898214
1.0 0.9850285
1.0 0.97032094
1.0 0.97147185
0.0 0.88639855
1.0 0.99494344
0.0 0.6611711
1.0 0.9948171
1.0 0.9942855
0.0 0.25876868
1.0 0.99725795
1.0 0.99729186
1.0 0.99380916
1.0 0.9969975
0.0 0.36981085
1.0 0.99494344
0.0 0.39987096
1.0 0.9969975
1.0 0.9972447
1.0 0.98323476
1.0 0.9970041
1.0 0.92174816
1.0 0.9976521
1.0 0.96954525
1.0 0.9953928
0.0 0.61279243
0.0 0.592187
1.0 0.9977729
1.0 0.98323476
0.0 0.21770954
1.0 0.91097635
1.0 0.9672975
1.0 0.9859396
1.0 0.9972447
1.0 0.9611841
0.0 0.8578463
1.0 0.9422893
1.0 0.962238
1.0 0.94168466
1.0 0.9644948
1.0 0.9877516
1.0 0.9644948
1.0 0.99761474
0.0 0.5860188
1.0 0.97147185
0.0 0.58083576
0.0 0.14619276
0.0 0.22864704
1.0 0.99494344
0.0 0.18451425
1.0 0.9888242
0.0 0.22647968
1.0 0.97039896
1.0 0.97115403
0.0 0.42573234
1.0 0.92167354
1.0 0.96954525
1.0 0.9863018
1.0 0.9968779
1.0 0.9644948
1.0 0.9902283
0.0 0.36119267
0.0 0.882746
1.0 0.91097635
0.0 0.38348567
1.0 0.92017055
0.0 0.88639855
1.0 0.9946569
1.0 0.94020694
1.0 0.99001443
1.0 0.9859396
1.0 0.9970041
0.0 0.8660938
0.0 0.24903387
1.0 0.98551613
1.0 0.9862067
1.0 0.9946569
0.0 0.5635146
1.0 0.9935081
1.0 0.95569164
1.0 0.99758077
1.0 0.9945897
1.0 0.99761474
1.0 0.9963942
1.0 0.9970994
1.0 0.91097635
1.0 0.99763453
0.0 0.8480242
1.0 0.9971866
1.0 0.99494344
1.0 0.92167354
1.0 0.9862067
0.0 0.5860188
1.0 0.94168466
1.0 0.9948171
1.0 0.9948171
1.0 0.94168466
1.0 0.98551613
1.0 0.9862067
1.0 0.9969975
1.0 0.97115403
1.0 0.98824954
1.0 0.9959156
1.0 0.9969975
1.0 0.9969049
1.0 0.9886285
0.0 0.18451425
0.0 0.19522694
1.0 0.9970041
1.0 0.9969049
1.0 0.98551613
1.0 0.9859396
1.0 0.9973014
1.0 0.9969975
1.0 0.9877516
0.0 0.882746
1.0 0.9977291
0.0 0.25936678
1.0 0.9877516
1.0 0.99494344
1.0 0.9628668
1.0 0.99380916
0.0 0.25876868
0.0 0.19522694
1.0 0.99761474
1.0 0.9952337
1.0 0.9963942
1.0 0.96607715
1.0 0.9611841
1.0 0.99480337
1.0 0.98323476
1.0 0.96954525
1.0 0.99486154
1.0 0.9900726
1.0 0.9953928
1.0 0.99701715
1.0 0.9732093
0.0 0.5860188
0.0 0.19522694
0.0 0.88639855
1.0 0.930442
1.0 0.9577052
0.0 0.8578463
1.0 0.9678592
1.0 0.9611841
0.0 0.40811166
0.0 0.22864704
1.0 0.99726355
1.0 0.95569164
0.0 0.61279243
0.0 0.20029639
0.0 0.22864704
1.0 0.92017055
1.0 0.97039896
0.0 0.22864704
0.0 0.8371131
1.0 0.9959156
1.0 0.9970994
0.0 0.58083576
1.0 0.92017055
0.0 0.4212289
1.0 0.99761474
1.0 0.9970994
1.0 0.99729186
0.0 0.2053977
1.0 0.9902283
0.0 0.66470194
1.0 0.9644948
0.0 0.21521382
1.0 0.9970994
1.0 0.9968779
0.0 0.8578463
1.0 0.99725795
1.0 0.9422893
1.0 0.9678592
0.0 0.21521382
1.0 0.98824954
1.0 0.9888242
0.0 0.25936678
0.0 0.21770954
1.0 0.9942855
1.0 0.92167354
0.0 0.18451425
1.0 0.9644948
1.0 0.95569164
1.0 0.97115403
1.0 0.930442
0.0 0.592187
0.0 0.22647968
0.0 0.66470194
1.0 0.96607715
1.0 0.9862067
1.0 0.9862067
1.0 0.9935081
0.0 0.5710551
0.0 0.39987096
0.0 0.5860188
0.0 0.26112598
0.0 0.16699643
0.0 0.5860188
1.0 0.9971866
1.0 0.99001443
1.0 0.9732093
1.0 0.9970041
1.0 0.98551613
0.0 0.5710551
1.0 0.9951018
1.0 0.9859396
1.0 0.99734926
1.0 0.99380916
1.0 0.91498107
1.0 0.9900092
1.0 0.9973404
0.0 0.8578463
0.0 0.21521382
1.0 0.99701715
1.0 0.9628668
1.0 0.9940263
1.0 0.99761474
1.0 0.9948008
1.0 0.9863018
0.0 0.882746
0.0 0.24903387
1.0 0.99704945
1.0 0.9973014
0.0 0.6142736
0.0 0.16699643
1.0 0.96932596
1.0 0.9973014
1.0 0.9935081
1.0 0.9902283
0.0 0.38348567
1.0 0.9977729
1.0 0.97032094
1.0 0.99721706
1.0 0.92167354
0.0 0.17734928
0.0 0.17578928
1.0 0.91097635
1.0 0.98824954
0.0 0.22864704
1.0 0.9877516
0.0 0.44421136
0.0 0.8480242
