true vs pred:
0.0 0.0005743719
0.0 0.0017690607
0.0 0.00095020526
0.0 0.0005669452
0.0 0.0021335222
0.0 0.0006971389
0.0 0.0009919783
0.0 0.0028325822
0.0 0.0013703769
0.0 0.00050794875
0.0 0.0859779
0.0 0.0021335222
0.0 0.015979413
0.0 0.0028325822
0.0 0.0012558344
0.0 0.0006971389
0.0 0.00066663115
0.0 0.0006018196
0.0 0.00095512654
0.0 0.0017690607
0.0 0.00096488773
0.0 0.00054052187
0.0 0.003531096
0.0 0.052350838
0.0 0.052350838
0.0 0.0859779
0.0 0.00095930765
0.0 0.0023558505
0.0 0.5750098
0.0 0.00061515754
0.0 0.00092722685
0.0 0.0005791719
0.0 0.00067533355
0.0 0.00058985973
0.0 0.0023558505
0.0 0.0033406038
0.0 0.05838263
0.0 0.0010442566
0.0 0.00054052187
0.0 0.00044060816
0.0 0.0013703769
0.0 0.00236004
0.0 0.00095930765
0.0 0.00061515754
0.0 0.00236004
0.0 0.0010147488
0.0 0.00056669686
0.0 0.0020515001
0.0 0.00051029876
0.0 0.00054052187
0.0 0.5569522
0.0 0.0015721635
0.0 0.015589297
0.0 0.017548474
0.0 0.00062269
0.0 0.003357497
0.0 0.00091070315
0.0 0.0006491919
0.0 0.0005549941
0.0 0.0010119803
0.0 0.015979413
0.0 0.0033406038
0.0 0.0012854022
0.0 0.0006382327
0.0 0.0010780175
0.0 0.0017690607
0.0 0.0030258824
0.0 0.0023320308
0.0 0.05838263
0.0 0.0030258824
0.0 0.0026638045
0.0 0.0005669452
0.0 0.0006492333
0.0 0.05838263
0.0 0.0005549941
0.0 0.001058871
0.0 0.00095930765
0.0 0.003953839
0.0 0.0018104281
0.0 0.0027901384
0.0 0.000991854
0.0 0.00095512654
0.0 0.0005669452
0.0 0.00049121055
0.0 0.0010442566
0.0 0.015231568
0.0 0.059707314
0.0 0.0767924
0.0 0.0012854022
0.0 0.05838263
0.0 0.044197198
0.0 0.00049121055
0.0 0.015153264
0.0 0.0027491904
0.0 0.05345646
0.0 0.0026638045
0.0 0.016620751
0.0 0.00049121055
0.0 0.0005764925
0.0 0.00067469734
0.0 0.0005504206
0.0 0.00046716814
0.0 0.65073156
0.0 0.014259423
0.0 0.0014544112
0.0 0.095047355
0.0 0.0018391238
0.0 0.0036057916
0.0 0.0015721635
0.0 0.00067533355
0.0 0.0006734234
0.0 0.018819276
0.0 0.000991854
0.0 0.000991854
0.0 0.0022128506
0.0 0.00066663115
0.0 0.017548474
0.0 0.00091070315
0.0 0.65073156
0.0 0.0859779
0.0 0.0010780175
0.0 0.00096488773
0.0 0.044865675
0.0 0.001058871
0.0 0.0005608856
0.0 0.015153264
0.0 0.0010119803
0.0 0.00095020526
0.0 0.0006971389
0.0 0.0004515236
0.0 0.00067533355
0.0 0.0006018196
0.0 0.0630184
0.0 0.0010147488
0.0 0.07526634
0.0 0.0004981906
0.0 0.0006491919
0.0 0.05345646
0.0 0.0036057916
0.0 0.0023558505
0.0 0.00097428606
0.0 0.00069282553
0.0 0.0006185362
0.0 0.0012604551
0.0 0.0022128506
0.0 0.08749455
0.0 0.003357497
0.0 0.0022128506
0.0 0.00091070315
0.0 0.00062269
0.0 0.00236004
0.0 0.0006185362
0.0 0.0009448909
0.0 0.0022128506
0.0 0.002499514
0.0 0.00046716814
0.0 0.0033406038
0.0 0.0010207945
0.0 0.0005504206
0.0 0.05345646
0.0 0.0019101114
0.0 0.000545366
0.0 0.5814031
0.0 0.0006095167
0.0 0.0018391238
0.0 0.003357497
0.0 0.0006971389
0.0 0.05838263
0.0 0.00096488773
0.0 0.0005315368
0.0 0.00095512654
0.0 0.0010207945
0.0 0.00096488773
0.0 0.6057517
0.0 0.00061324827
0.0 0.0009919783
0.0 0.00044120644
0.0 0.0010147488
0.0 0.0028325822
0.0 0.5569522
0.0 0.016620751
0.0 0.0010119803
0.0 0.0010207945
0.0 0.0006185362
0.0 0.015589297
0.0 0.0023558505
0.0 0.0004981906
0.0 0.018819276
0.0 0.0593665
0.0 0.00069282553
0.0 0.000545366
0.0 0.0006382327
0.0 0.0593665
0.0 0.00056669686
0.0 0.0004515236
0.0 0.0006491919
0.0 0.0006321661
0.0 0.015153264
0.0 0.6057517
0.0 0.00045859825
0.0 0.0005629403
0.0 0.0036181393
0.0 0.00095930765
0.0 0.052350838
0.0 0.018819276
0.0 0.0006491919
0.0 0.0018952271
0.0 0.0021335222
0.0 0.00051029876
0.0 0.015979413
0.0 0.00062269
0.0 0.0036057916
0.0 0.00092722685
0.0 0.65073156
0.0 0.00046716814
0.0 0.0012854022
0.0 0.0005608856
0.0 0.65073156
0.0 0.55881464
0.0 0.015166263
0.0 0.0593665
0.0 0.0019101114
0.0 0.0006382327
0.0 0.5569522
0.0 0.000522486
0.0 0.012629449
0.0 0.0006141057
0.0 0.0005791719
0.0 0.0026638045
0.0 0.0018104281
0.0 0.00046242832
0.0 0.00040787942
0.0 0.0006734234
0.0 0.0024464559
0.0 0.0006321661
0.0 0.6233161
0.0 0.001058871
0.0 0.0767924
0.0 0.5639113
0.0 0.00040787942
0.0 0.0593665
0.0 0.00044120644
0.0 0.0027901384
0.0 0.00096488773
0.0 0.0009448909
0.0 0.0006382327
0.0 0.00067469734
0.0 0.00095930765
0.0 0.5832329
0.0 0.0010442566
0.0 0.0630184
0.0 0.0024464559
0.0 0.044865675
0.0 0.00091070315
0.0 0.016620751
0.0 0.0005484314
0.0 0.066332415
0.0 0.00061515754
0.0 0.6233161
0.0 0.08749455
0.0 0.000522486
0.0 0.0006491919
0.0 0.08749455
0.0 0.0593665
0.0 0.0006430862
0.0 0.0593665
0.0 0.0006491919
0.0 0.00051029876
0.0 0.0011496587
0.0 0.052350838
0.0 0.003531096
0.0 0.0006627416
0.0 0.015589297
0.0 0.0022128506
0.0 0.0006734234
0.0 0.0011496587
0.0 0.0010438235
0.0 0.044197198
0.0 0.00056669686
0.0 0.012629449
0.0 0.0008868998
0.0 0.0004981906
0.0 0.5832329
0.0 0.003953839
0.0 0.0006095167
0.0 0.0018391238
0.0 0.0013703769
0.0 0.015166263
0.0 0.05838263
0.0 0.0006321661
0.0 0.0030258824
0.0 0.000522486
0.0 0.55881464
0.0 0.0026638045
0.0 0.0630184
0.0 0.00095930765
0.0 0.00069282553
0.0 0.00056669686
0.0 0.00095512654
0.0 0.0019101114
0.0 0.003357497
0.0 0.003531096
0.0 0.0030258824
0.0 0.0005791719
0.0 0.0012558344
0.0 0.0020515001
0.0 0.0022128506
0.0 0.0018104281
0.0 0.122841164
0.0 0.00095930765
0.0 0.0005608856
0.0 0.00236004
0.0 0.000522486
0.0 0.00046716814
0.0 0.0026638045
0.0 0.015979413
0.0 0.0006971389
0.0 0.0023558505
0.0 0.015979413
0.0 0.0006430862
0.0 0.0006491919
0.0 0.00055513193
0.0 0.0006018196
0.0 0.0010438235
0.0 0.016620751
0.0 0.65073156
0.0 0.00067469734
0.0 0.0027491904
0.0 0.018819276
0.0 0.016620751
0.0 0.0006382327
0.0 0.015153264
0.0 0.08749455
0.0 0.00051029876
0.0 0.0004515236
0.0 0.00069282553
0.0 0.0027491904
0.0 0.0006018196
0.0 0.0023896282
0.0 0.00055077433
0.0 0.015231568
0.0 0.0006492333
0.0 0.00061324827
0.0 0.65073156
0.0 0.053957798
0.0 0.066332415
0.0 0.0006430862
0.0 0.0010780175
0.0 0.05838263
0.0 0.0010207945
0.0 0.0767924
0.0 0.0026638045
0.0 0.0018391238
0.0 0.0017690607
0.0 0.65073156
0.0 0.0005504206
0.0 0.00045859825
0.0 0.0005549941
0.0 0.0009448909
0.0 0.0023896282
0.0 0.0027491904
0.0 0.017548474
0.0 0.0006430862
0.0 0.0005549941
0.0 0.066332415
0.0 0.000991854
0.0 0.00062269
0.0 0.5639113
0.0 0.0005791719
0.0 0.002263926
0.0 0.0012558344
0.0 0.0021164878
0.0 0.0012734144
0.0 0.0036181393
0.0 0.00055077433
0.0 0.0006018196
0.0 0.0005629403
0.0 0.00045859825
0.0 0.095047355
0.0 0.0010119803
0.0 0.0004981906
0.0 0.00236004
0.0 0.0593665
0.0 0.05838263
0.0 0.0023320308
0.0 0.122841164
0.0 0.00050794875
0.0 0.00236004
0.0 0.014259423
0.0 0.015166263
0.0 0.0017690607
0.0 0.00051029876
0.0 0.00054052187
0.0 0.0005315368
0.0 0.003531096
0.0 0.00045859825
0.0 0.066332415
0.0 0.059707314
0.0 0.00095930765
0.0 0.0018391238
0.0 0.053957798
0.0 0.00045859825
0.0 0.0006095167
0.0 0.00061515754
0.0 0.00069282553
0.0 0.0010119803
0.0 0.0021335222
0.0 0.0005629403
0.0 0.0018952271
0.0 0.0011496587
0.0 0.00046716814
0.0 0.015231568
0.0 0.051016603
0.0 0.0010442566
0.0 0.0004515236
0.0 0.0593665
0.0 0.0018104281
0.0 0.00056669686
0.0 0.066332415
0.0 0.0017690607
0.0 0.5832329
0.0 0.0004981906
0.0 0.00069282553
0.0 0.00063368294
0.0 0.015589297
0.0 0.015153264
0.0 0.00066663115
0.0 0.0012558344
0.0 0.0023896282
0.0 0.0010780175
0.0 0.0012734144
0.0 0.0009448909
0.0 0.015979413
0.0 0.000522486
0.0 0.0006185362
0.0 0.015153264
0.0 0.0023558505
0.0 0.0022057425
0.0 0.0008868998
0.0 0.015589297
0.0 0.0013703769
0.0 0.0019101114
0.0 0.000545366
0.0 0.0013703769
0.0 0.00040787942
0.0 0.0859779
0.0 0.00044120644
0.0 0.0018391238
0.0 0.0027491904
0.0 0.00054052187
0.0 0.00045859825
0.0 0.00058985973
0.0 0.00069282553
0.0 0.0009448909
0.0 0.003953839
0.0 0.5750098
0.0 0.0022128506
0.0 0.00046716814
0.0 0.07526634
0.0 0.00055513193
0.0 0.000991854
0.0 0.015231568
0.0 0.0027491904
0.0 0.00091070315
0.0 0.015153264
0.0 0.0012854022
0.0 0.0005629403
0.0 0.016620751
0.0 0.00236004
0.0 0.0012734144
0.0 0.0005608856
0.0 0.015166263
0.0 0.5569522
0.0 0.07526634
0.0 0.0009919783
0.0 0.0006095167
0.0 0.00061515754
0.0 0.00044060816
0.0 0.0010438235
0.0 0.0022057425
0.0 0.0005791719
0.0 0.0005608856
0.0 0.00045271983
0.0 0.00069282553
0.0 0.00061324827
0.0 0.0022057425
0.0 0.0018104281
0.0 0.0009277438
0.0 0.05345646
0.0 0.0027491904
0.0 0.00095930765
0.0 0.0009448909
0.0 0.0005743719
0.0 0.00092722685
0.0 0.0005484314
0.0 0.015231568
0.0 0.0022057425
0.0 0.08749455
0.0 0.0005608856
0.0 0.0018952271
0.0 0.0005669452
0.0 0.095047355
0.0 0.002499514
0.0 0.0009277438
0.0 0.017548474
0.0 0.000522486
0.0 0.00045271983
0.0 0.00044120644
0.0 0.0021335222
0.0 0.0006734234
0.0 0.044197198
0.0 0.000991854
0.0 0.55881464
0.0 0.00095512654
0.0 0.0023320308
0.0 0.0008868998
0.0 0.0005608856
0.0 0.00058985973
0.0 0.00045271983
0.0 0.0010438235
