true vs pred:
0.0 0.85830975
0.0 0.712773
1.0 0.9353715
1.0 0.99614465
1.0 0.98185194
1.0 0.9421983
0.0 0.8815862
1.0 0.93424267
1.0 0.9965096
0.0 0.23373732
0.0 0.13768582
1.0 0.93040824
1.0 0.9926071
1.0 0.9965096
1.0 0.99607265
1.0 0.9274093
0.0 0.84232146
1.0 0.99360317
0.0 0.11434833
1.0 0.9724955
0.0 0.23386024
1.0 0.9931571
0.0 0.8368555
1.0 0.9956709
1.0 0.97249514
1.0 0.92129314
0.0 0.734423
0.0 0.8236077
1.0 0.982241
0.0 0.33249512
0.0 0.84232146
1.0 0.99360317
1.0 0.9417688
1.0 0.99237204
1.0 0.92129314
0.0 0.22160263
1.0 0.93536794
1.0 0.9403103
0.0 0.20355599
1.0 0.99666697
1.0 0.98498094
0.0 0.13655338
1.0 0.9927819
1.0 0.9421983
0.0 0.65071297
0.0 0.734423
1.0 0.99596655
1.0 0.99596655
1.0 0.99163425
1.0 0.985225
1.0 0.9905969
0.0 0.11475572
1.0 0.98498094
1.0 0.9925608
0.0 0.33249512
0.0 0.19665389
1.0 0.9926407
0.0 0.21185082
0.0 0.8815862
1.0 0.9927819
1.0 0.9403103
1.0 0.99590427
1.0 0.9421932
1.0 0.98537874
0.0 0.84232146
0.0 0.69335717
0.0 0.19665389
0.0 0.7702684
1.0 0.97249514
1.0 0.99216706
1.0 0.99686974
0.0 0.8796867
0.0 0.82754713
1.0 0.92129314
1.0 0.9959906
1.0 0.99612975
0.0 0.84232146
1.0 0.99666697
1.0 0.9407031
1.0 0.99601656
0.0 0.35018134
0.0 0.11968698
1.0 0.9964227
1.0 0.97532064
1.0 0.8981124
1.0 0.9925608
0.0 0.84232146
0.0 0.712773
0.0 0.8709638
1.0 0.9955979
1.0 0.97712076
1.0 0.99657923
1.0 0.99666697
1.0 0.99657923
1.0 0.98185194
0.0 0.19665389
0.0 0.18830213
1.0 0.99673295
1.0 0.9855784
1.0 0.9960898
1.0 0.9964953
0.0 0.420739
1.0 0.99093527
1.0 0.99673295
1.0 0.9931571
1.0 0.9926906
0.0 0.15254125
0.0 0.8236077
0.0 0.69335717
0.0 0.33249512
1.0 0.9925608
1.0 0.9939638
1.0 0.9918503
1.0 0.9931571
1.0 0.9384995
1.0 0.99052656
0.0 0.734423
0.0 0.19010219
0.0 0.33249512
0.0 0.712773
0.0 0.85830975
0.0 0.13655338
0.0 0.82754713
1.0 0.9964227
1.0 0.9290353
1.0 0.98300076
0.0 0.18221727
0.0 0.7702684
1.0 0.99360317
1.0 0.99626404
0.0 0.18830213
0.0 0.68823534
0.0 0.8796867
1.0 0.9274093
1.0 0.97620994
0.0 0.8236077
1.0 0.982241
1.0 0.9352132
1.0 0.9417688
0.0 0.704492
0.0 0.13655338
0.0 0.704492
1.0 0.9918503
1.0 0.99601656
0.0 0.10193188
0.0 0.8368555
0.0 0.85830975
1.0 0.99666697
1.0 0.9955979
0.0 0.23373732
1.0 0.99626404
1.0 0.99626404
1.0 0.9963697
1.0 0.9926906
1.0 0.97549224
1.0 0.99686974
1.0 0.99520123
0.0 0.35115352
0.0 0.11434833
1.0 0.99657923
0.0 0.42567575
1.0 0.9925608
0.0 0.8767018
0.0 0.8236077
1.0 0.9959906
1.0 0.98498094
0.0 0.33249512
0.0 0.7193049
1.0 0.9463964
0.0 0.3747612
1.0 0.93536794
1.0 0.93424267
1.0 0.9965096
1.0 0.9922764
0.0 0.22160263
0.0 0.20449466
0.0 0.33523655
1.0 0.99093527
0.0 0.11434833
1.0 0.9724955
1.0 0.98498094
0.0 0.22160263
1.0 0.99657923
0.0 0.3747612
0.0 0.42567575
1.0 0.9403103
1.0 0.9463964
0.0 0.18221727
0.0 0.18830213
0.0 0.2620743
1.0 0.99052656
1.0 0.9967049
1.0 0.9917996
1.0 0.98300076
1.0 0.99673295
1.0 0.9165828
1.0 0.98185194
1.0 0.9965096
1.0 0.99216706
0.0 0.42567575
0.0 0.21720184
1.0 0.9926071
1.0 0.98108256
1.0 0.99237204
1.0 0.98282063
1.0 0.985225
1.0 0.985285
1.0 0.9824467
1.0 0.9824467
1.0 0.98108256
0.0 0.69626987
1.0 0.9969405
1.0 0.99216706
0.0 0.20355599
1.0 0.9905969
1.0 0.9421983
1.0 0.9927819
0.0 0.712773
0.0 0.2620743
0.0 0.23386024
1.0 0.9384995
1.0 0.9287041
1.0 0.93029124
1.0 0.9926906
1.0 0.9855784
0.0 0.7193049
1.0 0.9931571
1.0 0.99520123
0.0 0.35746926
1.0 0.99590427
0.0 0.2620743
1.0 0.9421983
1.0 0.99614465
1.0 0.98300076
1.0 0.9926407
0.0 0.19665389
1.0 0.9287041
0.0 0.35018134
1.0 0.9384995
1.0 0.99601656
1.0 0.9969813
1.0 0.9926407
1.0 0.982241
0.0 0.37766007
0.0 0.84266645
0.0 0.22234507
1.0 0.93536794
1.0 0.99612975
1.0 0.9855784
1.0 0.9925608
0.0 0.13399254
1.0 0.99607265
0.0 0.35018134
0.0 0.7193049
1.0 0.9855784
1.0 0.9384995
1.0 0.996407
1.0 0.98185194
0.0 0.7702684
1.0 0.982241
1.0 0.97549224
1.0 0.9403103
1.0 0.9421983
0.0 0.7702684
1.0 0.99237204
0.0 0.420739
1.0 0.9925608
1.0 0.9917996
0.0 0.13768582
1.0 0.9964227
1.0 0.9964953
1.0 0.9905969
1.0 0.99601656
0.0 0.19665389
1.0 0.99237204
0.0 0.21720184
1.0 0.99601656
1.0 0.99644023
1.0 0.97249514
1.0 0.99612975
0.0 0.84266645
1.0 0.9969813
1.0 0.9384995
1.0 0.9933924
0.0 0.3747612
0.0 0.35746926
1.0 0.9969405
1.0 0.97249514
0.0 0.11475572
0.0 0.8236077
1.0 0.9353715
1.0 0.97712076
1.0 0.99644023
1.0 0.9274093
0.0 0.7193049
0.0 0.8815862
1.0 0.9290353
0.0 0.8796867
1.0 0.9287041
1.0 0.98185194
1.0 0.9287041
1.0 0.9967049
0.0 0.35115352
1.0 0.9421983
0.0 0.35018134
0.0 0.15254125
0.0 0.23373732
1.0 0.99237204
0.0 0.18830213
1.0 0.98341376
0.0 0.11968698
1.0 0.9407031
1.0 0.9417688
0.0 0.23386024
0.0 0.84232146
1.0 0.9384995
1.0 0.9776863
1.0 0.9956709
1.0 0.9287041
1.0 0.9855784
0.0 0.19010219
0.0 0.76053303
0.0 0.8236077
0.0 0.20449466
0.0 0.8368555
0.0 0.7702684
1.0 0.9922764
0.0 0.8767018
1.0 0.985225
1.0 0.97712076
1.0 0.99612975
0.0 0.734423
0.0 0.13399254
1.0 0.97620994
1.0 0.97763604
1.0 0.9922764
0.0 0.33523655
1.0 0.99052656
1.0 0.9165828
1.0 0.99666697
1.0 0.9918503
1.0 0.9967049
1.0 0.99520123
1.0 0.9959906
0.0 0.8236077
1.0 0.99673295
0.0 0.704492
1.0 0.9963697
1.0 0.99237204
0.0 0.84232146
1.0 0.97763604
0.0 0.35115352
0.0 0.8796867
1.0 0.9925608
1.0 0.9925608
0.0 0.8796867
1.0 0.97620994
1.0 0.97763604
1.0 0.99601656
1.0 0.9417688
1.0 0.9824467
1.0 0.9939638
1.0 0.99601656
1.0 0.99590427
1.0 0.98300076
0.0 0.18830213
0.0 0.20015611
1.0 0.99612975
1.0 0.99590427
1.0 0.97620994
1.0 0.97712076
1.0 0.9965096
1.0 0.99601656
1.0 0.98185194
0.0 0.76053303
1.0 0.99686974
0.0 0.13655338
1.0 0.98185194
1.0 0.99237204
1.0 0.93029124
1.0 0.9905969
0.0 0.13768582
0.0 0.20015611
1.0 0.9967049
1.0 0.9931571
1.0 0.99520123
1.0 0.9352132
1.0 0.9274093
1.0 0.99216706
1.0 0.97249514
1.0 0.9384995
1.0 0.9926407
1.0 0.98537874
1.0 0.9933924
1.0 0.99607265
1.0 0.9463964
0.0 0.35115352
0.0 0.20015611
0.0 0.7702684
0.0 0.85830975
1.0 0.92129314
0.0 0.7193049
1.0 0.93536794
1.0 0.9274093
0.0 0.22160263
0.0 0.23373732
1.0 0.996407
1.0 0.9165828
0.0 0.3747612
0.0 0.1058948
0.0 0.23373732
0.0 0.8368555
1.0 0.9407031
0.0 0.23373732
0.0 0.68823534
1.0 0.9939638
1.0 0.9959906
0.0 0.35018134
0.0 0.8368555
0.0 0.23210698
1.0 0.9967049
1.0 0.9959906
1.0 0.9964953
0.0 0.21185082
1.0 0.9855784
0.0 0.42567575
1.0 0.9287041
0.0 0.11434833
1.0 0.9959906
1.0 0.9956709
0.0 0.7193049
1.0 0.9964227
0.0 0.8815862
1.0 0.93536794
0.0 0.11434833
1.0 0.9824467
1.0 0.98341376
0.0 0.13655338
0.0 0.11475572
1.0 0.9917996
0.0 0.84232146
0.0 0.18830213
1.0 0.9287041
1.0 0.9165828
1.0 0.9417688
0.0 0.85830975
0.0 0.35746926
0.0 0.11968698
0.0 0.42567575
1.0 0.9352132
1.0 0.97763604
1.0 0.97763604
1.0 0.99052656
0.0 0.33249512
0.0 0.21720184
0.0 0.35115352
0.0 0.2620743
0.0 0.1716748
0.0 0.35115352
1.0 0.9963697
1.0 0.985225
1.0 0.9463964
1.0 0.99612975
1.0 0.97620994
0.0 0.33249512
1.0 0.9926071
1.0 0.97712076
1.0 0.99657923
1.0 0.9905969
0.0 0.82754713
1.0 0.985285
1.0 0.99658304
0.0 0.7193049
0.0 0.11434833
1.0 0.99607265
1.0 0.93029124
1.0 0.99093527
1.0 0.9967049
1.0 0.99215686
1.0 0.9776863
0.0 0.76053303
0.0 0.13399254
1.0 0.9960898
1.0 0.9965096
0.0 0.37766007
0.0 0.1716748
1.0 0.9421932
1.0 0.9965096
1.0 0.99052656
1.0 0.9855784
0.0 0.20449466
1.0 0.9969405
1.0 0.9403103
1.0 0.99614465
0.0 0.84232146
0.0 0.18221727
0.0 0.09225398
0.0 0.8236077
1.0 0.9824467
0.0 0.23373732
1.0 0.98185194
0.0 0.24185458
0.0 0.704492
0.0 0.19533506
1.0 0.9933924
0.0 0.65071297
1.0 0.9955979
1.0 0.9965096
0.0 0.12660629
1.0 0.996407
1.0 0.9926906
0.0 0.19665389
0.0 0.23210698
1.0 0.9776863
1.0 0.9969813
1.0 0.9407031
1.0 0.98108256
1.0 0.9959906
1.0 0.98498094
1.0 0.98498094
