true vs pred:
1.0 0.9892792
1.0 0.9946247
1.0 0.9953955
0.0 0.13868976
1.0 0.9916148
0.0 0.01183906
0.0 0.0038074448
0.0 0.1351614
0.0 0.0036595094
0.0 0.9160395
0.0 0.008075884
0.0 0.0036264549
0.0 0.94516057
0.0 0.31074083
0.0 0.015489171
1.0 0.99781066
0.0 0.9160395
1.0 0.9896746
0.0 0.94516057
0.0 0.33404824
0.0 0.008075884
0.0 0.0064151543
0.0 0.003529595
0.0 0.1393442
0.0 0.0038074448
0.0 0.0034457047
0.0 0.015383097
0.0 0.8147985
1.0 0.9955218
1.0 0.9955218
1.0 0.99781066
0.0 0.0034547807
0.0 0.0045242184
0.0 0.20820625
0.0 0.011175928
0.0 0.003874454
0.0 0.01079189
0.0 0.0063160015
0.0 0.0035495395
0.0 0.0045242184
0.0 0.7578721
1.0 0.99757916
0.0 0.0040057003
0.0 0.015383097
0.0 0.030585332
0.0 0.31074083
0.0 0.93143415
0.0 0.0034547807
0.0 0.011175928
0.0 0.93143415
0.0 0.0037449668
0.0 0.011227169
0.0 0.9232867
0.0 0.03891357
0.0 0.015383097
0.0 0.20115547
0.0 0.40119964
1.0 0.9872088
1.0 0.9913413
0.0 0.0067707864
0.0 0.8026625
0.0 0.11696409
0.0 0.0063147508
0.0 0.014402588
0.0 0.13326226
1.0 0.9896746
0.0 0.7578721
0.0 0.31770962
0.0 0.0041073794
0.0 0.14364415
0.0 0.0038074448
0.0 0.8110177
0.0 0.94164526
1.0 0.99757916
0.0 0.8110177
0.0 0.76222974
0.0 0.0036595094
0.0 0.0067801564
1.0 0.99757916
0.0 0.014402588
0.0 0.0038618057
0.0 0.0034547807
0.0 0.82365507
0.0 0.003402769
0.0 0.93824095
0.0 0.17369534
0.0 0.1393442
0.0 0.0036595094
0.0 0.034067247
0.0 0.0040057003
1.0 0.98833025
1.0 0.9955114
1.0 0.9977717
0.0 0.31770962
1.0 0.99757916
1.0 0.9954455
0.0 0.034067247
1.0 0.98859894
0.0 0.77653337
1.0 0.9953767
0.0 0.76222974
1.0 0.9902906
0.0 0.034067247
0.0 0.010691432
0.0 0.01867086
0.0 0.0157558
0.0 0.012820387
0.0 0.25906444
1.0 0.9884338
0.0 0.38107914
1.0 0.997767
0.0 0.0037830523
0.0 0.82898504
0.0 0.40119964
0.0 0.0063160015
0.0 0.004049737
1.0 0.9916148
0.0 0.17369534
0.0 0.17369534
0.0 0.0041457694
0.0 0.0064151543
1.0 0.9913413
0.0 0.11696409
0.0 0.25906444
1.0 0.99781066
0.0 0.14364415
0.0 0.0034457047
1.0 0.9946247
0.0 0.0038618057
0.0 0.011244984
1.0 0.98859894
0.0 0.13326226
0.0 0.1351614
0.0 0.008075884
0.0 0.031405758
0.0 0.0063160015
0.0 0.003529595
1.0 0.9953955
0.0 0.0037449668
1.0 0.9978237
0.0 0.034934822
0.0 0.0063147508
1.0 0.9953767
0.0 0.82898504
0.0 0.0045242184
0.0 0.13526475
0.0 0.006933863
0.0 0.005541938
0.0 0.28534245
0.0 0.0041457694
1.0 0.9978193
0.0 0.8026625
0.0 0.0041457694
0.0 0.11696409
0.0 0.0067707864
0.0 0.93143415
0.0 0.005541938
0.0 0.13868976
0.0 0.0041457694
0.0 0.93025005
0.0 0.012820387
0.0 0.7578721
0.0 0.14894421
0.0 0.0157558
1.0 0.9953767
0.0 0.003773147
0.0 0.0034534186
0.0 0.21575172
0.0 0.019420618
0.0 0.0037830523
0.0 0.8026625
0.0 0.008075884
1.0 0.99757916
0.0 0.0034457047
0.0 0.014651823
0.0 0.1393442
0.0 0.14894421
0.0 0.0034457047
0.0 0.24307938
0.0 0.01003119
0.0 0.0036264549
0.0 0.029778702
0.0 0.0037449668
0.0 0.94516057
0.0 0.20115547
1.0 0.9902906
0.0 0.13326226
0.0 0.14894421
0.0 0.005541938
1.0 0.9872088
0.0 0.0045242184
0.0 0.034934822
1.0 0.9916148
1.0 0.99580294
0.0 0.006933863
0.0 0.0034534186
0.0 0.0041073794
1.0 0.99580294
0.0 0.011227169
0.0 0.031405758
0.0 0.0063147508
0.0 0.006277852
1.0 0.98859894
0.0 0.24307938
0.0 0.035106484
0.0 0.0033687938
0.0 0.8205649
0.0 0.0034547807
1.0 0.9955218
1.0 0.9916148
0.0 0.0063147508
0.0 0.0037884384
0.0 0.9160395
0.0 0.03891357
1.0 0.9896746
0.0 0.0067707864
0.0 0.82898504
0.0 0.003874454
0.0 0.25906444
0.0 0.012820387
0.0 0.31770962
0.0 0.011244984
0.0 0.25906444
0.0 0.19433855
1.0 0.9892792
1.0 0.99580294
0.0 0.003773147
0.0 0.0041073794
0.0 0.20115547
0.0 0.01393552
1.0 0.98858213
0.0 0.011164752
0.0 0.01079189
0.0 0.76222974
0.0 0.003402769
0.0 0.03039133
0.0 0.024026606
0.0 0.004049737
0.0 0.94083416
0.0 0.006277852
0.0 0.20513342
0.0 0.0038618057
1.0 0.9977717
0.0 0.1897972
0.0 0.024026606
1.0 0.99580294
0.0 0.029778702
0.0 0.93824095
0.0 0.0034457047
0.0 0.13868976
0.0 0.0041073794
0.0 0.01867086
0.0 0.0034547807
0.0 0.21769945
0.0 0.0040057003
1.0 0.9953955
0.0 0.94083416
1.0 0.9946247
0.0 0.11696409
1.0 0.9902906
0.0 0.016041372
1.0 0.9955147
0.0 0.011175928
0.0 0.20513342
1.0 0.9978193
0.0 0.01393552
0.0 0.0063147508
1.0 0.9978193
1.0 0.99580294
0.0 0.0064685717
1.0 0.99580294
0.0 0.0063147508
0.0 0.03891357
0.0 0.25957778
1.0 0.9955218
0.0 0.8147985
0.0 0.003960586
1.0 0.9872088
0.0 0.0041457694
0.0 0.004049737
0.0 0.25957778
0.0 0.0038892527
1.0 0.9954455
0.0 0.011227169
1.0 0.98858213
0.0 0.13771187
0.0 0.034934822
0.0 0.21769945
0.0 0.82365507
0.0 0.019420618
0.0 0.0037830523
0.0 0.31074083
1.0 0.9892792
1.0 0.99757916
0.0 0.006277852
0.0 0.8110177
0.0 0.01393552
0.0 0.19433855
0.0 0.76222974
1.0 0.9953955
0.0 0.0034547807
0.0 0.006933863
0.0 0.011227169
0.0 0.1393442
0.0 0.003773147
0.0 0.8026625
0.0 0.8147985
0.0 0.8110177
0.0 0.01079189
0.0 0.33404824
0.0 0.9232867
0.0 0.0041457694
0.0 0.003402769
1.0 0.99788
0.0 0.0034547807
0.0 0.011244984
0.0 0.93143415
0.0 0.01393552
0.0 0.012820387
0.0 0.76222974
1.0 0.9896746
0.0 0.008075884
0.0 0.0045242184
1.0 0.9896746
0.0 0.0064685717
0.0 0.0063147508
0.0 0.010446339
0.0 0.003529595
0.0 0.0038892527
1.0 0.9902906
0.0 0.25906444
0.0 0.01867086
0.0 0.77653337
1.0 0.9916148
1.0 0.9902906
0.0 0.0041073794
1.0 0.98859894
1.0 0.9978193
0.0 0.03891357
0.0 0.031405758
0.0 0.006933863
0.0 0.77653337
0.0 0.003529595
0.0 0.93202615
0.0 0.009209214
1.0 0.98833025
0.0 0.0067801564
0.0 0.01003119
0.0 0.25906444
1.0 0.9952356
1.0 0.9955147
0.0 0.0064685717
0.0 0.14364415
1.0 0.99757916
0.0 0.14894421
1.0 0.9977717
0.0 0.76222974
0.0 0.0037830523
0.0 0.0038074448
0.0 0.25906444
0.0 0.0157558
0.0 0.035106484
0.0 0.014402588
0.0 0.13868976
0.0 0.93202615
0.0 0.77653337
1.0 0.9913413
0.0 0.0064685717
0.0 0.014402588
1.0 0.9955147
0.0 0.17369534
0.0 0.0067707864
0.0 0.1897972
0.0 0.01079189
0.0 0.0044719577
0.0 0.33404824
0.0 0.0040553682
0.0 0.29202956
0.0 0.8205649
0.0 0.009209214
0.0 0.003529595
0.0 0.0033687938
0.0 0.035106484
1.0 0.997767
0.0 0.13326226
0.0 0.034934822
0.0 0.93143415
1.0 0.99580294
1.0 0.99757916
0.0 0.94164526
1.0 0.99788
0.0 0.015489171
0.0 0.93143415
1.0 0.9884338
1.0 0.9892792
0.0 0.0038074448
0.0 0.03891357
0.0 0.015383097
0.0 0.014651823
0.0 0.8147985
0.0 0.035106484
1.0 0.9955147
1.0 0.9955114
0.0 0.0034547807
0.0 0.0037830523
1.0 0.9952356
0.0 0.035106484
0.0 0.019420618
0.0 0.011175928
0.0 0.006933863
0.0 0.13326226
0.0 0.9160395
0.0 0.0033687938
0.0 0.0037884384
0.0 0.25957778
0.0 0.012820387
1.0 0.98833025
1.0 0.99718636
0.0 0.0040057003
0.0 0.031405758
1.0 0.99580294
0.0 0.003402769
0.0 0.011227169
1.0 0.9955147
0.0 0.0038074448
0.0 0.21769945
0.0 0.034934822
0.0 0.006933863
0.0 0.0036134855
1.0 0.9872088
1.0 0.98859894
0.0 0.0064151543
0.0 0.33404824
0.0 0.93202615
0.0 0.14364415
0.0 0.29202956
0.0 0.13868976
1.0 0.9896746
0.0 0.01393552
0.0 0.005541938
1.0 0.98859894
0.0 0.0045242184
0.0 0.003968438
0.0 0.13771187
1.0 0.9872088
0.0 0.31074083
0.0 0.003773147
0.0 0.0034534186
0.0 0.31074083
0.0 0.024026606
1.0 0.99781066
0.0 0.029778702
0.0 0.0037830523
0.0 0.77653337
0.0 0.015383097
0.0 0.035106484
0.0 0.0035495395
0.0 0.006933863
0.0 0.13868976
0.0 0.82365507
0.0 0.20820625
0.0 0.0041457694
0.0 0.012820387
1.0 0.9978237
0.0 0.010446339
0.0 0.17369534
1.0 0.98833025
0.0 0.77653337
0.0 0.11696409
1.0 0.98859894
0.0 0.31770962
0.0 0.0033687938
1.0 0.9902906
0.0 0.93143415
0.0 0.29202956
0.0 0.011244984
1.0 0.9892792
0.0 0.20115547
1.0 0.9978237
0.0 0.0036264549
0.0 0.019420618
0.0 0.011175928
0.0 0.030585332
0.0 0.0038892527
0.0 0.003968438
0.0 0.01079189
0.0 0.011244984
0.0 0.0307096
0.0 0.006933863
0.0 0.01003119
0.0 0.003968438
0.0 0.003402769
0.0 0.0031313435
1.0 0.9953767
0.0 0.77653337
0.0 0.0034547807
0.0 0.13868976
0.0 0.01183906
0.0 0.003874454
0.0 0.016041372
1.0 0.98833025
0.0 0.003968438
1.0 0.9978193
0.0 0.011244984
0.0 0.0037884384
0.0 0.0036595094
1.0 0.997767
0.0 0.93025005
0.0 0.0031313435
1.0 0.9913413
0.0 0.01393552
0.0 0.0307096
0.0 0.029778702
0.0 0.9160395
0.0 0.004049737
1.0 0.9954455
0.0 0.17369534
0.0 0.19433855
0.0 0.1393442
0.0 0.94164526
