true vs pred:
0.0 0.0021428373
0.0 0.0645897
0.0 0.29032388
0.0 0.037659477
0.0 0.005822769
0.0 0.523741
0.0 0.8047414
0.0 0.8476629
0.0 0.005581447
0.0 0.6098327
0.0 0.001977651
0.0 0.002094825
0.0 0.0059188297
0.0 0.0010700873
0.0 0.043328173
0.0 0.0019755352
0.0 0.0014683226
0.0 0.0645897
0.0 0.009007246
0.0 0.0017508616
1.0 0.9231239
0.0 0.043328173
0.0 0.534669
0.0 0.0645897
0.0 0.008632022
0.0 0.0019755352
0.0 0.001692927
0.0 0.0010524904
0.0 0.0059976513
0.0 0.002094825
0.0 0.0013989839
0.0 0.0016475838
0.0 0.03584057
0.0 0.83423173
0.0 0.83423173
1.0 0.9231239
0.0 0.0013963432
0.0 0.0023352792
0.0 0.31202427
0.0 0.001943027
0.0 0.001435226
0.0 0.0018747438
0.0 0.0016957241
0.0 0.0010438712
0.0 0.0023352792
0.0 0.028366376
1.0 0.9043548
0.0 0.0015563989
0.0 0.0016475838
0.0 0.001644812
0.0 0.009007246
0.0 0.053480893
0.0 0.0013963432
0.0 0.001943027
0.0 0.053480893
0.0 0.0014834858
0.0 0.0019353052
0.0 0.04500361
0.0 0.0018828687
0.0 0.0016475838
0.0 0.29200926
0.0 0.011823043
0.0 0.48954254
0.0 0.5841845
0.0 0.0017317241
0.0 0.033440057
0.0 0.0054038954
0.0 0.0016483746
0.0 0.0017325801
0.0 0.0059263925
0.0 0.534669
0.0 0.028366376
0.0 0.009134528
0.0 0.001157697
0.0 0.0063605565
0.0 0.002094825
0.0 0.034246705
0.0 0.060182467
1.0 0.9043548
0.0 0.034246705
0.0 0.027383042
0.0 0.0010700873
0.0 0.0017287221
1.0 0.9043548
0.0 0.0017325801
0.0 0.0015483977
0.0 0.0013963432
0.0 0.037659477
0.0 0.0019686045
0.0 0.05434026
0.0 0.0070976783
0.0 0.0059976513
0.0 0.0010700873
0.0 0.0017729349
0.0 0.0015563989
0.0 0.49758202
0.0 0.848038
1.0 0.92318517
0.0 0.009134528
1.0 0.9043548
0.0 0.83275044
0.0 0.0017729349
0.0 0.48314774
0.0 0.029240437
0.0 0.8416722
0.0 0.027383042
0.0 0.5560411
0.0 0.0017729349
0.0 0.0017545318
0.0 0.0020475842
0.0 0.0017728328
0.0 0.0015257043
0.0 0.35068682
0.0 0.49777997
0.0 0.011027172
1.0 0.9197851
0.0 0.0021428373
0.0 0.0355716
0.0 0.011823043
0.0 0.0016957241
0.0 0.0011572985
0.0 0.6098327
0.0 0.0070976783
0.0 0.0070976783
0.0 0.0023078863
0.0 0.001692927
0.0 0.5841845
0.0 0.0054038954
0.0 0.35068682
1.0 0.9231239
0.0 0.0063605565
0.0 0.0013989839
0.0 0.8047414
0.0 0.0015483977
0.0 0.001929518
0.0 0.48314774
0.0 0.0059263925
0.0 0.0059188297
0.0 0.0019755352
0.0 0.0016424075
0.0 0.0016957241
0.0 0.0010524904
0.0 0.8476629
0.0 0.0014834858
1.0 0.9256421
0.0 0.0017563641
0.0 0.0016483746
0.0 0.8416722
0.0 0.0355716
0.0 0.0023352792
0.0 0.0060049244
0.0 0.0016741968
0.0 0.0015602761
0.0 0.0082643805
0.0 0.0023078863
1.0 0.924647
0.0 0.033440057
0.0 0.0023078863
0.0 0.0054038954
0.0 0.0017317241
0.0 0.053480893
0.0 0.0015602761
0.0 0.005581447
0.0 0.0023078863
0.0 0.049803883
0.0 0.0015257043
0.0 0.028366376
0.0 0.0063440925
0.0 0.0017728328
0.0 0.8416722
0.0 0.002109491
0.0 0.0010324715
0.0 0.31735462
0.0 0.0020380449
0.0 0.0021428373
0.0 0.033440057
0.0 0.0019755352
1.0 0.9043548
0.0 0.0013989839
0.0 0.001709718
0.0 0.0059976513
0.0 0.0063440925
0.0 0.0013989839
0.0 0.35182142
0.0 0.0018470312
0.0 0.0014683226
0.0 0.001618385
0.0 0.0014834858
0.0 0.0645897
0.0 0.29200926
0.0 0.5560411
0.0 0.0059263925
0.0 0.0063440925
0.0 0.0015602761
0.0 0.48954254
0.0 0.0023352792
0.0 0.0017563641
0.0 0.6098327
0.0 0.8601719
0.0 0.0016741968
0.0 0.0010324715
0.0 0.001157697
0.0 0.8601719
0.0 0.0019353052
0.0 0.0016424075
0.0 0.0016483746
0.0 0.0016474867
0.0 0.48314774
0.0 0.35182142
0.0 0.0016555443
0.0 0.00097122806
0.0 0.037515815
0.0 0.0013963432
0.0 0.83423173
0.0 0.6098327
0.0 0.0016483746
0.0 0.0021251878
0.0 0.043328173
0.0 0.0018828687
0.0 0.534669
0.0 0.0017317241
0.0 0.0355716
0.0 0.001435226
0.0 0.35068682
0.0 0.0015257043
0.0 0.009134528
0.0 0.001929518
0.0 0.35068682
0.0 0.29855302
0.0 0.523741
0.0 0.8601719
0.0 0.002109491
0.0 0.001157697
0.0 0.29200926
0.0 0.0016695076
0.0 0.48955363
0.0 0.0019406583
0.0 0.0018747438
0.0 0.027383042
0.0 0.0019686045
0.0 0.00165012
0.0 0.0014523786
0.0 0.0011572985
0.0 0.058472134
0.0 0.0016474867
0.0 0.3067427
0.0 0.0015483977
1.0 0.92318517
0.0 0.29032388
0.0 0.0014523786
0.0 0.8601719
0.0 0.001618385
0.0 0.05434026
0.0 0.0013989839
0.0 0.005581447
0.0 0.001157697
0.0 0.0020475842
0.0 0.0013963432
0.0 0.3147717
0.0 0.0015563989
0.0 0.8476629
0.0 0.058472134
0.0 0.8047414
0.0 0.0054038954
0.0 0.5560411
0.0 0.0017973592
0.0 0.852099
0.0 0.001943027
0.0 0.3067427
1.0 0.924647
0.0 0.0016695076
0.0 0.0016483746
1.0 0.924647
0.0 0.8601719
0.0 0.00167525
0.0 0.8601719
0.0 0.0016483746
0.0 0.0018828687
0.0 0.007817165
0.0 0.83423173
0.0 0.03584057
0.0 0.0011444909
0.0 0.48954254
0.0 0.0023078863
0.0 0.0011572985
0.0 0.007817165
0.0 0.0015501553
0.0 0.83275044
0.0 0.0019353052
0.0 0.48955363
0.0 0.005822769
0.0 0.0017563641
0.0 0.3147717
0.0 0.037659477
0.0 0.0020380449
0.0 0.0021428373
0.0 0.009007246
0.0 0.523741
1.0 0.9043548
0.0 0.0016474867
0.0 0.034246705
0.0 0.0016695076
0.0 0.29855302
0.0 0.027383042
0.0 0.8476629
0.0 0.0013963432
0.0 0.0016741968
0.0 0.0019353052
0.0 0.0059976513
0.0 0.002109491
0.0 0.033440057
0.0 0.03584057
0.0 0.034246705
0.0 0.0018747438
0.0 0.008632022
0.0 0.04500361
0.0 0.0023078863
0.0 0.0019686045
1.0 0.93131393
0.0 0.0013963432
0.0 0.001929518
0.0 0.053480893
0.0 0.0016695076
0.0 0.0015257043
0.0 0.027383042
0.0 0.534669
0.0 0.0019755352
0.0 0.0023352792
0.0 0.534669
0.0 0.00167525
0.0 0.0016483746
0.0 0.0018508337
0.0 0.0010524904
0.0 0.0015501553
0.0 0.5560411
0.0 0.35068682
0.0 0.0020475842
0.0 0.029240437
0.0 0.6098327
0.0 0.5560411
0.0 0.001157697
0.0 0.48314774
1.0 0.924647
0.0 0.0018828687
0.0 0.0016424075
0.0 0.0016741968
0.0 0.029240437
0.0 0.0010524904
0.0 0.052328043
0.0 0.0016996281
0.0 0.49758202
0.0 0.0017287221
0.0 0.0018470312
0.0 0.35068682
0.0 0.8278708
0.0 0.852099
0.0 0.00167525
0.0 0.0063605565
1.0 0.9043548
0.0 0.0063440925
1.0 0.92318517
0.0 0.027383042
0.0 0.0021428373
0.0 0.002094825
0.0 0.35068682
0.0 0.0017728328
0.0 0.0016555443
0.0 0.0017325801
0.0 0.005581447
0.0 0.052328043
0.0 0.029240437
0.0 0.5841845
0.0 0.00167525
0.0 0.0017325801
0.0 0.852099
0.0 0.0070976783
0.0 0.0017317241
0.0 0.29032388
0.0 0.0018747438
0.0 0.0024685243
0.0 0.008632022
0.0 0.002284784
0.0 0.008579728
0.0 0.037515815
0.0 0.0016996281
0.0 0.0010524904
0.0 0.00097122806
0.0 0.0016555443
1.0 0.9197851
0.0 0.0059263925
0.0 0.0017563641
0.0 0.053480893
0.0 0.8601719
1.0 0.9043548
0.0 0.060182467
1.0 0.93131393
0.0 0.0017508616
0.0 0.053480893
0.0 0.49777997
0.0 0.523741
0.0 0.002094825
0.0 0.0018828687
0.0 0.0016475838
0.0 0.001709718
0.0 0.03584057
0.0 0.0016555443
0.0 0.852099
0.0 0.848038
0.0 0.0013963432
0.0 0.0021428373
0.0 0.8278708
0.0 0.0016555443
0.0 0.0020380449
0.0 0.001943027
0.0 0.0016741968
0.0 0.0059263925
0.0 0.043328173
0.0 0.00097122806
0.0 0.0021251878
0.0 0.007817165
0.0 0.0015257043
0.0 0.49758202
1.0 0.8850483
0.0 0.0015563989
0.0 0.0016424075
0.0 0.8601719
0.0 0.0019686045
0.0 0.0019353052
0.0 0.852099
0.0 0.002094825
0.0 0.3147717
0.0 0.0017563641
0.0 0.0016741968
0.0 0.0010884476
0.0 0.48954254
0.0 0.48314774
0.0 0.001692927
0.0 0.008632022
0.0 0.052328043
0.0 0.0063605565
0.0 0.008579728
0.0 0.005581447
0.0 0.534669
0.0 0.0016695076
0.0 0.0015602761
0.0 0.48314774
0.0 0.0023352792
0.0 0.0022348473
0.0 0.005822769
0.0 0.48954254
0.0 0.009007246
0.0 0.002109491
0.0 0.0010324715
0.0 0.009007246
0.0 0.0014523786
1.0 0.9231239
0.0 0.001618385
0.0 0.0021428373
0.0 0.029240437
0.0 0.0016475838
0.0 0.0016555443
0.0 0.0010438712
0.0 0.0016741968
0.0 0.005581447
0.0 0.037659477
0.0 0.31202427
0.0 0.0023078863
0.0 0.0015257043
1.0 0.9256421
0.0 0.0018508337
0.0 0.0070976783
0.0 0.49758202
0.0 0.029240437
0.0 0.0054038954
0.0 0.48314774
0.0 0.009134528
0.0 0.00097122806
0.0 0.5560411
0.0 0.053480893
0.0 0.008579728
0.0 0.001929518
0.0 0.523741
0.0 0.29200926
1.0 0.9256421
0.0 0.0014683226
0.0 0.0020380449
0.0 0.001943027
0.0 0.001644812
0.0 0.0015501553
0.0 0.0022348473
0.0 0.0018747438
0.0 0.001929518
0.0 0.001641811
0.0 0.0016741968
0.0 0.0018470312
0.0 0.0022348473
0.0 0.0019686045
0.0 0.0013061359
0.0 0.8416722
0.0 0.029240437
0.0 0.0013963432
0.0 0.005581447
0.0 0.001977651
0.0 0.001435226
0.0 0.0017973592
0.0 0.49758202
0.0 0.0022348473
1.0 0.924647
0.0 0.001929518
0.0 0.0021251878
0.0 0.0010700873
1.0 0.9197851
0.0 0.049803883
0.0 0.0013061359
0.0 0.5841845
0.0 0.0016695076
0.0 0.001641811
0.0 0.001618385
0.0 0.043328173
0.0 0.0011572985
