true vs pred:
0.0 0.3076578
0.0 0.09413845
0.0 0.0084801335
1.0 0.9978569
0.0 0.07410436
0.0 0.71504974
0.0 0.09095201
1.0 0.9994746
1.0 0.99450845
1.0 0.9995134
0.0 0.35987192
1.0 0.9987937
0.0 0.3090844
0.0 0.71504974
1.0 0.9946154
0.0 0.19375305
0.0 0.5848598
1.0 0.9995254
1.0 0.9995109
1.0 0.99930155
0.0 0.012225994
1.0 0.9979971
1.0 0.9992828
0.0 0.971404
1.0 0.99874616
0.0 0.34659636
0.0 0.016906708
0.0 0.00894414
0.0 0.895594
0.0 0.17820701
1.0 0.9989644
0.0 0.3248254
0.0 0.030938666
1.0 0.99852836
0.0 0.8807725
0.0 0.71504974
1.0 0.9992244
1.0 0.99873656
0.0 0.65632254
0.0 0.6975471
0.0 0.033530675
1.0 0.99951136
0.0 0.34659636
1.0 0.9994941
0.0 0.020562597
0.0 0.025017237
1.0 0.99951005
0.0 0.87747395
0.0 0.040532596
0.0 0.6741832
0.0 0.2053226
1.0 0.9975574
1.0 0.9987203
0.0 0.9726951
0.0 0.09211173
0.0 0.020562597
0.0 0.012032175
1.0 0.9994941
1.0 0.99874616
0.0 0.9726951
1.0 0.9987203
0.0 0.017426874
0.0 0.66507226
0.0 0.21261428
0.0 0.016705237
1.0 0.99881244
0.0 0.2543569
0.0 0.21261428
1.0 0.99873656
1.0 0.9991941
1.0 0.9975574
0.0 0.3076578
0.0 0.040532596
1.0 0.9987937
0.0 0.22927256
0.0 0.21261428
0.0 0.09413845
1.0 0.99852836
0.0 0.18049495
1.0 0.99874616
1.0 0.99950445
1.0 0.99945027
1.0 0.99446374
0.0 0.3076578
0.0 0.09211173
1.0 0.99881244
0.0 0.67851615
1.0 0.9995134
1.0 0.9945174
0.0 0.21261428
0.0 0.010596134
0.0 0.0084801335
0.0 0.080173664
1.0 0.9987953
0.0 0.09413845
1.0 0.99887687
1.0 0.99891555
0.0 0.9050669
1.0 0.99852836
0.0 0.97373927
1.0 0.9992828
1.0 0.999241
1.0 0.99891555
1.0 0.9994746
1.0 0.99930155
0.0 0.65632254
1.0 0.9992471
0.0 0.3248254
0.0 0.88941723
1.0 0.9987937
0.0 0.019773602
0.0 0.21261428
0.0 0.025017237
0.0 0.9793514
0.0 0.016835757
1.0 0.9992828
0.0 0.019773602
0.0 0.016835757
1.0 0.9992329
0.0 0.033530675
1.0 0.9994941
1.0 0.9978569
0.0 0.19562687
0.0 0.007214189
0.0 0.97896534
0.0 0.011887607
1.0 0.99925786
0.0 0.09217669
1.0 0.997408
0.0 0.37598073
0.0 0.029776966
1.0 0.9987203
1.0 0.999493
0.0 0.97373927
0.0 0.031670142
0.0 0.030122973
0.0 0.03647638
0.0 0.019773602
0.0 0.9726951
0.0 0.9726951
0.0 0.895594
0.0 0.011887607
1.0 0.9979971
0.0 0.017426874
0.0 0.010184078
1.0 0.99950445
0.0 0.2543569
0.0 0.0081151845
1.0 0.99370754
0.0 0.8807725
1.0 0.99925786
1.0 0.99298096
0.0 0.72782826
1.0 0.99446374
0.0 0.22927256
0.0 0.17820701
1.0 0.99930155
0.0 0.025017237
1.0 0.99450845
0.0 0.007214189
0.0 0.017426874
1.0 0.99950445
1.0 0.997985
1.0 0.9944583
1.0 0.9947686
1.0 0.99950445
0.0 0.030122973
0.0 0.65632254
0.0 0.008265936
0.0 0.35987192
1.0 0.9979206
1.0 0.99929297
0.0 0.008265936
0.0 0.008452019
0.0 0.34659636
0.0 0.016705237
1.0 0.99873656
0.0 0.08868619
0.0 0.6741832
0.0 0.030122973
0.0 0.6741832
0.0 0.008307438
1.0 0.9992329
1.0 0.9946154
1.0 0.99950445
1.0 0.9947686
1.0 0.9991941
1.0 0.9992329
0.0 0.97373927
0.0 0.09217669
0.0 0.34659636
0.0 0.017017482
1.0 0.9995254
0.0 0.029776966
0.0 0.012748458
0.0 0.9685014
0.0 0.72782826
1.0 0.9987203
0.0 0.8807725
1.0 0.997408
0.0 0.009686189
0.0 0.020562597
0.0 0.080173664
0.0 0.080173664
0.0 0.009369729
1.0 0.99925786
1.0 0.9947686
1.0 0.9987203
0.0 0.040532596
0.0 0.895594
0.0 0.40037948
0.0 0.017348949
0.0 0.3076578
0.0 0.34659636
0.0 0.22927256
0.0 0.012748458
1.0 0.999493
0.0 0.008265936
1.0 0.9994941
1.0 0.9987937
1.0 0.9992471
0.0 0.971404
0.0 0.017017482
0.0 0.008339874
0.0 0.19562687
1.0 0.9979206
0.0 0.017017482
1.0 0.9987953
0.0 0.17820701
1.0 0.99762565
1.0 0.997985
0.0 0.29661426
1.0 0.9944583
0.0 0.03647638
0.0 0.9050669
0.0 0.07410436
0.0 0.018944295
0.0 0.19562687
0.0 0.72782826
0.0 0.093274824
1.0 0.99951136
0.0 0.8807725
1.0 0.99770975
0.0 0.012032175
0.0 0.09678966
1.0 0.99951005
0.0 0.9793514
0.0 0.009873579
1.0 0.9987937
0.0 0.03647638
1.0 0.9975757
1.0 0.99930155
0.0 0.19901642
0.0 0.9793514
0.0 0.012032175
1.0 0.99446374
0.0 0.019773602
0.0 0.008307438
1.0 0.9975574
0.0 0.009686189
0.0 0.0081151845
0.0 0.018131698
0.0 0.9685014
0.0 0.65632254
0.0 0.030122973
0.0 0.017348949
1.0 0.9994941
0.0 0.012032175
0.0 0.009873579
0.0 0.0113761425
0.0 0.07410436
1.0 0.9945174
0.0 0.00894414
0.0 0.017017482
1.0 0.99951136
0.0 0.88941723
0.0 0.65632254
1.0 0.9953679
0.0 0.009369729
1.0 0.99298096
0.0 0.012225994
0.0 0.016705237
1.0 0.9992329
1.0 0.99950445
0.0 0.03647638
1.0 0.9987953
0.0 0.34659636
0.0 0.3490615
0.0 0.34659636
1.0 0.9979971
0.0 0.66507226
0.0 0.2543569
1.0 0.99450845
1.0 0.9944583
0.0 0.010184078
0.0 0.33888528
0.0 0.3090844
0.0 0.09413845
0.0 0.0084801335
0.0 0.031670142
1.0 0.9953679
0.0 0.017348949
0.0 0.031670142
0.0 0.010184078
0.0 0.975301
0.0 0.008339874
0.0 0.010596134
1.0 0.99770975
1.0 0.9953679
0.0 0.18049495
1.0 0.99399525
1.0 0.99881244
0.0 0.008307438
0.0 0.975301
1.0 0.9987203
1.0 0.99951136
1.0 0.99762565
0.0 0.2053226
1.0 0.99951005
0.0 0.08868619
0.0 0.017348949
0.0 0.6445234
0.0 0.080173664
0.0 0.009369729
1.0 0.9995134
1.0 0.99887687
0.0 0.971404
0.0 0.98146397
0.0 0.030122973
1.0 0.99762565
0.0 0.0081151845
1.0 0.9992471
0.0 0.033530675
0.0 0.17820701
0.0 0.8815112
0.0 0.6445234
1.0 0.9953679
0.0 0.8807725
0.0 0.09413845
0.0 0.09413845
0.0 0.6634704
0.0 0.09217669
0.0 0.6634704
1.0 0.99929297
1.0 0.9944583
0.0 0.33888528
1.0 0.99762565
0.0 0.008339874
0.0 0.19901642
0.0 0.017426874
1.0 0.99446374
0.0 0.971404
0.0 0.020562597
1.0 0.9946154
0.0 0.018944295
0.0 0.17820701
1.0 0.99370754
0.0 0.08868619
0.0 0.9726951
1.0 0.99887687
1.0 0.99370754
1.0 0.99930155
0.0 0.88603365
1.0 0.99925786
0.0 0.29661426
1.0 0.99399525
0.0 0.030122973
0.0 0.88941723
0.0 0.010184078
0.0 0.72782826
0.0 0.09211173
0.0 0.025017237
1.0 0.9992329
1.0 0.99298096
0.0 0.0081151845
1.0 0.99762565
0.0 0.017348949
1.0 0.99762565
0.0 0.6741832
1.0 0.997408
0.0 0.71504974
1.0 0.99930155
0.0 0.9726951
1.0 0.99926084
0.0 0.35987192
0.0 0.011887607
1.0 0.9947686
1.0 0.99762565
1.0 0.9987203
0.0 0.88941723
0.0 0.18111609
1.0 0.99874616
1.0 0.99887687
0.0 0.012032175
0.0 0.017426874
1.0 0.9992329
0.0 0.9050669
1.0 0.99887687
0.0 0.19901642
0.0 0.009686189
0.0 0.33888528
0.0 0.09678966
0.0 0.0081151845
0.0 0.6445234
1.0 0.99951005
1.0 0.9979971
0.0 0.09413845
0.0 0.09211173
0.0 0.8749953
0.0 0.87747395
0.0 0.37598073
1.0 0.9979215
0.0 0.72782826
1.0 0.99951136
0.0 0.029776966
0.0 0.895594
0.0 0.008339874
1.0 0.9953679
0.0 0.09678966
1.0 0.9992471
0.0 0.020562597
1.0 0.9987203
0.0 0.18111609
0.0 0.975301
0.0 0.19375305
0.0 0.018944295
0.0 0.6634704
0.0 0.3248254
1.0 0.99446374
0.0 0.21261428
0.0 0.0113761425
1.0 0.99399525
0.0 0.40037948
0.0 0.72782826
1.0 0.99770975
0.0 0.010596134
1.0 0.9987937
1.0 0.99450845
0.0 0.008265936
1.0 0.99929297
1.0 0.99881244
0.0 0.9050669
0.0 0.88941723
1.0 0.99930155
0.0 0.18111609
1.0 0.99891555
0.0 0.33888528
0.0 0.031670142
0.0 0.007214189
1.0 0.9992329
0.0 0.35987192
1.0 0.99945027
0.0 0.018944295
0.0 0.0113761425
0.0 0.9726951
0.0 0.2543569
1.0 0.997408
0.0 0.040532596
0.0 0.3490615
0.0 0.71504974
0.0 0.008452019
0.0 0.29661426
1.0 0.9991941
0.0 0.67851615
0.0 0.031670142
0.0 0.3490615
0.0 0.975301
0.0 0.9726951
1.0 0.9979215
0.0 0.29661426
1.0 0.99852836
0.0 0.017426874
0.0 0.6634704
0.0 0.3076578
1.0 0.99925786
1.0 0.99873656
1.0 0.99370754
1.0 0.9979206
1.0 0.99925786
1.0 0.99298096
1.0 0.9975574
0.0 0.09211173
1.0 0.99891555
0.0 0.009686189
1.0 0.9992244
1.0 0.9992329
0.0 0.40037948
0.0 0.030938666
0.0 0.008307438
1.0 0.9987953
0.0 0.975301
1.0 0.9945174
0.0 0.013099548
1.0 0.9992828
0.0 0.40037948
1.0 0.9987953
1.0 0.997408
0.0 0.19375305
1.0 0.9995134
1.0 0.9947686
0.0 0.008452019
1.0 0.9987203
0.0 0.09678966
0.0 0.018131698
0.0 0.3248254
1.0 0.9975574
0.0 0.011887607
1.0 0.9994941
1.0 0.99874616
1.0 0.99298096
1.0 0.9989644
0.0 0.019773602
0.0 0.007214189
0.0 0.971404
0.0 0.33888528
0.0 0.09095201
0.0 0.080173664
1.0 0.9994941
0.0 0.6445234
0.0 0.033530675
