true vs pred:
1.0 0.9999665
1.0 0.99998033
1.0 0.9999831
1.0 0.99998057
1.0 0.9999664
1.0 0.99997926
1.0 0.9999665
1.0 0.9999819
1.0 0.99997795
1.0 0.99998176
1.0 0.9999795
1.0 0.99998224
1.0 0.9999819
1.0 0.9999808
1.0 0.9999651
1.0 0.999979
1.0 0.9999819
1.0 0.99998283
1.0 0.99997926
1.0 0.9999826
1.0 0.9999808
1.0 0.99998057
1.0 0.99998236
1.0 0.99997854
1.0 0.99993944
1.0 0.9999788
1.0 0.99998057
1.0 0.9999801
1.0 0.99997365
1.0 0.9999651
1.0 0.9999807
1.0 0.9999825
1.0 0.9999765
1.0 0.99998116
1.0 0.9999808
1.0 0.9999813
1.0 0.9999682
1.0 0.9999765
1.0 0.99998164
1.0 0.9999759
1.0 0.99997795
1.0 0.9999789
1.0 0.9999814
1.0 0.99998283
1.0 0.99997735
1.0 0.9999801
1.0 0.9999664
1.0 0.99998116
1.0 0.9999809
1.0 0.99997926
1.0 0.9999831
1.0 0.99997807
1.0 0.9999819
1.0 0.9999788
1.0 0.9998691
1.0 0.9999784
1.0 0.99997926
1.0 0.99998176
1.0 0.99993944
1.0 0.9999732
1.0 0.99997365
1.0 0.99998176
1.0 0.99997985
1.0 0.9999825
1.0 0.99997926
1.0 0.9999696
1.0 0.9999534
1.0 0.9999665
1.0 0.9999831
1.0 0.99997735
1.0 0.99995685
1.0 0.99998057
1.0 0.9999682
1.0 0.9999827
1.0 0.9999813
1.0 0.9999534
1.0 0.99998176
1.0 0.9999819
1.0 0.9999807
1.0 0.999977
1.0 0.99997735
1.0 0.9999776
1.0 0.99998164
1.0 0.9999808
1.0 0.9999809
1.0 0.9999689
1.0 0.9999827
1.0 0.99997807
1.0 0.9999801
1.0 0.9999807
1.0 0.9999795
1.0 0.9999534
1.0 0.99998224
1.0 0.9999831
1.0 0.9999584
1.0 0.99997866
1.0 0.99996793
1.0 0.99995446
1.0 0.99998045
1.0 0.99998176
1.0 0.99998236
1.0 0.9999801
1.0 0.99998033
1.0 0.9999819
1.0 0.999982
1.0 0.9999753
1.0 0.99998105
1.0 0.9999814
1.0 0.9999783
1.0 0.99998045
1.0 0.999977
1.0 0.9999827
1.0 0.9999825
1.0 0.99998176
1.0 0.9999808
1.0 0.9999831
1.0 0.9999814
1.0 0.9999682
1.0 0.999977
1.0 0.99998116
1.0 0.9999826
1.0 0.9999534
1.0 0.99998236
1.0 0.9999765
1.0 0.9999825
1.0 0.99998057
1.0 0.99998236
1.0 0.99997735
1.0 0.999977
1.0 0.9999589
1.0 0.9999813
1.0 0.9999753
1.0 0.99997735
1.0 0.9999795
1.0 0.99998057
1.0 0.9999753
1.0 0.9999825
1.0 0.9999831
1.0 0.9999689
1.0 0.99998283
1.0 0.99997926
1.0 0.9999732
1.0 0.99998045
1.0 0.9999831
1.0 0.9999825
1.0 0.99998164
1.0 0.9999789
1.0 0.9999796
1.0 0.9999695
1.0 0.99995446
1.0 0.9999801
1.0 0.9999819
1.0 0.99998224
1.0 0.9999801
1.0 0.99997807
1.0 0.99998236
1.0 0.9999813
1.0 0.99993944
1.0 0.9999825
1.0 0.9999814
1.0 0.99995935
1.0 0.99995446
1.0 0.99998033
1.0 0.9999759
1.0 0.9999689
1.0 0.99998045
1.0 0.99997306
1.0 0.9999809
1.0 0.9999819
1.0 0.99998236
1.0 0.99997985
1.0 0.99998176
1.0 0.9999807
1.0 0.9999753
1.0 0.9999802
1.0 0.99995935
1.0 0.9999825
1.0 0.9999819
1.0 0.9999827
1.0 0.9999602
1.0 0.9999795
1.0 0.9999826
1.0 0.99997866
1.0 0.99997854
1.0 0.9999809
1.0 0.9999825
1.0 0.99997985
1.0 0.9999819
1.0 0.99998283
1.0 0.99998045
1.0 0.99997985
1.0 0.9999801
1.0 0.9999796
1.0 0.99998057
1.0 0.99996793
1.0 0.9999753
1.0 0.9999826
1.0 0.99997246
1.0 0.99998105
1.0 0.99998057
1.0 0.9999788
1.0 0.99997973
1.0 0.99998236
1.0 0.999977
1.0 0.99995446
1.0 0.9999809
1.0 0.99998057
1.0 0.99998057
1.0 0.9999827
1.0 0.9999796
1.0 0.9999788
1.0 0.9999808
1.0 0.9999825
1.0 0.9999664
1.0 0.9999689
1.0 0.99998105
1.0 0.9999813
1.0 0.99997795
1.0 0.99997926
1.0 0.9999802
1.0 0.9999808
1.0 0.99998057
1.0 0.99998236
1.0 0.9999652
1.0 0.99998176
1.0 0.99995935
1.0 0.99997306
1.0 0.99998283
1.0 0.99997795
1.0 0.9999813
1.0 0.99998236
1.0 0.9999784
1.0 0.9999813
1.0 0.9999809
1.0 0.9999689
1.0 0.99998224
1.0 0.9999814
1.0 0.99995685
1.0 0.9999776
1.0 0.99998164
1.0 0.99998164
1.0 0.9999825
1.0 0.99997926
1.0 0.9999589
1.0 0.9999602
1.0 0.99997735
1.0 0.9999697
1.0 0.99998164
1.0 0.99997294
1.0 0.9999602
1.0 0.99998295
1.0 0.9999808
1.0 0.9999809
1.0 0.9999809
1.0 0.9999813
1.0 0.99995446
1.0 0.99998116
1.0 0.9999801
1.0 0.9999808
1.0 0.99998116
1.0 0.99998224
1.0 0.9999652
1.0 0.9999813
1.0 0.99998045
1.0 0.99998176
1.0 0.99997854
1.0 0.99997735
1.0 0.9999827
1.0 0.9999809
1.0 0.9999825
1.0 0.99998057
1.0 0.9999697
1.0 0.99997795
1.0 0.99998164
1.0 0.99998033
1.0 0.9999682
1.0 0.99998295
1.0 0.99998236
1.0 0.9999808
1.0 0.9999813
1.0 0.9999819
1.0 0.9999831
1.0 0.9999722
1.0 0.99998057
1.0 0.99998176
1.0 0.9999802
1.0 0.99997807
1.0 0.99998164
1.0 0.9999831
1.0 0.9999801
1.0 0.9999809
1.0 0.9999808
1.0 0.99998164
1.0 0.9999814
1.0 0.9999536
1.0 0.999974
1.0 0.99998033
1.0 0.9999602
1.0 0.99996686
1.0 0.99998283
1.0 0.9999759
1.0 0.99998176
1.0 0.99998116
1.0 0.99998045
1.0 0.9999819
1.0 0.99998176
1.0 0.9999814
1.0 0.99998176
1.0 0.99997365
1.0 0.9999796
1.0 0.9999831
1.0 0.99998224
1.0 0.9999732
1.0 0.9999759
1.0 0.99998045
1.0 0.9999819
1.0 0.99996793
1.0 0.99998236
1.0 0.9999602
1.0 0.9999819
1.0 0.99997866
1.0 0.99998224
1.0 0.99998176
1.0 0.9999695
1.0 0.99995685
1.0 0.9999831
1.0 0.99997246
1.0 0.9999819
1.0 0.99998283
1.0 0.9999695
1.0 0.99998236
1.0 0.9999808
1.0 0.99998224
1.0 0.99998283
1.0 0.9999807
1.0 0.9999827
1.0 0.9999813
1.0 0.99998045
1.0 0.99997985
1.0 0.9999795
1.0 0.9999796
1.0 0.99997294
1.0 0.9999651
1.0 0.9999808
1.0 0.9999765
1.0 0.99998164
1.0 0.99996257
1.0 0.99998295
1.0 0.9999788
1.0 0.9999664
1.0 0.9999827
1.0 0.99998176
1.0 0.9999732
1.0 0.99998236
1.0 0.99998033
1.0 0.9999801
1.0 0.99998236
1.0 0.9999801
1.0 0.9999831
1.0 0.9999664
1.0 0.99998295
1.0 0.9999831
1.0 0.9999825
1.0 0.99998236
1.0 0.99998057
1.0 0.99997973
1.0 0.999974
1.0 0.99998045
1.0 0.99998176
1.0 0.99998236
1.0 0.9999682
1.0 0.99998236
1.0 0.99995446
1.0 0.99998224
1.0 0.9999759
1.0 0.9999789
1.0 0.999979
1.0 0.9999536
1.0 0.9999788
1.0 0.9999536
1.0 0.99998176
1.0 0.9999801
1.0 0.99991477
1.0 0.99998105
1.0 0.99998116
1.0 0.99998033
1.0 0.9999707
1.0 0.99997294
1.0 0.9999825
1.0 0.99998236
1.0 0.9999825
1.0 0.99998176
1.0 0.9999665
1.0 0.9999825
1.0 0.99998045
1.0 0.99996793
1.0 0.99993944
1.0 0.99998236
1.0 0.9999809
1.0 0.9999789
1.0 0.99998283
1.0 0.99997854
1.0 0.99998176
1.0 0.999977
1.0 0.9999801
1.0 0.9999584
1.0 0.9999825
1.0 0.99997365
1.0 0.9999826
1.0 0.9999789
1.0 0.99997985
1.0 0.99998176
1.0 0.99997854
1.0 0.9999802
1.0 0.9999788
1.0 0.99998116
1.0 0.9999664
1.0 0.9999819
1.0 0.99998057
1.0 0.9999784
1.0 0.99998224
1.0 0.99998236
1.0 0.9999536
1.0 0.9999825
1.0 0.9999825
1.0 0.99997866
1.0 0.99997735
1.0 0.9999826
1.0 0.9999809
1.0 0.9999651
1.0 0.9999825
1.0 0.99998057
1.0 0.99998164
1.0 0.999974
1.0 0.99993944
1.0 0.99998033
1.0 0.99995685
1.0 0.99996686
1.0 0.99996257
1.0 0.9999602
1.0 0.99997365
1.0 0.99998176
1.0 0.9999697
1.0 0.9999825
1.0 0.9999795
1.0 0.9999753
1.0 0.9999759
1.0 0.999977
1.0 0.9999801
1.0 0.9999831
1.0 0.9999809
1.0 0.99997294
1.0 0.9999831
1.0 0.9999788
1.0 0.9999808
1.0 0.99993944
1.0 0.9999802
1.0 0.99998295
1.0 0.9999825
1.0 0.99998116
1.0 0.9999602
1.0 0.9999813
1.0 0.99998057
1.0 0.99998236
1.0 0.99997866
1.0 0.9999788
1.0 0.9999759
1.0 0.99998224
1.0 0.9999589
1.0 0.999982
1.0 0.99997866
1.0 0.99998283
1.0 0.99997795
1.0 0.9999813
1.0 0.9999809
1.0 0.9999814
1.0 0.9998691
1.0 0.9999707
1.0 0.99998283
1.0 0.9999788
1.0 0.9999788
1.0 0.99996257
1.0 0.9999801
1.0 0.99996686
1.0 0.99997795
1.0 0.99998224
1.0 0.9999808
1.0 0.99998057
1.0 0.99995685
1.0 0.9999819
1.0 0.9999801
1.0 0.9999753
1.0 0.9999796
1.0 0.9999682
1.0 0.9999801
1.0 0.9999809
1.0 0.99998236
1.0 0.9999808
1.0 0.99998057
1.0 0.999974
1.0 0.9999814
1.0 0.99997735
1.0 0.9999808
1.0 0.9999651
1.0 0.99997926
1.0 0.9999696
1.0 0.99997795
1.0 0.99998224
1.0 0.99998164
1.0 0.99998105
1.0 0.9999819
1.0 0.9999814
1.0 0.9999825
1.0 0.99991477
1.0 0.9999789
1.0 0.9999827
1.0 0.999982
1.0 0.99997926
1.0 0.99997973
1.0 0.99996686
