true vs pred:
1.0 0.99999297
1.0 0.9999939
1.0 0.9999939
1.0 0.99999356
1.0 0.9999938
1.0 0.9999932
1.0 0.9999939
1.0 0.9999939
1.0 0.99999344
1.0 0.9999846
1.0 0.9999937
1.0 0.99998784
1.0 0.9999938
1.0 0.999461
1.0 0.9999937
1.0 0.9999939
1.0 0.99998784
1.0 0.99973387
1.0 0.99999404
1.0 0.99999404
1.0 0.9999895
1.0 0.9999939
1.0 0.9999938
1.0 0.9999938
1.0 0.9999939
1.0 0.99999356
1.0 0.99999297
1.0 0.99999404
1.0 0.99999404
1.0 0.99999404
1.0 0.99999166
1.0 0.9999939
1.0 0.9999939
1.0 0.9999908
1.0 0.9999939
1.0 0.9999918
1.0 0.9999938
1.0 0.9999937
1.0 0.9999938
1.0 0.9999938
1.0 0.99999404
1.0 0.9999933
1.0 0.9999933
1.0 0.9999938
1.0 0.9999933
1.0 0.9999938
1.0 0.99998045
1.0 0.9999939
1.0 0.9999919
1.0 0.9999937
1.0 0.9999937
1.0 0.99999356
1.0 0.9999938
1.0 0.9999939
1.0 0.9999871
1.0 0.99999356
1.0 0.99998784
1.0 0.9999939
1.0 0.9999908
1.0 0.9999856
1.0 0.9999926
1.0 0.9999927
1.0 0.99999404
1.0 0.9999939
1.0 0.9999937
1.0 0.999992
1.0 0.9999937
1.0 0.9999938
1.0 0.9999927
1.0 0.9999927
1.0 0.9999937
1.0 0.9999939
1.0 0.9999902
1.0 0.9999937
1.0 0.9999938
1.0 0.9999937
1.0 0.99999285
1.0 0.9999887
1.0 0.9999938
1.0 0.99999404
1.0 0.9999939
1.0 0.9999937
1.0 0.9999939
1.0 0.9999937
1.0 0.9999939
1.0 0.9999938
1.0 0.9999938
1.0 0.9999938
1.0 0.99989676
1.0 0.9999933
1.0 0.9997614
1.0 0.99999356
1.0 0.9999939
1.0 0.9999938
1.0 0.99998784
1.0 0.9999939
1.0 0.9999939
1.0 0.99973387
1.0 0.9999933
1.0 0.9999938
1.0 0.9999865
1.0 0.9999938
1.0 0.9999887
1.0 0.9999933
1.0 0.9999937
1.0 0.99998474
1.0 0.9999939
1.0 0.9999938
1.0 0.99999344
1.0 0.9999932
1.0 0.9990652
1.0 0.9999939
1.0 0.9999939
1.0 0.99998546
1.0 0.99999225
1.0 0.99999106
1.0 0.9999939
1.0 0.99999356
1.0 0.99999344
1.0 0.9999933
1.0 0.9999937
1.0 0.9999939
1.0 0.9999938
1.0 0.9999932
1.0 0.9997614
1.0 0.9999871
1.0 0.9999933
1.0 0.99999356
1.0 0.9999927
1.0 0.9999927
1.0 0.99999297
1.0 0.9999937
1.0 0.9996917
1.0 0.9999937
1.0 0.9999902
1.0 0.9999939
1.0 0.9999939
1.0 0.99999
1.0 0.9999856
1.0 0.9999937
1.0 0.9999865
1.0 0.9999937
1.0 0.9999937
1.0 0.9990652
1.0 0.9999939
1.0 0.9999939
1.0 0.9999939
1.0 0.9999937
1.0 0.9999846
1.0 0.99999356
1.0 0.999992
1.0 0.9999939
1.0 0.99999094
1.0 0.99999344
1.0 0.9999937
1.0 0.9999939
1.0 0.9999938
1.0 0.9999938
1.0 0.9999937
1.0 0.9999939
1.0 0.9999937
1.0 0.9999939
1.0 0.9999939
1.0 0.9999939
1.0 0.9999938
1.0 0.9999939
1.0 0.9999938
1.0 0.99999356
1.0 0.9999938
1.0 0.9999937
1.0 0.99999094
1.0 0.9999939
1.0 0.9999932
1.0 0.9999938
1.0 0.9999938
1.0 0.99999166
1.0 0.9999927
1.0 0.999461
1.0 0.9999939
1.0 0.9999939
1.0 0.9999939
1.0 0.9999938
1.0 0.99973387
1.0 0.9996917
1.0 0.9999932
1.0 0.9999931
1.0 0.99998546
1.0 0.99999344
1.0 0.9999938
1.0 0.9999895
1.0 0.9999939
1.0 0.9999932
1.0 0.9999938
1.0 0.9999937
1.0 0.99999404
1.0 0.9999938
1.0 0.9999895
1.0 0.99999404
1.0 0.9999933
1.0 0.9999938
1.0 0.99999356
1.0 0.99999404
1.0 0.9999865
1.0 0.9999932
1.0 0.99999225
1.0 0.9990652
1.0 0.99999297
1.0 0.99999
1.0 0.9999931
1.0 0.9999913
1.0 0.9999938
1.0 0.99999344
1.0 0.9999933
1.0 0.9999932
1.0 0.9999938
1.0 0.9999939
1.0 0.9999938
1.0 0.9999939
1.0 0.9999939
1.0 0.9999939
1.0 0.9999937
1.0 0.9999938
1.0 0.9999939
1.0 0.99999285
1.0 0.9999933
1.0 0.9999939
1.0 0.9999902
1.0 0.99999297
1.0 0.9998135
1.0 0.9999937
1.0 0.9999939
1.0 0.9999938
1.0 0.9999926
1.0 0.9999931
1.0 0.9999938
1.0 0.9999919
1.0 0.9999939
1.0 0.9999902
1.0 0.99968815
1.0 0.9999924
1.0 0.99999344
1.0 0.99999
1.0 0.999461
1.0 0.9999938
1.0 0.9999939
1.0 0.999992
1.0 0.9999933
1.0 0.9999938
1.0 0.9999924
1.0 0.9999871
1.0 0.9999913
1.0 0.9999931
1.0 0.99998474
1.0 0.9997614
1.0 0.9996917
1.0 0.9999937
1.0 0.99999225
1.0 0.9999895
1.0 0.9999832
1.0 0.9999913
1.0 0.9999938
1.0 0.9999933
1.0 0.9999932
1.0 0.9999938
1.0 0.9999933
1.0 0.9999938
1.0 0.9999931
1.0 0.99999344
1.0 0.9999902
1.0 0.9999887
1.0 0.99999344
1.0 0.9999933
1.0 0.99999
1.0 0.99999356
1.0 0.9999933
1.0 0.99999225
1.0 0.9999938
1.0 0.9999918
1.0 0.9999919
1.0 0.9999933
1.0 0.9999937
1.0 0.99973387
1.0 0.9999937
1.0 0.9998135
1.0 0.9999938
1.0 0.9999939
1.0 0.9999926
1.0 0.9999932
1.0 0.9999939
1.0 0.9999939
1.0 0.9999937
1.0 0.99999094
1.0 0.9999938
1.0 0.9999939
1.0 0.9999937
1.0 0.9999939
1.0 0.99998784
1.0 0.9999933
1.0 0.9999939
1.0 0.99999166
1.0 0.9999927
1.0 0.99999404
1.0 0.9999895
1.0 0.9999938
1.0 0.9999938
1.0 0.9999933
1.0 0.9999932
1.0 0.99999166
1.0 0.9999871
1.0 0.9999939
1.0 0.9999939
1.0 0.99999404
1.0 0.99999356
1.0 0.9999931
1.0 0.99999404
1.0 0.9999937
1.0 0.999992
1.0 0.99999297
1.0 0.9999931
1.0 0.9999938
1.0 0.99998045
1.0 0.9999938
1.0 0.9999926
1.0 0.99998784
1.0 0.99998784
1.0 0.9999939
1.0 0.9999938
1.0 0.99999297
1.0 0.9999937
1.0 0.9999939
1.0 0.9999939
1.0 0.99999297
1.0 0.9999937
1.0 0.9999908
1.0 0.9999937
1.0 0.9999931
1.0 0.9999926
1.0 0.9999924
1.0 0.9999938
1.0 0.99999297
1.0 0.9999939
1.0 0.9999939
1.0 0.9999902
1.0 0.9999938
1.0 0.9996917
1.0 0.99968815
1.0 0.9999937
1.0 0.9999933
1.0 0.9999938
1.0 0.9999937
1.0 0.9999938
1.0 0.9999856
1.0 0.99999356
1.0 0.9999933
1.0 0.99999297
1.0 0.9999938
1.0 0.999992
1.0 0.9999924
1.0 0.9999939
1.0 0.99999297
1.0 0.9999938
1.0 0.99999166
1.0 0.99999344
1.0 0.9999939
1.0 0.99989116
1.0 0.9999932
1.0 0.9999926
1.0 0.9990652
1.0 0.9999939
1.0 0.9999938
1.0 0.9999933
1.0 0.9999939
1.0 0.9999895
1.0 0.9999937
1.0 0.9999938
1.0 0.99999344
1.0 0.9999902
1.0 0.99998474
1.0 0.9999938
1.0 0.999992
1.0 0.9996917
1.0 0.9999937
1.0 0.99999285
1.0 0.9999938
1.0 0.99999344
1.0 0.99989676
1.0 0.99999344
1.0 0.9999932
1.0 0.9999937
1.0 0.9999933
1.0 0.9999938
1.0 0.9999937
1.0 0.99998987
1.0 0.99999404
1.0 0.9999937
1.0 0.9999926
1.0 0.9999939
1.0 0.9999938
1.0 0.9999938
1.0 0.9999937
1.0 0.9999937
1.0 0.9999937
1.0 0.9999938
1.0 0.9999939
1.0 0.9999939
1.0 0.9999939
1.0 0.9999939
1.0 0.9999938
1.0 0.99999297
1.0 0.9999937
1.0 0.9999937
1.0 0.99999356
1.0 0.99999404
1.0 0.9999938
1.0 0.99999344
1.0 0.9999939
1.0 0.9999938
1.0 0.9999926
1.0 0.99999344
1.0 0.9999939
1.0 0.9999933
1.0 0.9999938
1.0 0.99999225
1.0 0.9999931
1.0 0.9999939
1.0 0.999461
1.0 0.9999938
1.0 0.9999939
1.0 0.99999344
1.0 0.9999937
1.0 0.99999344
1.0 0.9999937
1.0 0.9999919
1.0 0.9999938
1.0 0.99973387
1.0 0.9999932
1.0 0.99999297
1.0 0.99999297
1.0 0.9999908
1.0 0.9999938
1.0 0.99986184
1.0 0.9999939
1.0 0.9999937
1.0 0.9999927
1.0 0.9999887
1.0 0.99998045
1.0 0.99999344
1.0 0.9999938
1.0 0.9999939
1.0 0.9999939
1.0 0.9999926
1.0 0.9999938
1.0 0.99999356
1.0 0.99999297
1.0 0.99989676
1.0 0.99999404
1.0 0.9999933
1.0 0.99999297
1.0 0.9999938
1.0 0.9999939
1.0 0.99999297
1.0 0.9999937
1.0 0.9999939
1.0 0.9999939
1.0 0.99986184
1.0 0.9999937
1.0 0.9999938
1.0 0.9999937
1.0 0.9999924
1.0 0.9999938
1.0 0.9999871
1.0 0.9999927
1.0 0.99999404
1.0 0.9999939
1.0 0.9999902
1.0 0.9999926
1.0 0.9999937
1.0 0.99999404
1.0 0.9999871
1.0 0.9999938
1.0 0.9999937
1.0 0.9990652
1.0 0.9999937
1.0 0.99999404
1.0 0.9999938
1.0 0.9999937
1.0 0.9999939
1.0 0.9999908
1.0 0.99998784
1.0 0.9999938
1.0 0.9999938
1.0 0.99999344
1.0 0.9999937
1.0 0.99998784
1.0 0.99973387
1.0 0.9999939
1.0 0.9999895
1.0 0.9999937
1.0 0.9999939
1.0 0.9999938
1.0 0.9999938
1.0 0.99999404
1.0 0.9999926
1.0 0.9999939
1.0 0.9999939
1.0 0.9999939
1.0 0.9999938
1.0 0.99999404
1.0 0.9999939
1.0 0.9998135
1.0 0.9999932
1.0 0.9999902
1.0 0.99998784
1.0 0.999992
1.0 0.9999939
1.0 0.9997614
1.0 0.9999939
1.0 0.9999939
1.0 0.9999938
1.0 0.99999344
