true vs pred:
1.0 0.9084616
1.0 0.9908585
1.0 0.9981109
1.0 0.99758756
0.0 0.2768563
1.0 0.9986179
1.0 0.99722975
1.0 0.9981408
0.0 0.30046898
0.0 0.12125919
1.0 0.9973929
0.0 0.16266707
1.0 0.987283
1.0 0.544601
1.0 0.9868421
1.0 0.97183484
1.0 0.92127454
1.0 0.9908585
1.0 0.9972485
1.0 0.99715495
1.0 0.99063605
1.0 0.9638892
1.0 0.98922706
1.0 0.9982141
0.0 0.12519959
0.0 0.17161633
1.0 0.9856959
1.0 0.9974022
1.0 0.9982141
1.0 0.9988739
1.0 0.9858996
1.0 0.9731045
1.0 0.99815434
0.0 0.2054033
1.0 0.99705875
0.0 0.34835804
1.0 0.9980052
1.0 0.9738945
1.0 0.99786
1.0 0.9969214
1.0 0.98529345
1.0 0.90586764
1.0 0.96961176
1.0 0.996971
1.0 0.5161856
1.0 0.9731045
1.0 0.99815434
1.0 0.99060947
1.0 0.9969374
1.0 0.98529345
0.0 0.32078212
1.0 0.9857399
1.0 0.99120706
0.0 0.12209036
1.0 0.99758756
1.0 0.9967629
0.0 0.13333514
1.0 0.9974051
1.0 0.99063605
1.0 0.9084616
1.0 0.90586764
1.0 0.99824893
1.0 0.99824893
1.0 0.9973929
1.0 0.99734455
1.0 0.99715257
0.0 0.16266707
1.0 0.9967629
1.0 0.9981109
1.0 0.5161856
0.0 0.3140676
1.0 0.99823916
0.0 0.13270697
1.0 0.9638892
1.0 0.9974051
1.0 0.99120706
1.0 0.9987882
1.0 0.9869963
1.0 0.99706984
1.0 0.9731045
1.0 0.9138141
0.0 0.3140676
1.0 0.9007186
1.0 0.9969214
1.0 0.99725777
1.0 0.9978644
1.0 0.9749888
1.0 0.9699201
1.0 0.98529345
1.0 0.99745303
1.0 0.9981408
1.0 0.9731045
1.0 0.99758756
1.0 0.9899455
1.0 0.9987263
1.0 0.5299351
0.0 0.1523788
1.0 0.9986179
1.0 0.99751735
1.0 0.9868421
1.0 0.9981109
1.0 0.9731045
1.0 0.92127454
1.0 0.97455615
1.0 0.9986364
1.0 0.9967367
1.0 0.99792516
1.0 0.99758756
1.0 0.99792516
1.0 0.99715495
0.0 0.3140676
0.0 0.1244421
1.0 0.9977393
1.0 0.997253
1.0 0.9988281
1.0 0.9980433
1.0 0.5513415
1.0 0.99722975
1.0 0.9977393
1.0 0.9980052
1.0 0.9979227
0.0 0.12638016
1.0 0.96961176
1.0 0.9138141
1.0 0.5161856
1.0 0.9981109
1.0 0.9969795
1.0 0.9969754
1.0 0.9980052
1.0 0.9905015
1.0 0.99831533
1.0 0.90586764
0.0 0.27011323
1.0 0.5161856
1.0 0.92127454
1.0 0.97183484
0.0 0.13333514
1.0 0.9699201
1.0 0.9986179
1.0 0.9842769
1.0 0.9967892
0.0 0.13307059
1.0 0.9007186
1.0 0.99815434
1.0 0.99780613
0.0 0.1244421
1.0 0.9380451
1.0 0.9749888
1.0 0.9858996
1.0 0.99681866
1.0 0.96961176
1.0 0.996971
1.0 0.9856026
1.0 0.99060947
1.0 0.9160112
0.0 0.13333514
1.0 0.9160112
1.0 0.9969754
1.0 0.9987263
0.0 0.14399935
1.0 0.9738945
1.0 0.97183484
1.0 0.99758756
1.0 0.9986364
0.0 0.12519959
1.0 0.99780613
1.0 0.99780613
1.0 0.99801326
1.0 0.9979227
1.0 0.9968857
1.0 0.9978644
1.0 0.9987962
1.0 0.58092433
0.0 0.2054033
1.0 0.99792516
1.0 0.51024073
1.0 0.9981109
1.0 0.9726867
1.0 0.96961176
1.0 0.99745303
1.0 0.9967629
1.0 0.5161856
1.0 0.91482586
1.0 0.991219
1.0 0.5640639
1.0 0.9857399
1.0 0.98922706
1.0 0.9982141
1.0 0.9980793
0.0 0.32078212
0.0 0.2954813
1.0 0.5590864
1.0 0.99722975
0.0 0.2054033
1.0 0.99705875
1.0 0.9967629
0.0 0.32078212
1.0 0.99792516
1.0 0.5640639
1.0 0.51024073
1.0 0.99120706
1.0 0.991219
0.0 0.13307059
0.0 0.1244421
0.0 0.114322506
1.0 0.99831533
1.0 0.99743736
1.0 0.9980234
1.0 0.9967892
1.0 0.9977393
1.0 0.9849914
1.0 0.99715495
1.0 0.9982141
1.0 0.99725777
1.0 0.51024073
0.0 0.33261654
1.0 0.9974022
1.0 0.99681854
1.0 0.9969374
1.0 0.9972898
1.0 0.99734455
1.0 0.9975731
1.0 0.99763024
1.0 0.99763024
1.0 0.99681854
1.0 0.9124077
1.0 0.9972721
1.0 0.99725777
0.0 0.12209036
1.0 0.99715257
1.0 0.99063605
1.0 0.9974051
1.0 0.92127454
0.0 0.114322506
0.0 0.34835804
1.0 0.9905015
1.0 0.9894148
1.0 0.9858452
1.0 0.9979227
1.0 0.997253
1.0 0.91482586
1.0 0.9980052
1.0 0.9987962
1.0 0.544601
1.0 0.9987882
0.0 0.114322506
1.0 0.99063605
1.0 0.9972485
1.0 0.9967892
1.0 0.99823916
0.0 0.3140676
1.0 0.9894148
1.0 0.5299351
1.0 0.9905015
1.0 0.9987263
1.0 0.9976866
1.0 0.99823916
1.0 0.996971
1.0 0.547855
1.0 0.9704155
0.0 0.30511594
1.0 0.9857399
1.0 0.9981408
1.0 0.997253
1.0 0.9981109
0.0 0.15925187
1.0 0.9988739
1.0 0.5299351
1.0 0.91482586
1.0 0.997253
1.0 0.9905015
1.0 0.9986442
1.0 0.99715495
1.0 0.9007186
1.0 0.996971
1.0 0.9968857
1.0 0.99120706
1.0 0.99063605
1.0 0.9007186
1.0 0.9969374
1.0 0.5513415
1.0 0.9981109
1.0 0.9980234
0.0 0.17161633
1.0 0.9986179
1.0 0.9980433
1.0 0.99715257
1.0 0.9987263
0.0 0.3140676
1.0 0.9969374
0.0 0.33261654
1.0 0.9987263
1.0 0.9979842
1.0 0.9969214
1.0 0.9981408
1.0 0.9704155
1.0 0.9976866
1.0 0.9905015
1.0 0.99817276
1.0 0.5640639
1.0 0.544601
1.0 0.9972721
1.0 0.9969214
0.0 0.16266707
1.0 0.96961176
1.0 0.9908585
1.0 0.9967367
1.0 0.9979842
1.0 0.9858996
1.0 0.91482586
1.0 0.9638892
1.0 0.9842769
1.0 0.9749888
1.0 0.9894148
1.0 0.99715495
1.0 0.9894148
1.0 0.99743736
1.0 0.58092433
1.0 0.99063605
1.0 0.5299351
0.0 0.12638016
0.0 0.12519959
1.0 0.9969374
0.0 0.1244421
1.0 0.99688536
0.0 0.1523788
1.0 0.9899455
1.0 0.99060947
0.0 0.34835804
1.0 0.9731045
1.0 0.9905015
1.0 0.9971137
1.0 0.99786
1.0 0.9894148
1.0 0.997253
0.0 0.27011323
1.0 0.9157786
1.0 0.96961176
0.0 0.2954813
1.0 0.9738945
1.0 0.9007186
1.0 0.9980793
1.0 0.9726867
1.0 0.99734455
1.0 0.9967367
1.0 0.9981408
1.0 0.90586764
0.0 0.15925187
1.0 0.99681866
1.0 0.99687636
1.0 0.9980793
1.0 0.5590864
1.0 0.99831533
1.0 0.9849914
1.0 0.99758756
1.0 0.9969754
1.0 0.99743736
1.0 0.9987962
1.0 0.99745303
1.0 0.96961176
1.0 0.9977393
1.0 0.9160112
1.0 0.99801326
1.0 0.9969374
1.0 0.9731045
1.0 0.99687636
1.0 0.58092433
1.0 0.9749888
1.0 0.9981109
1.0 0.9981109
1.0 0.9749888
1.0 0.99681866
1.0 0.99687636
1.0 0.9987263
1.0 0.99060947
1.0 0.99763024
1.0 0.9969795
1.0 0.9987263
1.0 0.9987882
1.0 0.9967892
0.0 0.1244421
0.0 0.12125919
1.0 0.9981408
1.0 0.9987882
1.0 0.99681866
1.0 0.9967367
1.0 0.9982141
1.0 0.9987263
1.0 0.99715495
1.0 0.9157786
1.0 0.9978644
0.0 0.13333514
1.0 0.99715495
1.0 0.9969374
1.0 0.9858452
1.0 0.99715257
0.0 0.17161633
0.0 0.12125919
1.0 0.99743736
1.0 0.9980052
1.0 0.9987962
1.0 0.9856026
1.0 0.9858996
1.0 0.99725777
1.0 0.9969214
1.0 0.9905015
1.0 0.99823916
1.0 0.99706984
1.0 0.99817276
1.0 0.9988739
1.0 0.991219
1.0 0.58092433
0.0 0.12125919
1.0 0.9007186
1.0 0.97183484
1.0 0.98529345
1.0 0.91482586
1.0 0.9857399
1.0 0.9858996
0.0 0.32078212
0.0 0.12519959
1.0 0.9986442
1.0 0.9849914
1.0 0.5640639
0.0 0.1391747
0.0 0.12519959
1.0 0.9738945
1.0 0.9899455
0.0 0.12519959
1.0 0.9380451
1.0 0.9969795
1.0 0.99745303
1.0 0.5299351
1.0 0.9738945
0.0 0.2768563
1.0 0.99743736
1.0 0.99745303
1.0 0.9980433
0.0 0.13270697
1.0 0.997253
1.0 0.51024073
1.0 0.9894148
0.0 0.2054033
1.0 0.99745303
1.0 0.99786
1.0 0.91482586
1.0 0.9986179
1.0 0.9638892
1.0 0.9857399
0.0 0.2054033
1.0 0.99763024
1.0 0.99688536
0.0 0.13333514
0.0 0.16266707
1.0 0.9980234
1.0 0.9731045
0.0 0.1244421
1.0 0.9894148
1.0 0.9849914
1.0 0.99060947
1.0 0.97183484
1.0 0.544601
0.0 0.1523788
1.0 0.51024073
1.0 0.9856026
1.0 0.99687636
1.0 0.99687636
1.0 0.99831533
1.0 0.5161856
0.0 0.33261654
1.0 0.58092433
0.0 0.114322506
0.0 0.113461226
1.0 0.58092433
1.0 0.99801326
1.0 0.99734455
1.0 0.991219
1.0 0.9981408
1.0 0.99681866
1.0 0.5161856
1.0 0.9974022
1.0 0.9967367
1.0 0.99792516
1.0 0.99715257
1.0 0.9699201
1.0 0.9975731
1.0 0.998004
1.0 0.91482586
0.0 0.2054033
1.0 0.9988739
1.0 0.9858452
1.0 0.99722975
1.0 0.99743736
1.0 0.9973145
1.0 0.9971137
1.0 0.9157786
0.0 0.15925187
1.0 0.9988281
1.0 0.9982141
1.0 0.547855
0.0 0.113461226
1.0 0.9869963
1.0 0.9982141
1.0 0.99831533
1.0 0.997253
0.0 0.2954813
1.0 0.9972721
1.0 0.99120706
1.0 0.9972485
1.0 0.9731045
0.0 0.13307059
0.0 0.14967707
1.0 0.96961176
1.0 0.99763024
0.0 0.12519959
1.0 0.99715495
0.0 0.30046898
1.0 0.9160112
0.0 0.15587918
1.0 0.99817276
