true vs pred:
1.0 0.99973434
1.0 0.99998784
1.0 0.99997437
1.0 0.9999207
1.0 0.9999889
1.0 0.9999751
1.0 0.9999888
1.0 0.99973434
1.0 0.9999871
1.0 0.99998736
1.0 0.99997425
1.0 0.9999851
1.0 0.9999865
1.0 0.99997294
1.0 0.9999832
1.0 0.9999541
1.0 0.9999702
1.0 0.99994314
1.0 0.99998844
1.0 0.99998784
1.0 0.99998677
1.0 0.9999876
1.0 0.9999851
1.0 0.99995196
1.0 0.9998996
1.0 0.99998665
1.0 0.99998856
1.0 0.99998736
1.0 0.9999875
1.0 0.9999889
1.0 0.99998343
1.0 0.99998844
1.0 0.9999851
1.0 0.9998229
1.0 0.99998343
1.0 0.9999863
1.0 0.9999751
1.0 0.99998784
1.0 0.9999869
1.0 0.9999696
1.0 0.9999876
1.0 0.99998784
1.0 0.99998844
1.0 0.9999707
1.0 0.9999707
1.0 0.99996257
1.0 0.99997973
1.0 0.99996936
1.0 0.99998665
1.0 0.9999379
1.0 0.9999379
1.0 0.99998367
1.0 0.9998233
1.0 0.9999876
1.0 0.99998784
1.0 0.99998486
1.0 0.99996734
1.0 0.9999776
1.0 0.9999763
1.0 0.99997914
1.0 0.99998856
1.0 0.9998229
1.0 0.99998343
1.0 0.9999672
1.0 0.99994767
1.0 0.99996805
1.0 0.999979
1.0 0.99994314
1.0 0.9999832
1.0 0.99998856
1.0 0.9999485
1.0 0.99998796
1.0 0.9998996
1.0 0.9999379
1.0 0.9999763
1.0 0.9999864
1.0 0.9999888
1.0 0.9999627
1.0 0.99997365
1.0 0.99998677
1.0 0.9999707
1.0 0.9999832
1.0 0.9999851
1.0 0.9999056
1.0 0.999987
1.0 0.99998784
1.0 0.9999206
1.0 0.99998677
1.0 0.9999627
1.0 0.9999877
1.0 0.99998736
1.0 0.9999887
1.0 0.99998724
1.0 0.99998486
1.0 0.99998784
1.0 0.99998665
1.0 0.9999651
1.0 0.99997437
1.0 0.99997425
1.0 0.99998486
1.0 0.9999702
1.0 0.9999757
1.0 0.9999651
1.0 0.99998724
1.0 0.9999864
1.0 0.99994314
1.0 0.9998802
1.0 0.9999746
1.0 0.9999672
1.0 0.99998856
1.0 0.99998784
1.0 0.9998802
1.0 0.99998856
1.0 0.9999887
1.0 0.9998435
1.0 0.9999746
1.0 0.99997365
1.0 0.9999751
1.0 0.99994767
1.0 0.99998784
1.0 0.99998856
1.0 0.99996936
1.0 0.9998356
1.0 0.99997437
1.0 0.9998246
1.0 0.9999877
1.0 0.99996257
1.0 0.9999876
1.0 0.9999672
1.0 0.9999696
1.0 0.9999833
1.0 0.9998802
1.0 0.99998415
1.0 0.99998784
1.0 0.99998784
1.0 0.99994767
1.0 0.9999707
1.0 0.99996567
1.0 0.99997795
1.0 0.99998534
1.0 0.9998356
1.0 0.9998246
1.0 0.99998224
1.0 0.99997914
1.0 0.9999876
1.0 0.99998844
1.0 0.9999776
1.0 0.99998486
1.0 0.9999876
1.0 0.9999865
1.0 0.9999696
1.0 0.9999198
1.0 0.99996257
1.0 0.9998116
1.0 0.999979
1.0 0.99998677
1.0 0.9999877
1.0 0.99998343
1.0 0.9999876
1.0 0.99998343
1.0 0.9998802
1.0 0.99995196
1.0 0.99998283
1.0 0.9999889
1.0 0.9999876
1.0 0.9999877
1.0 0.9999795
1.0 0.99998784
1.0 0.99997365
1.0 0.9999851
1.0 0.9999056
1.0 0.99996805
1.0 0.9999865
1.0 0.9999869
1.0 0.99998486
1.0 0.9999875
1.0 0.9999877
1.0 0.99997866
1.0 0.9999871
1.0 0.9999672
1.0 0.99997795
1.0 0.99998724
1.0 0.99996805
1.0 0.99996805
1.0 0.9999201
1.0 0.9998356
1.0 0.99998486
1.0 0.99998784
1.0 0.99998367
1.0 0.9999795
1.0 0.99998665
1.0 0.9999833
1.0 0.99998534
1.0 0.9999876
1.0 0.9998356
1.0 0.999987
1.0 0.9999883
1.0 0.99997914
1.0 0.99997723
1.0 0.99998856
1.0 0.99997306
1.0 0.9999888
1.0 0.9999651
1.0 0.99997437
1.0 0.9999751
1.0 0.99998367
1.0 0.99998784
1.0 0.9999877
1.0 0.99998343
1.0 0.99997795
1.0 0.99998224
1.0 0.9999889
1.0 0.9999887
1.0 0.99991465
1.0 0.99998367
1.0 0.99998736
1.0 0.9999876
1.0 0.9999865
1.0 0.99998665
1.0 0.9999877
1.0 0.99997365
1.0 0.9999207
1.0 0.9999795
1.0 0.9999876
1.0 0.9999795
1.0 0.9998356
1.0 0.9999651
1.0 0.9999379
1.0 0.9998996
1.0 0.99996734
1.0 0.9998435
1.0 0.9999056
1.0 0.9999702
1.0 0.99996257
1.0 0.9999871
1.0 0.99998724
1.0 0.9999883
1.0 0.9999888
1.0 0.99996936
1.0 0.99998224
1.0 0.9999751
1.0 0.9999757
1.0 0.9999889
1.0 0.99997914
1.0 0.9999876
1.0 0.9999889
1.0 0.99996734
1.0 0.9999844
1.0 0.99996257
1.0 0.99998796
1.0 0.9999795
1.0 0.99998784
1.0 0.99998796
1.0 0.9999876
1.0 0.99991465
1.0 0.9999832
1.0 0.9999863
1.0 0.99994767
1.0 0.99997365
1.0 0.9998087
1.0 0.99998844
1.0 0.99997437
1.0 0.999979
1.0 0.9999871
1.0 0.9998802
1.0 0.99996734
1.0 0.9999876
1.0 0.9999201
1.0 0.9999751
1.0 0.99998677
1.0 0.9998087
1.0 0.99997365
1.0 0.9999869
1.0 0.9999485
1.0 0.99998665
1.0 0.99998796
1.0 0.99998415
1.0 0.99998844
1.0 0.999979
1.0 0.9997396
1.0 0.99998796
1.0 0.9999871
1.0 0.99997437
1.0 0.99998486
1.0 0.99997365
1.0 0.9999198
1.0 0.9999869
1.0 0.9999776
1.0 0.9999871
1.0 0.99998736
1.0 0.9999862
1.0 0.9998246
1.0 0.9998356
1.0 0.99998784
1.0 0.9999746
1.0 0.99996567
1.0 0.99998844
1.0 0.99998856
1.0 0.99998367
1.0 0.9999541
1.0 0.9998087
1.0 0.9999833
1.0 0.99994314
1.0 0.9998356
1.0 0.999979
1.0 0.999984
1.0 0.9999707
1.0 0.9999851
1.0 0.999987
1.0 0.99998486
1.0 0.9999876
1.0 0.99997866
1.0 0.9999851
1.0 0.99997306
1.0 0.99997723
1.0 0.99998283
1.0 0.9998229
1.0 0.99998784
1.0 0.9999871
1.0 0.9999757
1.0 0.9997806
1.0 0.999984
1.0 0.99998343
1.0 0.999987
1.0 0.9999865
1.0 0.99997854
1.0 0.99998844
1.0 0.9999875
1.0 0.9999832
1.0 0.9998116
1.0 0.9999795
1.0 0.9999851
1.0 0.99998856
1.0 0.9999751
1.0 0.99996567
1.0 0.9999672
1.0 0.9999751
1.0 0.9999876
1.0 0.99998665
1.0 0.9999107
1.0 0.9999201
1.0 0.9999746
1.0 0.9999207
1.0 0.9999707
1.0 0.99997437
1.0 0.9999702
1.0 0.9999707
1.0 0.99995196
1.0 0.99998844
1.0 0.9999877
1.0 0.9999863
1.0 0.9999379
1.0 0.9999751
1.0 0.99991465
1.0 0.999979
1.0 0.9999883
1.0 0.9999883
1.0 0.9999889
1.0 0.9999627
1.0 0.99998665
1.0 0.99996734
1.0 0.9999056
1.0 0.99996805
1.0 0.99998486
1.0 0.9999207
1.0 0.99997914
1.0 0.99997854
1.0 0.9999851
1.0 0.9999887
1.0 0.9999862
1.0 0.9999763
1.0 0.9999763
1.0 0.9999472
1.0 0.9998435
1.0 0.99998724
1.0 0.9999876
1.0 0.9999541
1.0 0.9999851
1.0 0.99998367
1.0 0.99997365
1.0 0.99994314
1.0 0.9999887
1.0 0.9999746
1.0 0.9998087
1.0 0.9999472
1.0 0.99994314
1.0 0.999987
1.0 0.9998246
1.0 0.99998367
1.0 0.99998486
1.0 0.99998534
1.0 0.99996936
1.0 0.9999757
1.0 0.99997973
1.0 0.99997795
1.0 0.9999833
1.0 0.9999876
1.0 0.9999757
1.0 0.9999207
1.0 0.999979
1.0 0.9999485
1.0 0.99998343
1.0 0.9999672
1.0 0.9998802
1.0 0.99998367
1.0 0.9999751
1.0 0.9999206
1.0 0.9999876
1.0 0.99997294
1.0 0.9999201
1.0 0.99996734
1.0 0.9999889
1.0 0.9999889
1.0 0.9999865
1.0 0.999984
1.0 0.9999716
1.0 0.9999707
1.0 0.999987
1.0 0.9999833
1.0 0.99998844
1.0 0.99998665
1.0 0.99998486
1.0 0.99997437
1.0 0.9999746
1.0 0.9999889
1.0 0.9998996
1.0 0.99997854
1.0 0.9999107
1.0 0.9999517
1.0 0.9998087
1.0 0.9999883
1.0 0.9998229
1.0 0.99996805
1.0 0.9999707
1.0 0.9999871
1.0 0.9998356
1.0 0.99998677
1.0 0.999987
1.0 0.9999672
1.0 0.9999757
1.0 0.99997914
1.0 0.99998784
1.0 0.99997795
1.0 0.9998246
1.0 0.99996567
1.0 0.99998367
1.0 0.99998343
1.0 0.99998844
1.0 0.9999707
1.0 0.99998856
1.0 0.99998784
1.0 0.99998534
1.0 0.9999883
1.0 0.999987
1.0 0.9998116
1.0 0.99991465
1.0 0.9999876
1.0 0.99998784
1.0 0.99998736
1.0 0.99998665
1.0 0.99997723
1.0 0.99998844
1.0 0.9998435
1.0 0.99998534
1.0 0.99994767
1.0 0.9999862
1.0 0.9999207
1.0 0.9999871
1.0 0.9999889
1.0 0.9999206
1.0 0.99996734
1.0 0.9998996
1.0 0.99997365
1.0 0.99998856
1.0 0.99998856
1.0 0.9999107
1.0 0.9999713
1.0 0.99998844
1.0 0.99997365
1.0 0.9999888
1.0 0.99998486
1.0 0.9999696
1.0 0.9999871
1.0 0.9999198
1.0 0.99998486
1.0 0.9999751
1.0 0.99997294
1.0 0.9999876
1.0 0.999979
1.0 0.9999716
1.0 0.99997866
1.0 0.99998784
1.0 0.99996734
1.0 0.9999876
1.0 0.99998224
1.0 0.99997854
1.0 0.99998283
1.0 0.9999379
1.0 0.99997866
1.0 0.9998233
1.0 0.999984
1.0 0.9999865
1.0 0.999987
1.0 0.99997294
1.0 0.99996567
1.0 0.9999201
1.0 0.99996567
1.0 0.99998343
1.0 0.99998677
1.0 0.99998486
1.0 0.9999746
1.0 0.999949
1.0 0.99998856
1.0 0.9999702
1.0 0.9999889
1.0 0.99998367
1.0 0.9999883
1.0 0.99998856
1.0 0.9998087
1.0 0.9999871
