true vs pred:
1.0 0.99997425
1.0 0.99998724
1.0 0.9999908
1.0 0.9998715
1.0 0.9998733
1.0 0.9999386
1.0 0.999972
1.0 0.9999926
1.0 0.9999924
1.0 0.9999896
1.0 0.9999752
1.0 0.99999166
1.0 0.9998535
1.0 0.9999926
1.0 0.99999225
1.0 0.99997735
1.0 0.9999399
1.0 0.99996424
1.0 0.9999771
1.0 0.9999871
1.0 0.999977
1.0 0.9999652
1.0 0.99999285
1.0 0.9999461
1.0 0.9999845
1.0 0.99998224
1.0 0.9999926
1.0 0.9999876
1.0 0.99989057
1.0 0.9999875
1.0 0.99997663
1.0 0.99998975
1.0 0.9998442
1.0 0.9999908
1.0 0.99999166
1.0 0.9999747
1.0 0.9998877
1.0 0.99999285
1.0 0.9999896
1.0 0.99998295
1.0 0.9999927
1.0 0.99997425
1.0 0.9999652
1.0 0.9999778
1.0 0.9998467
1.0 0.99999285
1.0 0.9999757
1.0 0.9998733
1.0 0.9999399
1.0 0.9998796
1.0 0.9999896
1.0 0.99998224
1.0 0.99999034
1.0 0.9999609
1.0 0.9998535
1.0 0.99997425
1.0 0.99998736
1.0 0.9999926
1.0 0.9999752
1.0 0.99999285
1.0 0.999977
1.0 0.9998828
1.0 0.9997874
1.0 0.9998715
1.0 0.99981993
1.0 0.9999629
1.0 0.9998442
1.0 0.9998722
1.0 0.9998877
1.0 0.9999629
1.0 0.9999912
1.0 0.99997497
1.0 0.9999926
1.0 0.9999926
1.0 0.9998344
1.0 0.9999924
1.0 0.9999752
1.0 0.99999166
1.0 0.99982786
1.0 0.99993443
1.0 0.9998467
1.0 0.9999839
1.0 0.9999788
1.0 0.9998344
1.0 0.99997866
1.0 0.9999845
1.0 0.9999896
1.0 0.9999912
1.0 0.99999166
1.0 0.9999378
1.0 0.9999757
1.0 0.9999386
1.0 0.99998736
1.0 0.9999926
1.0 0.99998605
1.0 0.99999285
1.0 0.9999925
1.0 0.9999896
1.0 0.99999225
1.0 0.9998344
1.0 0.9999621
1.0 0.99997544
1.0 0.99999285
1.0 0.99999285
1.0 0.9999924
1.0 0.99999297
1.0 0.9999802
1.0 0.99996424
1.0 0.999972
1.0 0.9999609
1.0 0.9999896
1.0 0.9999845
1.0 0.9999409
1.0 0.9999914
1.0 0.99992025
1.0 0.9999896
1.0 0.9999926
1.0 0.9999802
1.0 0.9999912
1.0 0.9999871
1.0 0.99997497
1.0 0.99998736
1.0 0.9999386
1.0 0.9999747
1.0 0.9999896
1.0 0.9998467
1.0 0.9999918
1.0 0.9999851
1.0 0.9999876
1.0 0.9998344
1.0 0.999972
1.0 0.99999285
1.0 0.99997497
1.0 0.9999875
1.0 0.999972
1.0 0.99999166
1.0 0.9999918
1.0 0.99978834
1.0 0.9999778
1.0 0.9999914
1.0 0.99999034
1.0 0.9999771
1.0 0.9999875
1.0 0.9999914
1.0 0.99996006
1.0 0.99997544
1.0 0.9999926
1.0 0.9999702
1.0 0.9999926
1.0 0.9998722
1.0 0.9998919
1.0 0.99997544
1.0 0.99997497
1.0 0.99992967
1.0 0.9999918
1.0 0.99999166
1.0 0.99999213
1.0 0.99999297
1.0 0.9999747
1.0 0.9999645
1.0 0.9999621
1.0 0.9999747
1.0 0.99999285
1.0 0.99997795
1.0 0.9999778
1.0 0.9998442
1.0 0.99996483
1.0 0.9999876
1.0 0.9998493
1.0 0.99999297
1.0 0.9999896
1.0 0.9999914
1.0 0.9999926
1.0 0.9998919
1.0 0.9999914
1.0 0.9999889
1.0 0.99997735
1.0 0.99997795
1.0 0.9999912
1.0 0.99998736
1.0 0.9999838
1.0 0.9999914
1.0 0.99998987
1.0 0.9998493
1.0 0.99996006
1.0 0.9999845
1.0 0.99998605
1.0 0.99999297
1.0 0.9999771
1.0 0.9999876
1.0 0.99999285
1.0 0.99998975
1.0 0.99998736
1.0 0.99997497
1.0 0.9999912
1.0 0.9999645
1.0 0.99998224
1.0 0.9999912
1.0 0.9999912
1.0 0.9999609
1.0 0.99999166
1.0 0.9999875
1.0 0.9999924
1.0 0.9999914
1.0 0.9999876
1.0 0.9999913
1.0 0.99992025
1.0 0.99993443
1.0 0.9998828
1.0 0.9999685
1.0 0.99997973
1.0 0.9999912
1.0 0.99999297
1.0 0.99998736
1.0 0.9999875
1.0 0.99999166
1.0 0.9999839
1.0 0.99998987
1.0 0.9999908
1.0 0.9999652
1.0 0.99997497
1.0 0.9998535
1.0 0.9999926
1.0 0.99992025
1.0 0.9999728
1.0 0.99995863
1.0 0.9999926
1.0 0.99998987
1.0 0.9999652
1.0 0.99999166
1.0 0.999972
1.0 0.99999213
1.0 0.9999728
1.0 0.9998493
1.0 0.9999914
1.0 0.99998486
1.0 0.9999399
1.0 0.9999788
1.0 0.9999721
1.0 0.9998715
1.0 0.9999728
1.0 0.99998
1.0 0.9999926
1.0 0.99998343
1.0 0.9999896
1.0 0.99982786
1.0 0.9999378
1.0 0.99998903
1.0 0.99997985
1.0 0.99996483
1.0 0.99981993
1.0 0.99978834
1.0 0.999992
1.0 0.99999034
1.0 0.99999285
1.0 0.9999757
1.0 0.9999919
1.0 0.999992
1.0 0.999977
1.0 0.9999386
1.0 0.99998
1.0 0.9999889
1.0 0.9999728
1.0 0.99999297
1.0 0.9999851
1.0 0.9999925
1.0 0.9999378
1.0 0.99997425
1.0 0.99998343
1.0 0.99999213
1.0 0.9999728
1.0 0.99999154
1.0 0.9999728
1.0 0.99998975
1.0 0.99999034
1.0 0.9999871
1.0 0.99998
1.0 0.99997497
1.0 0.99999166
1.0 0.99999285
1.0 0.99995863
1.0 0.99992967
1.0 0.9999896
1.0 0.9998467
1.0 0.99996984
1.0 0.999972
1.0 0.9999378
1.0 0.9999728
1.0 0.999977
1.0 0.9999747
1.0 0.99999213
1.0 0.9999875
1.0 0.99997866
1.0 0.99998987
1.0 0.99999285
1.0 0.9999757
1.0 0.99997544
1.0 0.9999678
1.0 0.9999889
1.0 0.9999378
1.0 0.9999852
1.0 0.9999876
1.0 0.99999285
1.0 0.99992955
1.0 0.9999896
1.0 0.99999225
1.0 0.9998598
1.0 0.99998224
1.0 0.99999106
1.0 0.99997866
1.0 0.9999851
1.0 0.9999912
1.0 0.99997735
1.0 0.99996424
1.0 0.99998987
1.0 0.99998736
1.0 0.9998877
1.0 0.99999166
1.0 0.99997544
1.0 0.99998343
1.0 0.9998722
1.0 0.99999106
1.0 0.9999802
1.0 0.9999645
1.0 0.9999924
1.0 0.9999838
1.0 0.99999225
1.0 0.999977
1.0 0.9999908
1.0 0.99998724
1.0 0.9999728
1.0 0.99999213
1.0 0.99982786
1.0 0.9999747
1.0 0.9999913
1.0 0.9999845
1.0 0.9999702
1.0 0.99999213
1.0 0.9999838
1.0 0.9999652
1.0 0.9999871
1.0 0.9999702
1.0 0.9999896
1.0 0.99998605
1.0 0.9999778
1.0 0.9998919
1.0 0.9999912
1.0 0.9999771
1.0 0.99999166
1.0 0.9999919
1.0 0.99999285
1.0 0.9999652
1.0 0.99999285
1.0 0.9999757
1.0 0.99999297
1.0 0.99996984
1.0 0.9998828
1.0 0.9998535
1.0 0.9999871
1.0 0.9999876
1.0 0.9998722
1.0 0.99997795
1.0 0.9999896
1.0 0.9999747
1.0 0.99997795
1.0 0.9999925
1.0 0.9999752
1.0 0.9998535
1.0 0.999977
1.0 0.99997544
1.0 0.99996483
1.0 0.99997795
1.0 0.99999166
1.0 0.9999685
1.0 0.99992955
1.0 0.99999154
1.0 0.9999876
1.0 0.9999838
1.0 0.9998467
1.0 0.99997795
1.0 0.99999297
1.0 0.9999621
1.0 0.9999914
1.0 0.9999918
1.0 0.9999461
1.0 0.99999285
1.0 0.9999908
1.0 0.99999285
1.0 0.99997866
1.0 0.9999678
1.0 0.99985135
1.0 0.99992025
1.0 0.99997425
1.0 0.9999896
1.0 0.99999154
1.0 0.9999919
1.0 0.99996483
1.0 0.9999721
1.0 0.9999752
1.0 0.9999876
1.0 0.99999225
1.0 0.9999752
1.0 0.9999912
1.0 0.9999924
1.0 0.9998442
1.0 0.99997663
1.0 0.99998736
1.0 0.9999918
1.0 0.9999702
1.0 0.99998975
1.0 0.99996424
1.0 0.9999912
1.0 0.9999925
1.0 0.99999285
1.0 0.99997497
1.0 0.9998877
1.0 0.9999876
1.0 0.9999901
1.0 0.9999912
1.0 0.99998736
1.0 0.99998975
1.0 0.9999925
1.0 0.99999154
1.0 0.99997425
1.0 0.9998535
1.0 0.999977
1.0 0.99993443
1.0 0.9998715
1.0 0.99998724
1.0 0.99997795
1.0 0.99999285
1.0 0.99996483
1.0 0.99997497
1.0 0.9999908
1.0 0.99999034
1.0 0.9999876
1.0 0.99998
1.0 0.99999285
1.0 0.9999721
1.0 0.9999875
1.0 0.99998903
1.0 0.99992955
1.0 0.9998442
1.0 0.9999896
1.0 0.99982786
1.0 0.9998598
1.0 0.99999297
1.0 0.99999225
1.0 0.9998877
1.0 0.99998736
1.0 0.99999285
1.0 0.99997497
1.0 0.99999225
1.0 0.9999914
1.0 0.9999914
1.0 0.9999912
1.0 0.9999925
1.0 0.99997544
1.0 0.9999889
1.0 0.99999213
1.0 0.9999747
1.0 0.9999908
1.0 0.99989057
1.0 0.9998442
1.0 0.9999925
1.0 0.99996984
1.0 0.99997497
1.0 0.99997425
1.0 0.999992
1.0 0.9999778
1.0 0.99999166
1.0 0.99997973
1.0 0.9999908
1.0 0.9999908
1.0 0.9999914
1.0 0.9999871
1.0 0.99978834
1.0 0.9999409
1.0 0.9999908
1.0 0.99998224
1.0 0.9999399
1.0 0.9999788
1.0 0.9999889
1.0 0.99998987
1.0 0.9997874
1.0 0.99999154
1.0 0.99998486
1.0 0.9999919
1.0 0.9998828
1.0 0.99999297
1.0 0.9999925
1.0 0.9998598
1.0 0.99995863
1.0 0.9999871
1.0 0.9999386
1.0 0.99993443
1.0 0.99982786
1.0 0.9999845
1.0 0.9999609
1.0 0.9999914
1.0 0.99998987
1.0 0.9998467
1.0 0.9999927
1.0 0.99998736
1.0 0.999972
1.0 0.9999386
1.0 0.99993443
1.0 0.99992955
1.0 0.99998987
1.0 0.99999166
1.0 0.9999386
1.0 0.99999285
1.0 0.99981993
1.0 0.9999926
1.0 0.9999399
1.0 0.9999621
1.0 0.99998903
1.0 0.99992025
1.0 0.9999645
1.0 0.9999896
