true vs pred:
1.0 0.9733095
1.0 0.9999963
0.0 2.5118066e-05
0.0 0.000862558
1.0 0.9999958
0.0 2.758192e-05
0.0 2.6113952e-05
0.0 0.0009839376
1.0 0.99996126
1.0 0.99999595
0.0 2.354568e-05
0.0 2.5402102e-05
1.0 0.9358492
0.0 3.5536013e-05
0.0 3.0400648e-05
0.0 2.597692e-05
1.0 0.9999963
0.0 3.434184e-05
1.0 0.9996799
0.0 0.24001183
1.0 0.99996376
1.0 0.99998593
1.0 0.9999958
1.0 0.9999957
0.0 3.276442e-05
0.0 2.1654361e-05
1.0 0.9997521
1.0 0.9999962
0.0 7.9476624e-05
1.0 0.9999963
0.0 0.06899551
0.0 2.6113952e-05
1.0 0.9996799
1.0 0.9999958
0.0 2.6239442e-05
0.0 7.2503375e-05
1.0 0.9999963
0.0 0.06738947
1.0 0.96245414
0.0 2.0982896e-05
1.0 0.9999957
1.0 0.99999595
0.0 7.9476624e-05
0.0 0.0009839376
1.0 0.97893333
1.0 0.9999963
0.0 5.188795e-05
0.0 2.126916e-05
1.0 0.9999956
0.0 2.6239442e-05
1.0 0.9999963
1.0 0.9999956
0.0 2.7864517e-05
0.0 2.6113952e-05
1.0 0.9615807
1.0 0.99998486
0.0 0.06899551
0.0 2.3616132e-05
1.0 0.9999845
1.0 0.9999651
0.0 2.170605e-05
0.0 2.4106357e-05
1.0 0.96628124
0.0 2.0112846e-05
0.0 2.5402102e-05
0.0 7.2503375e-05
1.0 0.99999547
0.0 2.414266e-05
0.0 0.0009872491
0.0 2.8434843e-05
0.0 3.276442e-05
0.0 0.10936492
1.0 0.9999727
0.0 0.09239086
0.0 2.7469963e-05
0.0 2.7864517e-05
0.0 0.09219654
0.0 0.10936492
1.0 0.9999957
0.0 0.000942678
1.0 0.9997125
0.0 3.8833816e-05
1.0 0.97572756
1.0 0.9997521
0.0 0.000942678
1.0 0.9999958
1.0 0.9733095
1.0 0.99998486
0.0 2.9426004e-05
0.0 4.0968276e-05
1.0 0.9999956
1.0 0.99998593
1.0 0.9999598
0.0 0.24001183
1.0 0.9997125
0.0 2.0982896e-05
1.0 0.99998486
1.0 0.9999956
0.0 2.0112846e-05
0.0 0.0007500398
1.0 0.9999963
0.0 2.4313684e-05
0.0 6.336876e-05
0.0 3.8833816e-05
0.0 2.7864517e-05
1.0 0.9999962
1.0 0.9999956
1.0 0.9999963
0.0 5.188795e-05
0.0 4.699319e-05
0.0 2.2474349e-05
1.0 0.99999547
0.0 4.0968276e-05
1.0 0.99999547
1.0 0.9997172
1.0 0.99999547
1.0 0.97572756
0.0 3.0400648e-05
0.0 5.188795e-05
1.0 0.99999595
1.0 0.99998486
0.0 3.8484028e-05
0.0 2.354568e-05
0.0 5.9343474e-05
0.0 2.0112846e-05
0.0 0.0009839376
0.0 2.7209268e-05
1.0 0.9999962
1.0 0.97893333
1.0 0.9999963
0.0 0.06738947
0.0 3.453488e-05
0.0 4.1614636e-05
0.0 2.7864517e-05
1.0 0.9996799
0.0 0.0012762703
1.0 0.9999956
0.0 0.000942678
1.0 0.9789907
0.0 7.220613e-05
0.0 4.10871e-05
1.0 0.9877103
0.0 2.2474349e-05
1.0 0.9999515
0.0 2.0982896e-05
1.0 0.9999956
0.0 1.8680103e-05
1.0 0.9999664
1.0 0.99978524
1.0 0.99995756
1.0 0.9733095
1.0 0.9997125
1.0 0.9999957
1.0 0.99998593
0.0 2.4313684e-05
1.0 0.9999962
1.0 0.99998546
0.0 2.5118066e-05
0.0 2.170605e-05
0.0 2.8434843e-05
1.0 0.96628124
1.0 0.99998486
1.0 0.97572756
0.0 2.4313684e-05
0.0 2.7209268e-05
0.0 3.163911e-05
0.0 2.9426004e-05
1.0 0.99996126
0.0 3.8484028e-05
1.0 0.9999515
0.0 2.4106357e-05
0.0 3.083159e-05
0.0 0.09219654
1.0 0.9999963
0.0 2.170605e-05
0.0 3.7803606e-05
0.0 5.188795e-05
0.0 0.09219654
1.0 0.9615807
1.0 0.99998486
0.0 2.1484413e-05
1.0 0.9999958
1.0 0.9999857
0.0 2.349716e-05
1.0 0.9999956
1.0 0.99996126
0.0 3.8833816e-05
1.0 0.9999957
0.0 2.8434843e-05
1.0 0.999961
0.0 0.10936492
0.0 0.11753232
0.0 3.434184e-05
0.0 4.1614636e-05
0.0 2.6239442e-05
1.0 0.99996376
0.0 2.126916e-05
1.0 0.99998546
1.0 0.9615807
1.0 0.96245414
0.0 7.2503375e-05
0.0 4.0968276e-05
0.0 1.8680103e-05
0.0 3.0400648e-05
0.0 3.163911e-05
1.0 0.99999547
1.0 0.9999956
0.0 4.938806e-05
0.0 8.9885674e-05
1.0 0.99998486
1.0 0.9733095
0.0 5.7208155e-05
1.0 0.9997521
1.0 0.999961
0.0 2.7469963e-05
0.0 2.2474349e-05
1.0 0.9996487
0.0 2.0112846e-05
1.0 0.9999963
1.0 0.9999957
0.0 0.09239086
0.0 3.083159e-05
0.0 3.434184e-05
0.0 5.188795e-05
0.0 3.163911e-05
0.0 3.8484028e-05
0.0 2.7469963e-05
1.0 0.9999664
0.0 2.691409e-05
1.0 0.9771262
1.0 0.9999963
0.0 2.4313684e-05
0.0 2.9426004e-05
1.0 0.99998534
1.0 0.9999857
0.0 0.09219654
0.0 5.188795e-05
0.0 3.276442e-05
0.0 2.6272117e-05
0.0 3.5536013e-05
0.0 0.09219654
0.0 2.414266e-05
0.0 2.0982896e-05
0.0 4.2870106e-05
0.0 2.354568e-05
1.0 0.9999963
0.0 0.24001183
1.0 0.9999962
0.0 2.597692e-05
0.0 5.9343474e-05
1.0 0.9999833
1.0 0.9771262
1.0 0.9733095
0.0 3.8833816e-05
1.0 0.9999957
1.0 0.99996126
0.0 2.414266e-05
0.0 4.938806e-05
0.0 2.4106357e-05
0.0 3.8833816e-05
1.0 0.99998486
1.0 0.99998486
0.0 3.434184e-05
1.0 0.9999956
1.0 0.9999727
0.0 2.9426004e-05
1.0 0.99999547
1.0 0.99998486
0.0 2.3616132e-05
0.0 2.7209268e-05
0.0 5.9343474e-05
0.0 2.5402102e-05
0.0 0.0009872491
1.0 0.9999958
1.0 0.99999595
0.0 2.170605e-05
0.0 0.0009069507
1.0 0.9996487
1.0 0.99998546
0.0 0.0005681609
1.0 0.9999845
0.0 3.3422122e-05
1.0 0.9999956
1.0 0.96628124
0.0 0.06738947
0.0 3.276442e-05
1.0 0.9999957
1.0 0.9999962
1.0 0.9999957
1.0 0.9999651
0.0 5.188795e-05
1.0 0.9999956
0.0 8.9885674e-05
1.0 0.96245414
1.0 0.9999957
0.0 2.597692e-05
0.0 2.3616132e-05
1.0 0.9999957
1.0 0.9999962
1.0 0.9771262
1.0 0.9999963
0.0 4.0238367e-05
0.0 7.2503375e-05
1.0 0.99998593
1.0 0.9999515
0.0 2.9426004e-05
0.0 2.2051352e-05
0.0 0.09219654
1.0 0.9999963
0.0 0.09219654
1.0 0.99999547
1.0 0.96628124
0.0 0.09239086
0.0 2.6272117e-05
1.0 0.9999958
1.0 0.9733095
1.0 0.9999963
1.0 0.9999957
0.0 2.170605e-05
1.0 0.9999956
0.0 7.2503375e-05
1.0 0.99998486
1.0 0.9877103
0.0 0.09239086
0.0 0.0007500398
0.0 4.699319e-05
1.0 0.9997521
0.0 2.0982896e-05
0.0 5.9343474e-05
1.0 0.97572756
1.0 0.9999958
1.0 0.9999963
0.0 3.434184e-05
0.0 2.7469963e-05
1.0 0.9999598
1.0 0.9999957
1.0 0.9997172
1.0 0.9999857
1.0 0.9996487
0.0 3.434184e-05
1.0 0.9997172
1.0 0.9999957
1.0 0.9999962
1.0 0.9997646
0.0 7.220613e-05
0.0 0.0233224
0.0 3.8833816e-05
1.0 0.9999833
0.0 3.276442e-05
1.0 0.99996376
1.0 0.9999651
0.0 3.7803606e-05
0.0 4.938806e-05
1.0 0.9999957
1.0 0.9358492
0.0 3.8484028e-05
0.0 0.0009872491
0.0 2.3616132e-05
0.0 0.06899551
1.0 0.9997521
1.0 0.99999547
0.0 5.188795e-05
1.0 0.999961
0.0 2.0982896e-05
1.0 0.9999956
1.0 0.9999956
0.0 1.8680103e-05
0.0 9.6011834e-05
0.0 2.691409e-05
0.0 1.8680103e-05
0.0 3.453488e-05
1.0 0.9997646
0.0 0.11753232
0.0 0.0009839376
0.0 3.453488e-05
1.0 0.9999727
1.0 0.9999598
1.0 0.99999547
1.0 0.9999958
1.0 0.9999957
0.0 4.0238367e-05
0.0 0.0233224
1.0 0.9997646
0.0 2.691409e-05
1.0 0.9996487
0.0 2.5118066e-05
0.0 2.126916e-05
1.0 0.9999963
1.0 0.9999956
0.0 2.691409e-05
0.0 4.1614636e-05
1.0 0.99999547
0.0 0.0233224
0.0 1.8680103e-05
0.0 0.11753232
0.0 0.0013835757
0.0 0.0233224
0.0 2.1654361e-05
1.0 0.9999957
0.0 5.7208155e-05
1.0 0.999961
0.0 5.039588e-05
1.0 0.9999963
1.0 0.9999963
1.0 0.99995553
0.0 2.5402102e-05
0.0 3.163911e-05
0.0 3.8833816e-05
1.0 0.9999963
0.0 2.2051352e-05
1.0 0.99998677
1.0 0.9999957
1.0 0.9999962
1.0 0.9997125
0.0 3.3422122e-05
1.0 0.9999957
0.0 2.170605e-05
1.0 0.96628124
0.0 0.000942678
0.0 6.336876e-05
1.0 0.9999963
1.0 0.99999595
1.0 0.9997646
1.0 0.99998677
1.0 0.9999958
1.0 0.97572756
0.0 0.09219654
0.0 2.354568e-05
0.0 2.354568e-05
0.0 0.0009839376
0.0 6.336876e-05
1.0 0.9998467
1.0 0.9999957
0.0 0.0009941459
1.0 0.99996376
1.0 0.99999547
1.0 0.99998486
1.0 0.9789907
0.0 0.13283014
1.0 0.9999963
1.0 0.97893333
1.0 0.9997646
1.0 0.99998486
1.0 0.9999957
0.0 2.8434843e-05
0.0 2.414266e-05
0.0 2.2051352e-05
0.0 1.8680103e-05
0.0 0.0009069507
1.0 0.99998546
1.0 0.9999857
1.0 0.9733095
1.0 0.9999956
1.0 0.9999962
1.0 0.9997646
1.0 0.9999963
0.0 3.434184e-05
1.0 0.99998486
1.0 0.9999956
1.0 0.99978524
1.0 0.9789907
0.0 8.9885674e-05
1.0 0.9789907
1.0 0.9999956
1.0 0.9999957
0.0 0.08138998
1.0 0.96245414
0.0 8.9885674e-05
1.0 0.99999595
1.0 0.999961
0.0 4.938806e-05
0.0 2.6272117e-05
0.0 0.000862558
1.0 0.9999957
0.0 0.06899551
0.0 2.126916e-05
0.0 0.13283014
1.0 0.96628124
0.0 4.10871e-05
1.0 0.9996799
1.0 0.97893333
1.0 0.9998467
1.0 0.99998534
1.0 0.9999963
1.0 0.9999957
0.0 2.758192e-05
1.0 0.9999958
1.0 0.9997172
1.0 0.9999957
1.0 0.9733095
1.0 0.9999598
0.0 2.5402102e-05
0.0 0.09219654
0.0 2.8434843e-05
0.0 1.8680103e-05
0.0 0.06899551
1.0 0.99995553
0.0 2.3616132e-05
0.0 2.3210023e-05
0.0 2.170605e-05
0.0 4.699319e-05
1.0 0.9615807
1.0 0.9999857
1.0 0.9996487
0.0 0.06899551
1.0 0.96245414
1.0 0.99976045
1.0 0.9999963
1.0 0.99998546
1.0 0.9999963
0.0 2.1484413e-05
0.0 0.06899551
0.0 2.2051352e-05
1.0 0.99975353
0.0 2.9426004e-05
1.0 0.9999958
0.0 6.336876e-05
0.0 2.0112846e-05
0.0 0.24001183
1.0 0.9999598
