true vs pred:
1.0 0.99990606
1.0 0.9999707
1.0 0.99997413
1.0 0.999974
1.0 0.9997825
1.0 0.99992454
1.0 0.9992611
1.0 0.9997825
1.0 0.9999285
1.0 0.9999709
1.0 0.9956988
1.0 0.9993067
1.0 0.9999747
1.0 0.99997365
1.0 0.9999727
1.0 0.999933
1.0 0.9961791
1.0 0.99995637
1.0 0.9999715
0.0 0.33348823
1.0 0.99992454
1.0 0.9997676
1.0 0.9999809
1.0 0.99930704
1.0 0.9999703
1.0 0.9999583
1.0 0.99990857
0.0 0.33348823
1.0 0.99991286
1.0 0.9445943
1.0 0.99997497
1.0 0.9999713
1.0 0.99933916
1.0 0.95614207
1.0 0.9382377
1.0 0.99995136
1.0 0.9940169
1.0 0.999974
0.0 0.27967843
1.0 0.99993193
0.0 0.2964368
1.0 0.99930704
1.0 0.9999304
1.0 0.999933
1.0 0.99933916
0.0 0.31609383
1.0 0.9999809
1.0 0.99997544
1.0 0.99992776
1.0 0.99997926
1.0 0.9999707
1.0 0.9997888
1.0 0.99990785
1.0 0.9999784
1.0 0.9999304
1.0 0.9999304
1.0 0.9382377
0.0 0.33348823
1.0 0.9992611
0.0 0.26774028
1.0 0.9999757
1.0 0.93855864
1.0 0.9999149
1.0 0.99998116
1.0 0.94832456
1.0 0.9997894
1.0 0.95614207
1.0 0.99995446
1.0 0.99997556
0.0 0.34275272
1.0 0.9999707
1.0 0.99992776
1.0 0.9997888
1.0 0.9997894
1.0 0.9999727
1.0 0.99925905
1.0 0.99995637
1.0 0.99995136
1.0 0.9940169
1.0 0.99992776
1.0 0.99997926
0.0 0.27967843
1.0 0.9997775
1.0 0.9399683
1.0 0.940179
1.0 0.9999552
1.0 0.9999701
1.0 0.9997894
1.0 0.99997413
1.0 0.99998057
1.0 0.9952756
1.0 0.9999716
1.0 0.9999726
1.0 0.9994166
1.0 0.9999583
1.0 0.99997413
1.0 0.9952756
1.0 0.99981457
1.0 0.99997497
1.0 0.99998057
1.0 0.999933
1.0 0.9999304
1.0 0.9999149
1.0 0.93855864
1.0 0.99993193
0.0 0.22646016
1.0 0.9999716
1.0 0.9991696
1.0 0.9952756
1.0 0.99997413
1.0 0.99993193
1.0 0.9961791
1.0 0.9999727
1.0 0.9999745
1.0 0.9999132
1.0 0.99925905
1.0 0.9997873
1.0 0.99991286
1.0 0.9999701
1.0 0.9999733
1.0 0.9999707
1.0 0.99997926
1.0 0.9999702
1.0 0.9998048
1.0 0.99990857
0.0 0.31199965
1.0 0.99997556
1.0 0.9999671
1.0 0.99997103
1.0 0.99997365
1.0 0.9999707
1.0 0.9999715
1.0 0.99945694
1.0 0.99997354
1.0 0.9956665
1.0 0.9998159
1.0 0.99997365
0.0 0.34275272
1.0 0.9999206
1.0 0.9999691
1.0 0.9999149
1.0 0.999974
1.0 0.9994166
1.0 0.99925905
0.0 0.25886413
1.0 0.99930704
1.0 0.99997354
1.0 0.99990606
1.0 0.9997812
1.0 0.9999552
0.0 0.22646016
1.0 0.999933
1.0 0.9999707
1.0 0.99992883
1.0 0.99990606
1.0 0.999933
1.0 0.9992611
1.0 0.9998048
1.0 0.9627935
1.0 0.99992776
1.0 0.99997497
1.0 0.9997775
1.0 0.99997497
1.0 0.99997556
1.0 0.99995315
1.0 0.99517316
1.0 0.99997425
1.0 0.9991696
0.0 0.2421634
1.0 0.9999747
1.0 0.9999671
1.0 0.940179
0.0 0.33348823
1.0 0.99997544
1.0 0.9999809
1.0 0.999972
1.0 0.9992611
1.0 0.99997926
1.0 0.99997485
1.0 0.9999782
1.0 0.9999132
1.0 0.99990785
1.0 0.9997775
1.0 0.99997795
1.0 0.9997812
1.0 0.940179
1.0 0.9997894
1.0 0.96204907
1.0 0.9992611
1.0 0.9992611
1.0 0.99997556
1.0 0.9998048
1.0 0.9999745
1.0 0.940179
1.0 0.9999733
1.0 0.9999726
1.0 0.9999552
1.0 0.99998105
0.0 0.33348823
1.0 0.9999715
1.0 0.940179
1.0 0.9999671
1.0 0.99995446
1.0 0.9997888
1.0 0.9992611
1.0 0.9999813
1.0 0.9627935
1.0 0.99998033
1.0 0.94832456
1.0 0.99917454
1.0 0.9999715
1.0 0.99995637
1.0 0.99997485
1.0 0.9999809
1.0 0.9999715
1.0 0.99993193
1.0 0.9999707
1.0 0.99992883
1.0 0.99517316
1.0 0.9999733
1.0 0.99997854
1.0 0.99997115
1.0 0.99997306
1.0 0.96204907
1.0 0.99993193
1.0 0.9999583
0.0 0.2421634
1.0 0.9999565
1.0 0.99997365
1.0 0.99997103
1.0 0.999933
1.0 0.9992611
1.0 0.99997497
1.0 0.99997365
1.0 0.99998057
1.0 0.9999713
1.0 0.99992454
1.0 0.999933
1.0 0.9399683
1.0 0.99981457
1.0 0.9999747
1.0 0.99997103
1.0 0.99992454
1.0 0.9952756
1.0 0.9999721
0.0 0.31199965
1.0 0.99997497
1.0 0.99995637
1.0 0.99990857
1.0 0.9999132
1.0 0.9382377
1.0 0.9999131
1.0 0.9999131
1.0 0.9999275
0.0 0.31199965
1.0 0.9999784
1.0 0.9999554
1.0 0.9999691
1.0 0.9999285
1.0 0.95614207
1.0 0.99995446
1.0 0.9399683
1.0 0.999974
1.0 0.99997544
1.0 0.99990785
1.0 0.9999709
1.0 0.999972
0.0 0.34275272
1.0 0.9382377
1.0 0.9999701
1.0 0.9999701
1.0 0.9999304
1.0 0.9999745
1.0 0.9997676
1.0 0.99998116
1.0 0.9999691
1.0 0.9999691
1.0 0.99997413
1.0 0.9994166
1.0 0.99997497
1.0 0.99997926
1.0 0.99990857
1.0 0.9999745
1.0 0.99509084
1.0 0.9999783
1.0 0.9999275
1.0 0.99997497
1.0 0.9999807
1.0 0.9961791
1.0 0.9997775
1.0 0.9999782
1.0 0.9627935
1.0 0.9999691
1.0 0.9999703
1.0 0.99990785
1.0 0.9999757
1.0 0.9997775
1.0 0.99997556
1.0 0.99997365
1.0 0.9999131
1.0 0.9999304
1.0 0.9999734
1.0 0.994044
1.0 0.9999206
1.0 0.99992776
1.0 0.9999131
1.0 0.99981457
1.0 0.9445943
1.0 0.99995446
1.0 0.99945694
0.0 0.34275272
1.0 0.99997365
1.0 0.99997497
1.0 0.99995637
1.0 0.99997115
1.0 0.96204907
1.0 0.9999275
1.0 0.9999707
1.0 0.96204907
1.0 0.99997854
1.0 0.99990785
0.0 0.2421634
1.0 0.99945694
1.0 0.999972
1.0 0.9940169
1.0 0.9999726
1.0 0.99925905
0.0 0.34275272
1.0 0.99997544
1.0 0.99917454
1.0 0.9992611
1.0 0.95614207
1.0 0.99997103
1.0 0.9999715
0.0 0.25886413
1.0 0.99997306
1.0 0.9999713
1.0 0.9999701
1.0 0.9991696
1.0 0.99990416
1.0 0.9999814
1.0 0.9999304
1.0 0.9999707
1.0 0.9999753
1.0 0.99995327
1.0 0.99997926
1.0 0.9999583
1.0 0.9999707
1.0 0.99997795
1.0 0.9999784
1.0 0.99930704
1.0 0.9999554
0.0 0.26774028
1.0 0.99981457
1.0 0.9999715
1.0 0.99997556
1.0 0.99998116
1.0 0.99997365
1.0 0.9999783
1.0 0.99997294
1.0 0.9994166
1.0 0.9999671
1.0 0.9999733
1.0 0.9997888
1.0 0.9999721
1.0 0.9999714
1.0 0.999974
1.0 0.9940169
1.0 0.99997485
1.0 0.9991696
1.0 0.9999131
1.0 0.9999814
1.0 0.99997115
1.0 0.9999671
1.0 0.99517316
1.0 0.9952756
1.0 0.9997873
1.0 0.9999275
1.0 0.99997413
1.0 0.99997294
1.0 0.99990606
1.0 0.9999285
1.0 0.99997854
1.0 0.9999777
1.0 0.9999758
1.0 0.9999552
1.0 0.9956665
1.0 0.9999715
1.0 0.9999782
1.0 0.99997556
1.0 0.99997115
1.0 0.96204907
1.0 0.9999206
1.0 0.99925905
1.0 0.99997115
1.0 0.9999132
1.0 0.9999554
1.0 0.9994166
1.0 0.9999747
1.0 0.99995315
1.0 0.9999813
1.0 0.99997294
1.0 0.9991696
0.0 0.34275272
1.0 0.99992776
1.0 0.99509084
1.0 0.99997115
1.0 0.99997544
1.0 0.9999813
1.0 0.9999707
1.0 0.999933
1.0 0.9999713
1.0 0.9952756
1.0 0.99509084
1.0 0.99997365
1.0 0.9999727
1.0 0.99993193
1.0 0.99997103
1.0 0.99997556
1.0 0.9994166
1.0 0.94832456
1.0 0.99990416
1.0 0.9999747
1.0 0.9999715
1.0 0.99997294
1.0 0.9956665
1.0 0.9997676
1.0 0.9999552
1.0 0.9932781
1.0 0.9999733
1.0 0.9999132
1.0 0.99917454
1.0 0.999974
1.0 0.99995637
1.0 0.99995637
1.0 0.99995136
1.0 0.99995315
1.0 0.9999747
1.0 0.9999691
1.0 0.99997497
1.0 0.93855864
1.0 0.9382377
1.0 0.99997306
1.0 0.99997103
1.0 0.9999807
1.0 0.99925905
1.0 0.99991286
1.0 0.99997854
1.0 0.99997854
1.0 0.99997365
1.0 0.9999304
1.0 0.9992611
0.0 0.31199965
1.0 0.9992611
1.0 0.9999714
1.0 0.99997556
1.0 0.9999671
0.0 0.2964368
1.0 0.9999727
1.0 0.994044
1.0 0.9999703
1.0 0.9999721
1.0 0.99997795
1.0 0.9999709
1.0 0.9999671
0.0 0.33348823
1.0 0.99995446
1.0 0.99991286
1.0 0.99997544
1.0 0.99997544
1.0 0.9999727
1.0 0.99997354
1.0 0.99990606
1.0 0.9999206
1.0 0.9997812
1.0 0.9997888
1.0 0.94832456
1.0 0.9997676
0.0 0.34275272
0.0 0.31199965
1.0 0.9999691
1.0 0.9382377
1.0 0.95614207
1.0 0.99992883
0.0 0.33348823
1.0 0.99981457
1.0 0.94832456
1.0 0.99917454
1.0 0.99997556
1.0 0.9932781
1.0 0.999972
1.0 0.99997425
1.0 0.9999691
1.0 0.9999726
1.0 0.9997812
1.0 0.99990785
1.0 0.93855864
1.0 0.9999727
1.0 0.9994166
1.0 0.9999813
1.0 0.9932781
1.0 0.940179
1.0 0.99997103
1.0 0.99997306
1.0 0.99998057
1.0 0.999974
1.0 0.9999753
1.0 0.9999783
1.0 0.9999132
1.0 0.99990857
1.0 0.9999747
1.0 0.9999554
1.0 0.9999721
1.0 0.99914455
0.0 0.2964368
1.0 0.99933916
1.0 0.9999757
1.0 0.99995327
0.0 0.2964368
0.0 0.33348823
