true vs pred:
0.0 0.31597015
1.0 0.99984694
0.0 0.0035503525
0.0 0.31597015
0.0 0.00017286454
0.0 0.00013158962
0.0 6.251746e-05
1.0 0.50949496
0.0 9.953877e-05
0.0 0.0009154803
0.0 9.462896e-05
0.0 6.9417634e-05
0.0 0.00018154268
0.0 6.47099e-05
0.0 9.967032e-05
0.0 0.004146939
1.0 0.99994457
1.0 0.9999169
1.0 0.4255824
0.0 8.4337626e-05
0.0 0.00016287784
0.0 0.00010307508
0.0 0.000955573
0.0 0.31629467
1.0 0.99984026
0.0 8.6049055e-05
1.0 0.999848
0.0 6.569966e-05
0.0 0.00012199183
0.0 0.24055514
0.0 6.47099e-05
1.0 0.999848
1.0 0.41395074
0.0 0.003630313
1.0 0.9998503
1.0 0.4255824
0.0 0.0038074178
1.0 0.9999157
0.0 0.0010192683
0.0 0.000108948945
0.0 0.00013158962
0.0 0.00011517298
1.0 0.99994314
0.0 7.275111e-05
1.0 0.99984825
0.0 0.00010747032
0.0 0.00010631658
0.0 0.0029306125
0.0 0.00019009731
0.0 0.003630313
0.0 8.0113896e-05
1.0 0.9998586
0.0 0.32490495
0.0 0.00016846342
1.0 0.4255824
0.0 0.00011594421
1.0 0.9998503
0.0 0.00018992485
0.0 6.965596e-05
0.0 0.0009909109
0.0 0.00010747032
0.0 0.34123796
0.0 9.967032e-05
0.0 0.0033161256
0.0 7.744071e-05
1.0 0.9999466
0.0 6.427908e-05
1.0 0.99994886
0.0 9.504894e-05
0.0 0.00085413357
1.0 0.9999107
1.0 0.9999131
0.0 6.806611e-05
0.0 7.5390206e-05
0.0 0.00011517298
1.0 0.4170202
0.0 8.4337626e-05
0.0 0.0013009649
0.0 6.47099e-05
1.0 0.9998586
0.0 9.650345e-05
1.0 0.9999169
0.0 0.00018992485
1.0 0.999918
0.0 0.00012042563
0.0 6.427908e-05
0.0 9.0250775e-05
0.0 0.00010631658
0.0 0.36865762
0.0 8.0113896e-05
0.0 0.000119182245
0.0 0.24195956
0.0 0.31597015
1.0 0.9999132
0.0 0.0029072242
0.0 0.0038074178
0.0 0.36865762
0.0 0.00019009731
1.0 0.9999132
0.0 0.0009960126
0.0 6.5097905e-05
0.0 0.0001834012
0.0 0.00019472325
0.0 0.00018992485
0.0 0.00017286454
0.0 7.62157e-05
0.0 0.00016846342
0.0 6.125247e-05
0.0 0.00085413357
0.0 0.000102191334
1.0 0.9999107
0.0 0.31597015
1.0 0.54015315
1.0 0.9999466
0.0 0.003630313
1.0 0.4255824
0.0 7.90958e-05
0.0 0.0001834012
0.0 0.00010631658
0.0 8.180714e-05
0.0 0.00016959904
0.0 0.000108948945
0.0 0.0033161256
1.0 0.9999157
0.0 0.24195956
0.0 6.47099e-05
0.0 9.447675e-05
0.0 8.180714e-05
1.0 0.9999443
0.0 0.00010611684
0.0 0.0029072242
1.0 0.9998566
0.0 0.00015562818
0.0 0.0011008742
1.0 0.99994755
0.0 6.541796e-05
0.0 0.00011517298
0.0 7.871475e-05
0.0 9.0250775e-05
0.0 7.5390206e-05
0.0 7.871475e-05
0.0 9.447675e-05
1.0 0.99991596
0.0 0.27781376
1.0 0.9999428
0.0 0.34123796
0.0 9.910698e-05
1.0 0.99991596
0.0 6.5097905e-05
0.0 0.00016684915
0.0 7.62157e-05
0.0 0.36865762
0.0 0.0029306125
0.0 0.00010631658
0.0 0.28187382
0.0 0.24195956
0.0 0.00268842
1.0 0.4255824
0.0 6.965596e-05
0.0 0.000101421494
0.0 0.00019191232
0.0 0.00011594421
0.0 0.00010888674
1.0 0.99994886
1.0 0.41395074
0.0 0.00019009731
1.0 0.9998503
0.0 0.000955573
0.0 6.965596e-05
0.0 0.00016287784
0.0 0.00011517298
1.0 0.99984026
0.0 0.00012964147
0.0 0.00010630543
1.0 0.9998566
1.0 0.48528752
1.0 0.9998566
0.0 0.003630313
1.0 0.999918
0.0 9.447675e-05
0.0 0.24055514
0.0 0.00010611684
0.0 7.595074e-05
0.0 0.000101421494
0.0 6.541796e-05
0.0 7.275111e-05
0.0 0.001104343
1.0 0.9999132
0.0 0.00013158962
1.0 0.4255824
0.0 0.00011757831
0.0 0.000119182245
1.0 0.9999169
1.0 0.99984026
0.0 9.462896e-05
1.0 0.99994457
0.0 8.6049055e-05
0.0 0.000806346
1.0 0.9999157
0.0 0.00010747032
0.0 0.34123796
0.0 0.000101421494
0.0 0.00010888674
0.0 9.447675e-05
0.0 7.595074e-05
0.0 0.0009909109
1.0 0.9998503
1.0 0.99994457
0.0 6.9417634e-05
0.0 0.00019361652
0.0 0.00268842
0.0 7.871475e-05
0.0 0.0010192683
0.0 0.000955573
0.0 0.00017286454
0.0 6.125247e-05
1.0 0.9998503
0.0 0.00018154268
0.0 0.00016684915
1.0 0.9999132
0.0 0.00019361652
1.0 0.9999132
0.0 7.871475e-05
0.0 7.698891e-05
0.0 0.00011517298
1.0 0.99984825
0.0 0.000108948945
0.0 0.00018154268
0.0 0.31597015
1.0 0.43989298
0.0 9.462896e-05
0.0 0.000101421494
0.0 0.00019009731
1.0 0.50949496
1.0 0.52896506
0.0 7.90958e-05
0.0 9.462896e-05
0.0 7.744071e-05
1.0 0.41395074
0.0 0.000119182245
0.0 9.953877e-05
0.0 0.00011594421
1.0 0.9998586
0.0 0.36865762
0.0 0.00011462833
0.0 0.00012199183
0.0 8.180714e-05
1.0 0.589009
0.0 0.0029306125
0.0 0.0009909109
0.0 0.00016959904
1.0 0.9999132
0.0 0.000101421494
1.0 0.99984026
1.0 0.52896506
0.0 6.251746e-05
1.0 0.999918
0.0 9.967032e-05
0.0 0.00019472325
1.0 0.565185
1.0 0.9999428
1.0 0.565185
0.0 7.744071e-05
0.0 0.003595635
0.0 6.569966e-05
1.0 0.99994564
1.0 0.9999181
1.0 0.99984026
0.0 8.4146755e-05
0.0 0.003630313
1.0 0.99984825
1.0 0.9999131
0.0 0.00010747032
0.0 0.24195956
0.0 0.0011008742
1.0 0.99991596
1.0 0.99994886
0.0 0.00017286454
0.0 0.00010630543
0.0 0.0013009649
0.0 0.0009960126
0.0 0.00017299019
0.0 0.00011757831
0.0 0.0011008742
0.0 7.744071e-05
1.0 0.4255824
1.0 0.4170202
0.0 7.62157e-05
1.0 0.9998566
0.0 0.31629467
0.0 0.00016959904
0.0 9.910698e-05
0.0 8.4337626e-05
1.0 0.99985874
0.0 6.204648e-05
0.0 6.1353836e-05
0.0 0.00011757831
0.0 0.24195956
1.0 0.50949496
1.0 0.9999442
1.0 0.99984825
1.0 0.9998566
0.0 6.5097905e-05
1.0 0.99984694
1.0 0.565185
0.0 0.0001736403
0.0 0.00018992485
0.0 0.000102191334
0.0 0.000955573
1.0 0.99994314
1.0 0.999918
1.0 0.9998586
0.0 8.0113896e-05
1.0 0.99994457
0.0 9.0250775e-05
0.0 6.427908e-05
1.0 0.9999169
0.0 0.000955573
0.0 0.00010611684
0.0 6.806611e-05
0.0 0.00017299019
0.0 9.910698e-05
0.0 7.5390206e-05
0.0 0.0029306125
0.0 7.275111e-05
1.0 0.999848
0.0 0.0033372638
0.0 9.953877e-05
0.0 0.00012964147
0.0 0.000119182245
0.0 6.427908e-05
0.0 0.000119182245
1.0 0.99984825
1.0 0.50949496
1.0 0.9998392
1.0 0.4255824
0.0 0.00016287784
1.0 0.99994457
0.0 9.910698e-05
0.0 0.00012964147
0.0 6.251746e-05
0.0 0.0029072242
0.0 0.0029072242
1.0 0.52896506
1.0 0.99994314
1.0 0.9999169
1.0 0.9998393
1.0 0.9999132
0.0 7.744071e-05
0.0 0.00016778067
0.0 0.0033372638
1.0 0.4170202
1.0 0.9999132
1.0 0.9998566
0.0 6.1353836e-05
1.0 0.589009
1.0 0.48528752
0.0 0.00011931995
0.0 0.00016778067
0.0 8.4146755e-05
1.0 0.99985874
1.0 0.99984694
0.0 0.46705425
1.0 0.9999466
1.0 0.9998586
0.0 0.003630313
0.0 0.00012042563
0.0 6.1353836e-05
0.0 0.00016684915
0.0 0.0010192683
0.0 0.00017299019
0.0 0.00018154268
0.0 0.00010611684
1.0 0.99994314
0.0 6.5097905e-05
1.0 0.9999157
0.0 0.0001736403
1.0 0.9999181
0.0 0.00010307508
0.0 9.953877e-05
1.0 0.9999443
0.0 8.376887e-05
0.0 0.004146939
0.0 6.5097905e-05
1.0 0.9999131
0.0 0.00013158962
0.0 6.251746e-05
0.0 0.00011462833
0.0 0.00011931995
0.0 8.180714e-05
0.0 7.5390206e-05
1.0 0.99985874
0.0 0.00016287784
0.0 0.00019009731
0.0 8.4146755e-05
0.0 9.462896e-05
0.0 0.32490495
0.0 0.000108948945
0.0 8.6049055e-05
0.0 7.595074e-05
0.0 0.27781376
0.0 0.00016959904
0.0 8.6049055e-05
0.0 9.650345e-05
1.0 0.43989298
0.0 0.00018154268
1.0 0.9998503
0.0 0.00016684915
0.0 7.869817e-05
1.0 0.999918
1.0 0.9999132
0.0 0.000101421494
0.0 0.00019009731
0.0 0.00016959904
1.0 0.99992144
0.0 0.0001834012
0.0 0.000102191334
0.0 6.965596e-05
0.0 7.62157e-05
0.0 0.00010747032
0.0 7.871475e-05
0.0 0.0009960126
0.0 0.000101421494
1.0 0.99992144
0.0 0.00010630543
1.0 0.9998392
0.0 0.00010630543
0.0 7.275111e-05
0.0 7.5390206e-05
0.0 0.46705425
0.0 0.0011008742
0.0 0.00016684915
0.0 0.46705425
1.0 0.589009
0.0 0.0038074178
0.0 0.0013009649
1.0 0.48528752
0.0 6.569966e-05
1.0 0.99994457
0.0 6.47099e-05
0.0 0.00012199183
0.0 0.0038074178
0.0 0.00019191232
0.0 0.00016959904
0.0 8.8707944e-05
0.0 0.000108948945
0.0 0.00012964147
1.0 0.589009
0.0 0.000108948945
1.0 0.4255824
0.0 0.00010307508
1.0 0.9999132
0.0 0.000101421494
0.0 0.00015562818
0.0 8.8707944e-05
0.0 6.204648e-05
0.0 7.698891e-05
0.0 0.00016287784
0.0 6.427908e-05
0.0 0.34123796
0.0 7.595074e-05
0.0 7.595074e-05
1.0 0.9999428
1.0 0.9998503
1.0 0.99985874
0.0 9.0250775e-05
0.0 0.32490495
0.0 0.00011594421
0.0 7.869817e-05
0.0 0.00010747032
0.0 0.24055514
0.0 0.000108948945
0.0 0.00012964147
0.0 0.0001736403
1.0 0.50949496
0.0 0.0009154803
0.0 0.00017286454
1.0 0.9998393
0.0 0.00016778067
0.0 0.00010888674
0.0 8.4146755e-05
0.0 0.0029306125
0.0 6.806611e-05
0.0 9.462896e-05
0.0 6.125247e-05
1.0 0.565185
1.0 0.9999442
1.0 0.99984825
0.0 0.0033372638
0.0 6.427908e-05
1.0 0.9999181
0.0 0.0011008742
0.0 0.0009960126
0.0 0.36865762
0.0 0.00010631658
0.0 0.34123796
0.0 0.00016778067
0.0 6.251746e-05
0.0 0.0001705848
0.0 0.0010192683
0.0 0.0001736403
0.0 0.00011462833
0.0 0.00012964147
0.0 9.910698e-05
0.0 0.00012042563
0.0 9.447675e-05
0.0 0.00011931995
0.0 9.953877e-05
0.0 0.00021479905
0.0 0.00011462833
0.0 0.0033372638
0.0 9.0250775e-05
0.0 8.0113896e-05
1.0 0.9999157
0.0 0.0029306125
0.0 0.27781376
0.0 0.00010611684
1.0 0.999848
0.0 6.806611e-05
0.0 0.31597015
