true vs pred:
1.0 0.9999862
1.0 0.99813974
1.0 0.9999753
1.0 0.9999733
1.0 0.8879198
1.0 0.9997545
1.0 0.99995744
1.0 0.9999864
0.0 0.2551259
1.0 0.9500402
0.0 0.036513824
0.0 0.2551259
1.0 0.99764293
1.0 0.99998534
0.0 0.010408536
0.0 0.04216396
1.0 0.9999871
1.0 0.9999857
1.0 0.99995244
1.0 0.9976146
0.0 0.012436873
1.0 0.9999831
1.0 0.9999862
0.0 0.0012079823
1.0 0.99660695
0.0 0.18828066
1.0 0.99997413
0.0 0.042621333
1.0 0.9997496
1.0 0.9999839
1.0 0.8882998
0.0 0.0012079823
1.0 0.9270539
0.0 0.0027302008
1.0 0.9999192
1.0 0.99998546
0.0 0.04759212
0.0 0.0030472553
0.0 0.0024162922
1.0 0.9999815
0.0 0.0066117025
1.0 0.9999864
0.0 0.0010487235
1.0 0.99787617
0.0 0.0010326544
0.0 0.042621333
1.0 0.99773514
1.0 0.99813974
0.0 0.04759212
0.0 0.0012595382
1.0 0.99997413
1.0 0.99992144
1.0 0.99751425
1.0 0.9999703
1.0 0.99974924
0.0 0.2296974
1.0 0.9103715
1.0 0.99996746
1.0 0.99773514
1.0 0.99773514
0.0 0.0024162922
0.0 0.0012079823
0.0 0.036513824
0.0 0.0010060664
1.0 0.99993
0.0 0.0021605408
1.0 0.94027376
1.0 0.99997437
0.0 0.002891663
0.0 0.25026375
0.0 0.0030472553
1.0 0.9999825
1.0 0.99993205
0.0 0.0011904093
1.0 0.9999856
1.0 0.99751425
0.0 0.2296974
0.0 0.25026375
1.0 0.9998233
0.0 0.038255047
1.0 0.9999831
1.0 0.9999815
0.0 0.0066117025
1.0 0.99751425
1.0 0.9999703
0.0 0.0010487235
0.0 0.23133664
0.0 0.0024980735
0.0 0.0027286485
1.0 0.9999826
1.0 0.9997274
0.0 0.25026375
1.0 0.9999864
1.0 0.9999733
0.0 0.008948529
1.0 0.99998605
1.0 0.99998534
0.0 0.048092116
1.0 0.9999839
1.0 0.9999864
0.0 0.008948529
0.0 0.2773974
1.0 0.9999192
1.0 0.9999733
1.0 0.99813974
1.0 0.99773514
1.0 0.94027376
0.0 0.0021605408
1.0 0.99787617
0.0 0.0008328223
1.0 0.99998605
0.0 0.0267841
0.0 0.008948529
1.0 0.99995744
1.0 0.99800247
0.0 0.012436873
1.0 0.9998233
1.0 0.99991393
1.0 0.926451
0.0 0.038255047
0.0 0.23782651
1.0 0.9270539
1.0 0.9997274
1.0 0.9999565
1.0 0.99974924
1.0 0.9999703
1.0 0.99975747
0.0 0.29724476
1.0 0.8882998
0.0 0.0013512346
1.0 0.99993205
1.0 0.9995239
1.0 0.99976724
1.0 0.9999567
1.0 0.99974924
1.0 0.99998605
0.0 0.068006456
1.0 0.99995756
0.0 0.007875831
0.0 0.39034384
1.0 0.9999567
0.0 0.0011904093
1.0 0.95374435
1.0 0.9999851
1.0 0.94027376
1.0 0.9999864
0.0 0.048092116
0.0 0.038255047
0.0 0.0009652817
0.0 0.042621333
1.0 0.99995756
1.0 0.8879198
0.0 0.24338575
1.0 0.9999826
0.0 0.0008328223
1.0 0.99813974
1.0 0.9997545
1.0 0.9978119
1.0 0.8879198
1.0 0.9976146
0.0 0.036513824
0.0 0.29724476
0.0 0.003822201
1.0 0.99751425
1.0 0.9999156
0.0 0.23133664
1.0 0.9999192
1.0 0.99993205
1.0 0.99998176
0.0 0.008627498
1.0 0.9999863
0.0 0.0267841
0.0 0.0009557137
1.0 0.99998677
1.0 0.9995239
0.0 0.0027286485
0.0 0.0012079823
1.0 0.99992144
1.0 0.99997413
1.0 0.99998486
0.0 0.036513824
1.0 0.9999703
1.0 0.99991953
1.0 0.99996567
1.0 0.926451
1.0 0.9103715
0.0 0.23133664
1.0 0.9999651
0.0 0.24338575
0.0 0.0027286485
0.0 0.25026375
0.0 0.004601436
0.0 0.036513824
0.0 0.036513824
1.0 0.99993205
0.0 0.29724476
1.0 0.99991393
0.0 0.0027286485
1.0 0.9999565
1.0 0.99998534
1.0 0.9999826
1.0 0.99997413
0.0 0.0012079823
1.0 0.9999862
0.0 0.0027286485
1.0 0.9995239
1.0 0.9999825
0.0 0.2296974
0.0 0.036513824
1.0 0.99997544
0.0 0.003822201
1.0 0.9999721
0.0 0.002891663
0.0 0.030249782
1.0 0.9999862
1.0 0.9999831
1.0 0.99991953
1.0 0.99997413
1.0 0.99998605
1.0 0.99800247
1.0 0.9997545
1.0 0.9978119
0.0 0.008627498
1.0 0.9999565
1.0 0.99996805
1.0 0.9997825
1.0 0.99995613
0.0 0.004601436
1.0 0.99787617
1.0 0.9999839
0.0 0.0009557137
1.0 0.9999832
1.0 0.9999567
1.0 0.99976724
1.0 0.9976146
0.0 0.036513824
1.0 0.9999192
1.0 0.9999567
1.0 0.9999734
1.0 0.99998546
1.0 0.99660695
1.0 0.9976146
0.0 0.0024980735
0.0 0.2773974
1.0 0.9999871
1.0 0.99976724
1.0 0.9500402
0.0 0.008948529
1.0 0.9997812
0.0 0.0013512346
1.0 0.999987
1.0 0.9999831
1.0 0.8882998
1.0 0.926451
0.0 0.0024162922
1.0 0.9260692
1.0 0.9260692
1.0 0.9975278
0.0 0.0013512346
1.0 0.99996746
1.0 0.9999831
1.0 0.9999851
1.0 0.99764293
0.0 0.0030472553
1.0 0.9999825
0.0 0.0024980735
1.0 0.9999609
1.0 0.99992144
1.0 0.9103715
1.0 0.99998534
1.0 0.99998486
0.0 0.0011904093
0.0 0.0024162922
1.0 0.9997274
1.0 0.9997274
1.0 0.99773514
1.0 0.99991393
0.0 0.18828066
1.0 0.99997437
1.0 0.9999851
1.0 0.9999851
1.0 0.9999864
0.0 0.048092116
1.0 0.9999192
1.0 0.9999703
1.0 0.8882998
1.0 0.99991393
0.0 0.009113172
1.0 0.99996567
1.0 0.9975278
1.0 0.9999156
1.0 0.99997234
0.0 0.012436873
0.0 0.23133664
1.0 0.9999653
0.0 0.003822201
1.0 0.9999851
1.0 0.9997496
1.0 0.9103715
1.0 0.99993
0.0 0.23133664
1.0 0.99993205
1.0 0.9999567
1.0 0.9260692
1.0 0.99773514
1.0 0.9999856
0.0 0.007392751
1.0 0.95374435
1.0 0.99751425
1.0 0.9260692
0.0 0.2773974
0.0 0.0027302008
1.0 0.9999825
0.0 0.068006456
0.0 0.0011904093
1.0 0.9999857
1.0 0.9999156
1.0 0.9999831
1.0 0.9997825
0.0 0.004601436
1.0 0.9975278
1.0 0.9999856
0.0 0.004601436
1.0 0.999967
1.0 0.9103715
0.0 0.0009557137
0.0 0.068006456
1.0 0.99998486
0.0 0.0066117025
1.0 0.99998534
0.0 0.038255047
0.0 0.0011904093
1.0 0.99992144
0.0 0.030249782
0.0 0.036513824
0.0 0.0030472553
1.0 0.99976724
1.0 0.9999862
0.0 0.0009652817
1.0 0.99995613
1.0 0.99998546
1.0 0.9997274
0.0 0.0267841
1.0 0.90250325
1.0 0.9999753
1.0 0.99773514
1.0 0.9997545
1.0 0.99992406
1.0 0.999982
1.0 0.9999702
1.0 0.9999839
1.0 0.9999856
1.0 0.9999651
1.0 0.99996746
0.0 0.042621333
1.0 0.9999831
0.0 0.0010060664
0.0 0.2773974
1.0 0.9999862
1.0 0.99993205
1.0 0.99997437
1.0 0.9999567
1.0 0.99996567
1.0 0.999987
0.0 0.048092116
1.0 0.9995239
1.0 0.9999565
0.0 0.2296974
1.0 0.9997812
1.0 0.9999862
1.0 0.9999864
0.0 0.0066117025
1.0 0.99991953
0.0 0.0267841
1.0 0.9260692
1.0 0.9999753
1.0 0.9997825
1.0 0.9995239
0.0 0.008627498
0.0 0.008948529
0.0 0.23782651
1.0 0.9975278
1.0 0.9999864
1.0 0.999987
1.0 0.8879198
1.0 0.99764293
1.0 0.99996805
1.0 0.9999635
1.0 0.99992204
1.0 0.9999826
0.0 0.007875831
1.0 0.9999862
1.0 0.9999653
1.0 0.99993205
1.0 0.9997825
0.0 0.004601436
1.0 0.95374435
0.0 0.038255047
1.0 0.9997825
1.0 0.926451
1.0 0.9999831
0.0 0.048092116
1.0 0.9999871
1.0 0.99998176
1.0 0.99997544
1.0 0.999987
0.0 0.0267841
0.0 0.0011904093
1.0 0.99751425
0.0 0.009113172
1.0 0.9997825
1.0 0.99992144
1.0 0.99997544
1.0 0.9999856
1.0 0.99813974
1.0 0.99998546
0.0 0.008948529
0.0 0.009113172
1.0 0.9999857
1.0 0.99995244
1.0 0.99800247
1.0 0.99976724
1.0 0.99993205
0.0 0.048092116
0.0 0.002891663
1.0 0.90250325
1.0 0.99998677
1.0 0.9999862
1.0 0.999987
0.0 0.007875831
0.0 0.18828066
1.0 0.9999826
0.0 0.005569743
1.0 0.9999565
1.0 0.926451
0.0 0.030249782
1.0 0.9999598
1.0 0.9999831
1.0 0.9999831
1.0 0.9999815
1.0 0.99998176
1.0 0.99998677
1.0 0.9999851
1.0 0.99996424
0.0 0.0021605408
0.0 0.0024162922
1.0 0.99995613
1.0 0.99976724
1.0 0.99997234
0.0 0.038255047
1.0 0.9270539
1.0 0.99996805
1.0 0.999967
1.0 0.9999857
1.0 0.99773514
0.0 0.036513824
0.0 0.0013512346
0.0 0.036513824
1.0 0.9999862
1.0 0.99993205
1.0 0.9995239
0.0 0.0010326544
1.0 0.9998233
0.0 0.007392751
1.0 0.9997496
1.0 0.9997812
1.0 0.9999651
1.0 0.99998534
1.0 0.9995239
0.0 0.0012079823
1.0 0.9999825
1.0 0.9270539
1.0 0.99992144
1.0 0.99992144
1.0 0.9998233
1.0 0.99995756
1.0 0.8879198
1.0 0.95374435
0.0 0.24338575
0.0 0.2296974
0.0 0.002891663
0.0 0.18828066
0.0 0.0011904093
0.0 0.0013512346
1.0 0.9999851
0.0 0.0024162922
0.0 0.0030472553
1.0 0.9978119
0.0 0.0012079823
0.0 0.2773974
0.0 0.002891663
0.0 0.030249782
1.0 0.99993205
0.0 0.005569743
1.0 0.99998486
1.0 0.9999863
1.0 0.9999851
1.0 0.99998534
0.0 0.24338575
1.0 0.9103715
0.0 0.0021605408
1.0 0.99995244
0.0 0.048092116
1.0 0.99997544
0.0 0.005569743
0.0 0.0027286485
1.0 0.99976724
1.0 0.99995613
1.0 0.9999734
1.0 0.9999864
1.0 0.99992406
1.0 0.99996567
1.0 0.926451
1.0 0.8882998
1.0 0.99998677
1.0 0.9999831
1.0 0.9997812
0.0 0.031935085
0.0 0.0010326544
0.0 0.04759212
