true vs pred:
1.0 0.99978024
1.0 0.8767684
1.0 0.99977976
1.0 0.9993994
1.0 0.9995807
1.0 0.9997662
1.0 0.99905354
1.0 0.9997874
1.0 0.9997938
1.0 0.99975663
1.0 0.99976796
1.0 0.9995409
1.0 0.9997671
1.0 0.9997807
1.0 0.99873024
1.0 0.9997671
1.0 0.99873024
1.0 0.9997913
1.0 0.99972564
1.0 0.999764
1.0 0.9997867
1.0 0.99982125
1.0 0.99978393
1.0 0.9997826
1.0 0.99977344
1.0 0.99978393
1.0 0.9998211
1.0 0.9997727
1.0 0.9993767
1.0 0.99859506
1.0 0.99971086
1.0 0.9987569
1.0 0.99933726
1.0 0.9987569
1.0 0.9989059
1.0 0.9997894
1.0 0.9704148
1.0 0.99981946
1.0 0.99978846
1.0 0.9997751
1.0 0.997271
1.0 0.9921072
1.0 0.99978024
1.0 0.9988152
1.0 0.99978596
1.0 0.9995409
1.0 0.99978656
1.0 0.99976796
1.0 0.99976975
1.0 0.9995561
1.0 0.9995561
1.0 0.99978954
1.0 0.9997925
1.0 0.9997831
1.0 0.9997894
1.0 0.9986339
1.0 0.99977845
1.0 0.9997867
1.0 0.9997727
1.0 0.9997894
1.0 0.99971515
1.0 0.99859506
1.0 0.99977106
1.0 0.9997727
1.0 0.9997751
1.0 0.9997789
1.0 0.99971515
1.0 0.99977976
1.0 0.99978656
1.0 0.99958926
1.0 0.9907278
1.0 0.9997583
1.0 0.99978656
1.0 0.99976
1.0 0.9996189
1.0 0.9997727
1.0 0.9995561
1.0 0.99981946
1.0 0.9997389
1.0 0.9997888
1.0 0.9992555
1.0 0.99978024
1.0 0.9995561
1.0 0.9997813
1.0 0.99978846
1.0 0.99976677
1.0 0.9977036
1.0 0.99937373
1.0 0.99977845
1.0 0.9975442
1.0 0.9997938
1.0 0.9997856
1.0 0.997384
1.0 0.90386605
1.0 0.9793712
1.0 0.9997906
1.0 0.99937373
1.0 0.99978024
1.0 0.9219215
1.0 0.99315685
1.0 0.99972135
1.0 0.9988605
1.0 0.99982125
1.0 0.9997389
1.0 0.9138379
1.0 0.9997825
1.0 0.9997751
1.0 0.99977845
1.0 0.9914187
1.0 0.9727853
1.0 0.9998254
1.0 0.9997662
1.0 0.99978024
1.0 0.99976045
1.0 0.99978596
1.0 0.9914484
1.0 0.9995409
1.0 0.8767684
1.0 0.99976975
1.0 0.99978954
1.0 0.99974364
1.0 0.9975442
1.0 0.9995541
1.0 0.9995623
1.0 0.9998254
1.0 0.9907278
1.0 0.9997671
1.0 0.9974637
1.0 0.99971086
1.0 0.99981946
1.0 0.9997086
1.0 0.9435843
1.0 0.99497104
1.0 0.9997867
1.0 0.90440714
1.0 0.99905354
1.0 0.9997925
1.0 0.9997826
1.0 0.99972135
1.0 0.9997831
1.0 0.9995409
1.0 0.9997671
1.0 0.99972564
1.0 0.99978656
1.0 0.9914484
1.0 0.99464756
1.0 0.99873024
1.0 0.97312796
1.0 0.99978846
1.0 0.9997764
1.0 0.99976
1.0 0.9997789
1.0 0.99976975
1.0 0.9704148
1.0 0.99414223
1.0 0.9907278
1.0 0.9997662
1.0 0.9997389
1.0 0.9998258
1.0 0.99978954
1.0 0.999764
1.0 0.92390627
1.0 0.99978846
1.0 0.90440714
1.0 0.9992555
1.0 0.99981874
1.0 0.9997807
1.0 0.9997826
1.0 0.99976
1.0 0.894289
1.0 0.9997789
1.0 0.99958605
1.0 0.9995541
1.0 0.9914187
1.0 0.99977106
1.0 0.9988152
1.0 0.9997894
1.0 0.9435843
1.0 0.9997905
1.0 0.9997727
1.0 0.9907278
1.0 0.9977036
1.0 0.99497104
1.0 0.99976796
1.0 0.90440714
1.0 0.9997874
1.0 0.9997671
1.0 0.99976045
1.0 0.99933136
1.0 0.99958605
1.0 0.9772524
1.0 0.9704148
1.0 0.9914484
1.0 0.999764
1.0 0.9704148
1.0 0.9997814
1.0 0.9997826
1.0 0.99809223
1.0 0.9998233
1.0 0.9989059
1.0 0.9997583
1.0 0.99972135
1.0 0.92390627
1.0 0.99977654
1.0 0.99975353
1.0 0.9995409
1.0 0.9995541
1.0 0.9982115
1.0 0.99982125
1.0 0.9997894
1.0 0.9977258
1.0 0.9997737
1.0 0.9997873
1.0 0.90440714
1.0 0.9997888
1.0 0.9977036
1.0 0.9997662
1.0 0.9995623
1.0 0.997384
1.0 0.9997873
1.0 0.99976
1.0 0.99189794
1.0 0.99977976
1.0 0.99978954
1.0 0.9997671
1.0 0.9921072
1.0 0.9772524
1.0 0.894289
1.0 0.9997905
1.0 0.99976045
1.0 0.9997583
1.0 0.9985991
1.0 0.99978024
1.0 0.99982125
1.0 0.99975663
1.0 0.9219215
1.0 0.99873024
1.0 0.9772524
1.0 0.99976045
1.0 0.9997284
1.0 0.9974637
1.0 0.99976677
1.0 0.9985991
1.0 0.99972135
1.0 0.97312796
1.0 0.99905354
1.0 0.99958605
1.0 0.9704148
1.0 0.999783
1.0 0.9997813
1.0 0.9988152
1.0 0.9995807
1.0 0.9997831
1.0 0.99982053
1.0 0.99958605
1.0 0.9993523
1.0 0.99769396
1.0 0.9997789
1.0 0.99977654
1.0 0.9998233
1.0 0.9997615
1.0 0.9989059
1.0 0.9997764
1.0 0.999783
1.0 0.9995409
1.0 0.9997888
1.0 0.9997727
1.0 0.999762
1.0 0.9986339
1.0 0.99873024
1.0 0.9793712
1.0 0.99937373
1.0 0.9997284
1.0 0.99978584
1.0 0.9997662
1.0 0.9997727
1.0 0.9997718
1.0 0.999762
1.0 0.99977344
1.0 0.9997856
1.0 0.9997905
1.0 0.99958926
1.0 0.9995409
1.0 0.9997094
1.0 0.9997825
1.0 0.99977106
1.0 0.99976045
1.0 0.99981874
1.0 0.9993523
1.0 0.99976
1.0 0.99979275
1.0 0.99955493
1.0 0.9997874
1.0 0.99976975
1.0 0.99976796
1.0 0.99978596
1.0 0.99944097
1.0 0.99315685
1.0 0.9992555
1.0 0.9997876
1.0 0.8907102
1.0 0.99933136
1.0 0.9997615
1.0 0.9998254
1.0 0.99978393
1.0 0.8767684
1.0 0.9997874
1.0 0.99905354
1.0 0.99981874
1.0 0.9977036
1.0 0.9772524
1.0 0.9997888
1.0 0.9793712
1.0 0.9997086
1.0 0.9997867
1.0 0.9997874
1.0 0.99981874
1.0 0.99976045
1.0 0.9998254
1.0 0.894289
1.0 0.9988152
1.0 0.9997737
1.0 0.99981946
1.0 0.99981874
1.0 0.9997284
1.0 0.99958926
1.0 0.99976045
1.0 0.9997583
1.0 0.99859506
1.0 0.9997888
1.0 0.9997737
1.0 0.99978656
1.0 0.99935097
1.0 0.99977654
1.0 0.9997813
1.0 0.99937373
1.0 0.99972564
1.0 0.99975663
1.0 0.99935097
1.0 0.9997737
1.0 0.9997671
1.0 0.9997625
1.0 0.9997874
1.0 0.9992555
1.0 0.99937373
1.0 0.9219215
1.0 0.9997831
1.0 0.99976
1.0 0.99905354
1.0 0.9997671
1.0 0.99979275
1.0 0.9895902
1.0 0.9997913
1.0 0.9997873
1.0 0.9995561
1.0 0.99971086
1.0 0.9975442
1.0 0.9997925
1.0 0.99894077
1.0 0.9995623
1.0 0.9595126
1.0 0.9997284
1.0 0.99975663
1.0 0.99933136
1.0 0.9995409
1.0 0.9998227
1.0 0.999762
1.0 0.9996978
1.0 0.9986339
1.0 0.9996189
1.0 0.99976
1.0 0.999783
1.0 0.9998258
1.0 0.9997751
1.0 0.9914187
1.0 0.99497104
1.0 0.99873024
1.0 0.99975663
1.0 0.9997825
1.0 0.9989059
1.0 0.9996978
1.0 0.99982053
1.0 0.9997905
1.0 0.99977976
1.0 0.8767684
1.0 0.9992555
1.0 0.9914187
1.0 0.99972135
1.0 0.9977258
1.0 0.9793712
1.0 0.9921072
1.0 0.9987569
1.0 0.99414223
1.0 0.9998233
1.0 0.997271
1.0 0.9895902
1.0 0.99894077
1.0 0.99975353
1.0 0.99971515
1.0 0.997384
1.0 0.9993994
1.0 0.99977976
1.0 0.9993767
1.0 0.9997938
1.0 0.999762
1.0 0.9997874
1.0 0.999783
1.0 0.99977344
1.0 0.9993994
1.0 0.99977344
1.0 0.9997662
1.0 0.9704148
1.0 0.9989059
1.0 0.99955493
1.0 0.99981874
1.0 0.9997905
1.0 0.9977036
1.0 0.999762
1.0 0.9997825
1.0 0.9997874
1.0 0.9995409
1.0 0.9997727
1.0 0.9997789
1.0 0.99977106
1.0 0.99977976
1.0 0.99977976
1.0 0.99859506
1.0 0.9974637
1.0 0.9997662
1.0 0.9989059
1.0 0.99976677
1.0 0.9995541
1.0 0.98268706
1.0 0.90386605
1.0 0.99982053
1.0 0.9997737
1.0 0.99976
1.0 0.9997894
1.0 0.99933136
1.0 0.9997727
1.0 0.9982115
1.0 0.999762
1.0 0.97484934
1.0 0.997271
1.0 0.99937373
1.0 0.9997662
1.0 0.99414223
1.0 0.9997662
1.0 0.90386605
1.0 0.9997094
1.0 0.9995623
1.0 0.8767684
1.0 0.9907278
1.0 0.9997807
1.0 0.9998233
1.0 0.9993767
1.0 0.99955493
1.0 0.9997727
1.0 0.99981874
1.0 0.9995409
1.0 0.9998227
1.0 0.9914187
1.0 0.99982125
1.0 0.9648819
1.0 0.9997727
1.0 0.9977036
1.0 0.9997751
1.0 0.9997906
1.0 0.99976796
1.0 0.99976975
1.0 0.99976796
1.0 0.9997789
1.0 0.9996978
1.0 0.97484934
1.0 0.9998258
1.0 0.90386605
1.0 0.9977258
1.0 0.9988152
1.0 0.99933136
1.0 0.99982125
1.0 0.9997737
1.0 0.99978954
1.0 0.9998227
1.0 0.9793712
1.0 0.9219215
1.0 0.9998254
1.0 0.9997086
1.0 0.9997894
1.0 0.9993523
1.0 0.9997727
1.0 0.9986339
1.0 0.9975442
1.0 0.9793712
1.0 0.99971086
1.0 0.9997389
1.0 0.9985991
1.0 0.9997876
1.0 0.9993767
1.0 0.99978024
1.0 0.9998254
1.0 0.90386605
1.0 0.997384
1.0 0.99974364
1.0 0.99697626
1.0 0.99978846
1.0 0.9727853
1.0 0.9914484
1.0 0.894289
1.0 0.9772524
1.0 0.92390627
1.0 0.9997662
1.0 0.9670788
1.0 0.9975442
1.0 0.9974637
1.0 0.9998233
1.0 0.894289
1.0 0.9997094
1.0 0.99958926
1.0 0.9998228
1.0 0.99958926
