true vs pred:
1.0 0.96085906
1.0 0.99998844
1.0 0.9997812
1.0 0.9999263
0.0 0.0008444266
1.0 0.9999316
0.0 0.00043543978
1.0 0.9999864
1.0 0.99998546
1.0 0.99996996
1.0 0.99998546
1.0 0.99998677
1.0 0.9999558
1.0 0.99972564
1.0 0.9999677
0.0 0.0008444266
0.0 0.0016453092
0.0 0.00091654115
1.0 0.9984907
1.0 0.99998724
1.0 0.9999882
0.0 0.0007773334
1.0 0.9999888
0.0 0.00036679878
1.0 0.99996614
1.0 0.9999864
1.0 0.9999864
0.0 0.0011646388
1.0 0.9999721
0.0 0.00036679878
1.0 0.99996614
1.0 0.9999368
1.0 0.99996614
1.0 0.9999852
1.0 0.9999579
1.0 0.9999882
0.0 0.0040735872
0.0 0.0011646388
0.0 0.0012392045
1.0 0.9986259
1.0 0.999928
1.0 0.9999579
0.0 0.0010301102
0.0 0.00036679878
0.0 0.23926745
0.0 0.0015583556
1.0 0.99999
1.0 0.99994564
1.0 0.9999368
1.0 0.99998915
1.0 0.9999368
0.0 0.00533391
0.0 0.004364325
1.0 0.9986725
1.0 0.94460106
1.0 0.999928
0.0 0.0015695699
1.0 0.99998915
1.0 0.9999677
1.0 0.9999225
1.0 0.9999685
1.0 0.99998915
0.0 0.00067982316
1.0 0.99996054
0.0 0.11288178
1.0 0.99996996
0.0 0.13009846
1.0 0.9999677
1.0 0.9999865
0.0 0.0074272444
1.0 0.9999578
0.0 0.010489373
1.0 0.99996054
1.0 0.9999368
0.0 0.001576498
0.0 0.004364325
1.0 0.99972314
0.0 0.0074272444
1.0 0.99856806
0.0 0.0011646388
0.0 0.18926522
1.0 0.99998844
1.0 0.9999864
1.0 0.999972
1.0 0.9662937
0.0 0.010151665
0.0 0.11587507
1.0 0.99972564
1.0 0.9986725
0.0 0.00036679878
0.0 0.0015708363
1.0 0.99968743
1.0 0.99992824
1.0 0.99998915
1.0 0.9997197
1.0 0.99973184
0.0 0.13009846
1.0 0.9999558
1.0 0.99996996
1.0 0.9597206
0.0 0.11608838
0.0 0.0029338233
0.0 0.002286096
0.0 0.0016453092
1.0 0.99998784
1.0 0.9644372
0.0 0.001384279
1.0 0.999928
1.0 0.99998677
1.0 0.99856806
0.0 0.0041800425
1.0 0.9999852
1.0 0.99998593
0.0 0.009841925
1.0 0.9999565
1.0 0.96298707
0.0 0.0005323556
1.0 0.96085906
0.0 0.0020741078
1.0 0.9997197
0.0 0.0008091373
0.0 0.0004995444
1.0 0.9997589
1.0 0.94460106
1.0 0.99994564
1.0 0.9999696
1.0 0.9999888
0.0 0.00090798386
1.0 0.9999893
1.0 0.99973184
0.0 0.18926522
0.0 0.0015695699
0.0 0.00036679878
1.0 0.9999893
1.0 0.99996054
1.0 0.9999635
0.0 0.0014994472
1.0 0.99972564
1.0 0.9999696
0.0 0.00052772684
0.0 0.0020741078
1.0 0.9647505
1.0 0.99994564
0.0 0.016816286
1.0 0.9999864
1.0 0.9986259
1.0 0.9999882
1.0 0.94460106
0.0 0.0009065272
0.0 0.00090798386
0.0 0.0050292467
1.0 0.99996614
1.0 0.99998677
1.0 0.9996393
1.0 0.99998546
0.0 0.00090798386
0.0 0.0008091373
0.0 0.17297493
0.0 0.0020741078
1.0 0.9996393
1.0 0.9999721
0.0 0.00043543978
1.0 0.9999316
0.0 0.0009065272
1.0 0.9999864
1.0 0.99998534
1.0 0.9999635
1.0 0.9999683
1.0 0.9999558
0.0 0.0011646388
1.0 0.9984041
1.0 0.9999677
1.0 0.99997056
1.0 0.9966311
1.0 0.99998915
0.0 0.00090798386
1.0 0.99995804
1.0 0.9997197
1.0 0.9999597
0.0 0.0011646388
1.0 0.9999893
1.0 0.9999677
0.0 0.0050292467
0.0 0.0004995444
0.0 0.0015708363
1.0 0.9999263
1.0 0.9999683
1.0 0.99996924
1.0 0.9999864
0.0 0.001384279
1.0 0.99992824
0.0 0.0016453092
0.0 0.0074272444
1.0 0.9999621
1.0 0.9999677
1.0 0.9999882
1.0 0.99998915
1.0 0.9996393
0.0 0.009841925
1.0 0.99998784
0.0 0.00090798386
1.0 0.99992824
1.0 0.9986259
1.0 0.99996996
1.0 0.9985857
1.0 0.99968743
1.0 0.9999889
1.0 0.99856806
0.0 0.17790699
1.0 0.9985857
0.0 0.009663461
1.0 0.99996614
1.0 0.9999721
1.0 0.99880636
1.0 0.9999558
0.0 0.0093142055
0.0 0.0009065272
1.0 0.99972564
1.0 0.9999877
1.0 0.9985857
0.0 0.0008444266
0.0 0.23926745
1.0 0.9999865
0.0 0.0093142055
1.0 0.9999316
0.0 0.23632976
1.0 0.99972314
1.0 0.96298707
1.0 0.99998724
1.0 0.9999368
1.0 0.99972564
1.0 0.9597206
0.0 0.13009846
1.0 0.9999263
1.0 0.99998903
0.0 0.00533391
1.0 0.9662937
1.0 0.99996054
1.0 0.9999635
0.0 0.0004995444
1.0 0.9999621
1.0 0.99998546
1.0 0.9999597
1.0 0.99973184
1.0 0.9999888
0.0 0.010489373
1.0 0.9999263
1.0 0.99998677
1.0 0.99998784
1.0 0.99996614
1.0 0.99998915
1.0 0.96085906
0.0 0.0011646388
1.0 0.9647505
1.0 0.99998724
1.0 0.9999225
0.0 0.0035553966
1.0 0.9999871
0.0 0.0008444266
1.0 0.9986725
0.0 0.001124308
1.0 0.9999871
1.0 0.99996996
1.0 0.99998915
1.0 0.9999565
1.0 0.9644372
1.0 0.9999683
1.0 0.9999316
0.0 0.17297493
1.0 0.99996996
1.0 0.99856806
0.0 0.002286096
1.0 0.9999871
1.0 0.9999871
0.0 0.11608838
1.0 0.99998915
1.0 0.9721275
0.0 0.010489373
1.0 0.9721275
0.0 0.0015695699
1.0 0.9999888
1.0 0.9999864
1.0 0.99968743
0.0 0.00300929
1.0 0.99880636
1.0 0.9985857
0.0 0.009663461
0.0 0.0041800425
1.0 0.9999597
1.0 0.9991899
1.0 0.9966311
1.0 0.9966311
1.0 0.9999871
1.0 0.9999877
0.0 0.11608838
0.0 0.0004995444
1.0 0.99998844
1.0 0.9597206
1.0 0.9997197
0.0 0.0040735872
0.0 0.002286096
0.0 0.000582156
1.0 0.99998915
1.0 0.9999864
0.0 0.01063564
1.0 0.9999578
1.0 0.9999635
0.0 0.00300929
0.0 0.009663461
1.0 0.9966311
1.0 0.9999865
0.0 0.00300929
0.0 0.0035553966
1.0 0.9999864
1.0 0.9966311
1.0 0.99998534
1.0 0.9999882
1.0 0.99998844
1.0 0.9966311
1.0 0.99972564
1.0 0.9999721
0.0 0.002286096
0.0 0.18926522
1.0 0.99994564
0.0 0.010489373
1.0 0.9999368
0.0 0.000419954
1.0 0.96085906
0.0 0.0005323556
0.0 0.0020741078
1.0 0.99856806
1.0 0.9999862
1.0 0.99998546
1.0 0.99998844
1.0 0.9984041
1.0 0.99996614
0.0 0.11587507
0.0 0.18926522
0.0 0.17790699
1.0 0.99995804
1.0 0.99998546
1.0 0.9997589
0.0 0.23632976
0.0 0.009841925
1.0 0.9999864
0.0 0.11608838
1.0 0.9671146
1.0 0.9999889
0.0 0.002286096
0.0 0.00533391
0.0 0.009841925
0.0 0.000419954
1.0 0.9999683
1.0 0.99998903
0.0 0.0005323556
1.0 0.99973184
1.0 0.9996642
1.0 0.9671146
1.0 0.999972
1.0 0.99856806
0.0 0.0012392045
1.0 0.96085906
1.0 0.9999316
1.0 0.9999696
0.0 0.009663461
0.0 0.00044607336
1.0 0.99998915
1.0 0.999972
0.0 0.01063564
1.0 0.9996393
1.0 0.9966311
1.0 0.9999635
0.0 0.0005323556
0.0 0.0074272444
1.0 0.9999864
0.0 0.00043543978
0.0 0.004364325
1.0 0.94460106
1.0 0.9999677
1.0 0.999972
1.0 0.9999871
1.0 0.9999882
1.0 0.9999316
1.0 0.9999579
1.0 0.9997812
1.0 0.9966311
1.0 0.9999893
1.0 0.99880636
0.0 0.012632649
0.0 0.11608838
1.0 0.99998534
1.0 0.9999579
1.0 0.99999
0.0 0.001124308
1.0 0.99999
1.0 0.9999865
0.0 0.0009065272
1.0 0.9999893
0.0 0.11608838
0.0 0.0010301102
0.0 0.0005323556
0.0 0.00533391
0.0 0.00039810492
1.0 0.99998903
1.0 0.9999877
1.0 0.96085906
0.0 0.0040735872
1.0 0.9997589
0.0 0.00300929
0.0 0.2745217
1.0 0.9999683
1.0 0.99992824
0.0 0.0005323556
0.0 0.0005323556
1.0 0.9999871
0.0 0.012632649
1.0 0.9999565
1.0 0.9999579
1.0 0.9999683
1.0 0.9999316
0.0 0.004364325
0.0 0.00533391
0.0 0.13009846
0.0 0.17790699
0.0 0.0029338233
1.0 0.99998915
1.0 0.99998546
0.0 0.0008444266
0.0 0.0050292467
0.0 0.012632649
1.0 0.99998915
1.0 0.999972
1.0 0.9986259
1.0 0.99997056
1.0 0.9999565
0.0 0.00090798386
0.0 0.0040735872
0.0 0.000582156
1.0 0.99998534
1.0 0.9999683
1.0 0.9999316
0.0 0.0008091373
0.0 0.18926522
1.0 0.94460106
1.0 0.9999888
0.0 0.001576498
0.0 0.004364325
1.0 0.9644372
1.0 0.99856806
1.0 0.999972
0.0 0.001384279
0.0 0.010151665
1.0 0.99997056
1.0 0.96298707
1.0 0.9999368
1.0 0.9647505
1.0 0.99992824
0.0 0.009534492
0.0 0.11608838
1.0 0.9647505
1.0 0.99998915
1.0 0.99972564
1.0 0.99972564
1.0 0.99998915
1.0 0.9662937
0.0 0.00533391
1.0 0.99996054
0.0 0.001124308
0.0 0.2745217
1.0 0.9997589
1.0 0.9999852
1.0 0.99998915
1.0 0.99998534
0.0 0.0074272444
0.0 0.00052772684
0.0 0.000448833
1.0 0.9987525
1.0 0.9999347
1.0 0.9999696
0.0 0.000448833
1.0 0.99998534
1.0 0.9999225
1.0 0.99996924
0.0 0.0008444266
0.0 0.001384279
0.0 0.0008091373
0.0 0.00090798386
1.0 0.9647505
0.0 0.00391852
1.0 0.99880636
1.0 0.9999865
1.0 0.9966311
0.0 0.0012392045
1.0 0.9999889
1.0 0.99998546
1.0 0.9999865
0.0 0.00090798386
1.0 0.9999862
1.0 0.9671146
1.0 0.99994564
0.0 0.23632976
1.0 0.99972564
1.0 0.99998677
0.0 0.0016453092
0.0 0.009663461
0.0 0.0068579526
1.0 0.99998546
0.0 0.13009846
0.0 0.0035553966
1.0 0.9996393
1.0 0.9999721
1.0 0.9999893
1.0 0.9999882
1.0 0.9999877
0.0 0.000419954
1.0 0.9999635
0.0 0.0009065272
1.0 0.9999864
1.0 0.9999597
1.0 0.99994564
