true vs pred:
1.0 0.96473885
1.0 0.8053474
1.0 0.97829354
0.0 0.45040986
1.0 0.95974827
1.0 0.6626174
1.0 0.9393797
1.0 0.77355427
1.0 0.70106137
0.0 0.55774057
1.0 0.9768609
1.0 0.9711685
0.0 0.36126822
1.0 0.97687906
1.0 0.27627137
1.0 0.97502536
0.0 0.9171095
1.0 0.9647381
1.0 0.7454901
1.0 0.9530691
1.0 0.9761174
1.0 0.6042914
1.0 0.95367205
1.0 0.8780022
0.0 0.47177804
1.0 0.9513403
1.0 0.9652222
1.0 0.7264992
1.0 0.9382056
1.0 0.9818126
0.0 0.7760427
1.0 0.92383605
1.0 0.9706106
1.0 0.9736047
1.0 0.9808528
1.0 0.9813471
1.0 0.9820393
1.0 0.6348432
1.0 0.8729491
1.0 0.8311861
0.0 0.9090577
1.0 0.97687906
1.0 0.25704378
1.0 0.98114806
1.0 0.9646202
1.0 0.778441
1.0 0.97866315
1.0 0.95486134
1.0 0.8107692
1.0 0.84103477
1.0 0.86734325
1.0 0.7411554
1.0 0.89168495
1.0 0.7902983
1.0 0.9649728
1.0 0.95318735
1.0 0.96653837
1.0 0.8786256
1.0 0.97217166
1.0 0.63802785
1.0 0.5970005
0.0 0.624288
0.0 0.72470254
1.0 0.70585597
1.0 0.8117678
1.0 0.9631917
1.0 0.78843534
1.0 0.95248836
1.0 0.7987297
1.0 0.9551793
0.0 0.77782714
1.0 0.77681184
1.0 0.82976663
1.0 0.79280156
1.0 0.8614318
1.0 0.88732696
1.0 0.9683055
1.0 0.9818364
1.0 0.7561244
0.0 0.63686806
1.0 0.9655994
1.0 0.97950804
1.0 0.9123289
1.0 0.77958155
1.0 0.8466617
1.0 0.8926258
1.0 0.96709454
1.0 0.957712
1.0 0.7767916
0.0 0.4446856
1.0 0.6639361
0.0 0.40087333
1.0 0.9578185
1.0 0.74409205
1.0 0.9728928
1.0 0.45988944
1.0 0.95723736
1.0 0.80571157
1.0 0.7732703
1.0 0.91284996
1.0 0.9623128
1.0 0.98114806
1.0 0.9162389
1.0 0.7994885
1.0 0.95370066
1.0 0.62995267
0.0 0.54901665
1.0 0.6699151
1.0 0.53765076
1.0 0.60492414
1.0 0.9655994
1.0 0.9576205
1.0 0.96748424
0.0 0.42128855
1.0 0.89671737
0.0 0.55809873
1.0 0.90994143
1.0 0.9481656
1.0 0.98169327
1.0 0.9615341
1.0 0.96121866
1.0 0.9721966
1.0 0.97920257
1.0 0.9669912
0.0 0.74522936
1.0 0.7939368
1.0 0.97028965
1.0 0.9608234
1.0 0.8146532
1.0 0.8508794
1.0 0.9818364
1.0 0.78736776
1.0 0.981545
1.0 0.51752836
1.0 0.9661964
1.0 0.9703053
1.0 0.56786937
1.0 0.9836037
1.0 0.9771836
1.0 0.9615028
1.0 0.67084926
1.0 0.9454303
1.0 0.7128833
1.0 0.9676781
1.0 0.9652222
1.0 0.9519017
1.0 0.9622143
1.0 0.9813471
0.0 0.501349
1.0 0.8323398
1.0 0.9684729
1.0 0.9743808
1.0 0.9373882
0.0 0.6112909
1.0 0.982569
1.0 0.7897749
1.0 0.9387921
1.0 0.94204843
1.0 0.96473885
1.0 0.8207413
1.0 0.8169488
1.0 0.9551793
1.0 0.95248836
1.0 0.9403838
1.0 0.8220445
1.0 0.9704093
1.0 0.8559507
1.0 0.9162389
1.0 0.9745086
1.0 0.73106194
0.0 0.49945438
1.0 0.81895286
1.0 0.9666163
1.0 0.8725913
1.0 0.9743808
1.0 0.77716136
1.0 0.9606897
1.0 0.96700466
1.0 0.9608234
1.0 0.7178135
1.0 0.9749074
1.0 0.7165305
1.0 0.90994143
1.0 0.9762907
1.0 0.95367205
1.0 0.94707406
1.0 0.9711685
1.0 0.97648937
1.0 0.9293804
1.0 0.86303794
1.0 0.61865175
1.0 0.7991695
1.0 0.8327901
1.0 0.9439337
1.0 0.9740946
1.0 0.97456545
1.0 0.9808528
0.0 0.95895344
1.0 0.7921186
1.0 0.97361404
1.0 0.9615163
1.0 0.7858896
1.0 0.71284187
1.0 0.48512062
1.0 0.9538784
1.0 0.8888139
1.0 0.7430151
1.0 0.7801711
1.0 0.7094491
1.0 0.96990126
1.0 0.94202256
1.0 0.9808528
1.0 0.9782322
0.0 0.3850957
1.0 0.96060973
1.0 0.9756594
1.0 0.74031943
1.0 0.77167195
0.0 0.4538153
1.0 0.9125422
1.0 0.957712
0.0 0.48385674
1.0 0.8901888
1.0 0.7298909
1.0 0.9719158
1.0 0.96653837
0.0 0.46212992
1.0 0.9737603
1.0 0.90060645
1.0 0.50941795
