true vs pred:
1.0 0.9977139
1.0 0.9976252
1.0 0.9879127
1.0 0.99714476
0.0 0.01173118
1.0 0.9955043
0.0 0.3668687
0.0 0.01998945
0.0 0.00286776
0.0 0.53982383
1.0 0.35337803
1.0 0.98794335
0.0 0.0018030385
1.0 0.9488311
0.0 0.0043248506
1.0 0.99834085
0.0 0.0017849606
0.0 0.0028302048
1.0 0.9980817
1.0 0.9343181
1.0 0.9379483
1.0 0.9958016
1.0 0.9978655
1.0 0.9937543
1.0 0.99773264
0.0 0.0020605852
0.0 0.0019300844
0.0 0.0019258951
1.0 0.9977448
1.0 0.99798846
0.0 0.0031277656
1.0 0.83658063
1.0 0.96406865
1.0 0.9976587
1.0 0.99693596
1.0 0.9950053
1.0 0.9976427
1.0 0.9365918
1.0 0.99673957
1.0 0.9977946
0.0 0.9739567
0.0 0.0031172629
1.0 0.9964451
0.0 0.0026406841
0.0 0.0018902968
1.0 0.99774384
1.0 0.46062744
1.0 0.9893546
1.0 0.9903994
0.0 0.00259915
1.0 0.9980422
0.0 0.0019860363
0.0 0.0020143066
0.0 0.0023801415
1.0 0.9983026
0.0 0.0096851885
1.0 0.99611855
1.0 0.9563916
1.0 0.9979457
0.0 0.010642766
1.0 0.9497654
1.0 0.99641305
1.0 0.99749184
0.0 0.0031649964
0.0 0.0017324118
1.0 0.99797195
0.0 0.0019320126
1.0 0.9983803
0.0 0.00293779
1.0 0.9454439
0.0 0.0027153625
1.0 0.9959065
1.0 0.99817467
0.0 0.0017699365
1.0 0.9979824
0.0 0.91276056
1.0 0.9975286
1.0 0.99753004
1.0 0.9061108
0.0 0.97824824
1.0 0.921064
0.0 0.0031277656
0.0 0.0025415544
1.0 0.9975327
1.0 0.99756217
0.0 0.002209421
0.0 0.0025391234
0.0 0.0028688754
0.0 0.0023473452
0.0 0.0022180215
1.0 0.99811184
1.0 0.9860247
1.0 0.27207384
1.0 0.7283784
0.0 0.0019320126
1.0 0.99713206
0.0 0.011258933
0.0 0.004205885
1.0 0.99788445
0.0 0.004937988
0.0 0.0021204746
1.0 0.9956293
1.0 0.99764085
0.0 0.0055541266
1.0 0.9979558
1.0 0.9976561
1.0 0.9976744
0.0 0.002592302
0.0 0.9279803
1.0 0.43540525
1.0 0.99798656
0.0 0.0023953859
1.0 0.99303025
1.0 0.99845207
1.0 0.9981762
1.0 0.9975497
1.0 0.9978604
1.0 0.9983725
0.0 0.011179265
1.0 0.9980804
0.0 0.0038950024
1.0 0.9945799
0.0 0.0031043903
1.0 0.99810165
1.0 0.9977621
1.0 0.9981177
1.0 0.9854774
1.0 0.99830353
1.0 0.9972128
1.0 0.99338645
0.0 0.0022180215
1.0 0.9979265
1.0 0.99821484
1.0 0.9623067
0.0 0.0028458324
0.0 0.0033555655
0.0 0.22086246
1.0 0.9967139
1.0 0.996912
0.0 0.002044593
1.0 0.99398637
1.0 0.97343034
1.0 0.9972301
0.0 0.16564642
1.0 0.9971354
1.0 0.9563916
1.0 0.99794585
0.0 0.04120127
1.0 0.99052316
0.0 0.0028094866
1.0 0.9980122
1.0 0.99787104
1.0 0.997834
0.0 0.0077908807
0.0 0.011105941
0.0 0.002930572
1.0 0.9964296
0.0 0.002395958
1.0 0.99800617
1.0 0.997811
1.0 0.99745184
1.0 0.98725444
1.0 0.99833125
1.0 0.9474791
0.0 0.010409896
0.0 0.0029384536
1.0 0.9983358
0.0 0.012940106
1.0 0.9846154
0.0 0.055702083
0.0 0.014775297
0.0 0.006087323
0.0 0.011193416
0.0 0.31228748
0.0 0.0021024295
0.0 0.0020165702
0.0 0.0027944962
1.0 0.99614537
1.0 0.9974968
0.0 0.0017282596
0.0 0.0020360646
1.0 0.9956221
1.0 0.99769753
0.0 0.002218222
1.0 0.99832493
0.0 0.0061367885
0.0 0.7937036
0.0 0.0041133524
0.0 0.0017282596
1.0 0.994099
1.0 0.41971874
0.0 0.0019320126
0.0 0.0024398363
1.0 0.99742883
1.0 0.92468476
1.0 0.9980843
0.0 0.08640358
0.0 0.9816804
1.0 0.94275546
0.0 0.022313505
0.0 0.0023721096
1.0 0.99183965
1.0 0.9982609
1.0 0.7673661
0.0 0.0018598356
0.0 0.0032236332
1.0 0.8500475
0.0 0.002133582
1.0 0.99783415
0.0 0.0031079832
0.0 0.010584462
0.0 0.0022984038
1.0 0.97760814
0.0 0.91125035
0.0 0.0030255988
0.0 0.004071843
0.0 0.003008615
1.0 0.998151
0.0 0.35160923
1.0 0.99820125
0.0 0.00286776
0.0 0.0020303086
1.0 0.78221893
1.0 0.997463
1.0 0.99768174
0.0 0.0017499153
1.0 0.9982077
0.0 0.0018928727
1.0 0.94748044
0.0 0.0025521382
