true vs pred:
0.0 0.003046756
1.0 0.9985267
1.0 0.17198169
1.0 0.9929618
1.0 0.99761933
1.0 0.9980123
0.0 0.0045782016
0.0 0.6161538
1.0 0.9971499
1.0 0.9975172
0.0 0.0042164647
0.0 0.0017582102
1.0 0.99717075
0.0 0.0022993388
1.0 0.99857974
0.0 0.06897771
1.0 0.996576
0.0 0.001994914
1.0 0.98996603
1.0 0.9986488
0.0 0.001695532
1.0 0.9977191
1.0 0.99624443
1.0 0.9970636
1.0 0.99814487
1.0 0.99439925
1.0 0.99233913
1.0 0.8436817
0.0 0.00304622
0.0 0.017687883
1.0 0.9974764
1.0 0.9985266
0.0 0.0040881652
0.0 0.03217273
0.0 0.005297611
0.0 0.010345963
0.0 0.0035735338
1.0 0.9986129
1.0 0.9784781
0.0 0.11342453
1.0 0.6745741
0.0 0.0022993388
1.0 0.9957599
0.0 0.37302923
0.0 0.002718842
1.0 0.99836916
1.0 0.05869382
0.0 0.0019036399
1.0 0.99747545
1.0 0.996772
0.0 0.005163624
1.0 0.9977806
1.0 0.99810386
1.0 0.99834406
0.0 0.0025511282
1.0 0.99678826
1.0 0.9958468
1.0 0.99847573
0.0 0.0023286885
1.0 0.984899
1.0 0.99868625
1.0 0.9981975
1.0 0.9956755
1.0 0.9976572
1.0 0.99878865
1.0 0.6243273
1.0 0.9981737
0.0 0.002729257
1.0 0.9963527
0.0 0.002480983
1.0 0.9984054
1.0 0.99820566
1.0 0.9981178
1.0 0.96104014
1.0 0.99856097
1.0 0.9971487
1.0 0.9970572
0.0 0.0033780008
1.0 0.9983858
1.0 0.998447
1.0 0.9966685
0.0 0.0027437652
0.0 0.0025900786
0.0 0.030581953
1.0 0.99681
1.0 0.99720436
0.0 0.0021523067
1.0 0.9979861
1.0 0.9602151
1.0 0.99472094
0.0 0.05271871
1.0 0.9968184
1.0 0.9977684
1.0 0.9977664
1.0 0.95198584
0.0 0.91534203
0.0 0.001767728
1.0 0.9986927
1.0 0.9979517
1.0 0.99847955
1.0 0.7871839
0.0 0.37302923
0.0 0.0032920984
1.0 0.99666995
0.0 0.002616913
1.0 0.9981998
1.0 0.99784327
1.0 0.99773324
1.0 0.95688623
1.0 0.9983935
1.0 0.9966685
0.0 0.0043394165
0.0 0.0020037661
1.0 0.99843556
0.0 0.006440995
1.0 0.9437731
0.0 0.0043100077
0.0 0.75952923
0.0 0.07778887
1.0 0.7590576
1.0 0.99688834
0.0 0.002380703
0.0 0.0025617566
0.0 0.067497455
1.0 0.9915063
1.0 0.99616003
0.0 0.0017466007
0.0 0.0017176642
1.0 0.98722726
1.0 0.9979943
0.0 0.0033780008
1.0 0.9985678
0.0 0.07500185
0.0 0.16344179
0.0 0.00270446
0.0 0.00174914
1.0 0.9958235
1.0 0.98607755
0.0 0.0022659397
0.0 0.0043580392
1.0 0.99711835
1.0 0.9945273
1.0 0.99831665
1.0 0.99039197
1.0 0.99233913
1.0 0.99039686
1.0 0.6505899
0.0 0.010345963
1.0 0.98113716
1.0 0.99854916
1.0 0.9960078
0.0 0.0016242479
0.0 0.0031998025
1.0 0.52172583
0.0 0.0059721833
1.0 0.9975769
0.0 0.0023963796
0.0 0.004451405
0.0 0.003046756
1.0 0.78063613
0.0 0.12583296
0.0 0.002480983
0.0 0.002729257
0.0 0.0024361983
1.0 0.9985513
1.0 0.98983896
1.0 0.9985903
0.0 0.0032920984
0.0 0.0021904162
0.0 0.928484
1.0 0.9975413
1.0 0.9975637
0.0 0.0018618414
1.0 0.9984824
0.0 0.0016242479
1.0 0.9586083
0.0 0.0043957494
0.0 0.0018470004
0.0 0.0017176642
1.0 0.9978096
0.0 0.07570721
1.0 0.9987288
0.0 0.0043100077
0.0 0.0015627667
1.0 0.99624443
0.0 0.002521338
0.0 0.0017582102
0.0 0.0016815724
0.0 0.0037002182
1.0 0.9969926
1.0 0.9972197
1.0 0.9552117
1.0 0.99843186
0.0 0.0023764104
0.0 0.0016321837
0.0 0.0022522116
0.0 0.005297611
1.0 0.9913946
1.0 0.9987342
0.0 0.046618037
0.0 0.0025561128
0.0 0.9539553
1.0 0.9949822
0.0 0.09207674
1.0 0.99672616
1.0 0.99842095
1.0 0.99839205
1.0 0.998345
1.0 0.9944997
1.0 0.98817784
1.0 0.99745077
0.0 0.005297611
1.0 0.16843493
1.0 0.98865813
0.0 0.0017026033
0.0 0.871782
1.0 0.9981002
1.0 0.99471855
1.0 0.991046
0.0 0.002454377
1.0 0.9979861
1.0 0.9870983
0.0 0.0067153797
1.0 0.99840564
0.0 0.0041403295
1.0 0.9958468
1.0 0.9913988
0.0 0.0043704542
1.0 0.99842775
0.0 0.61785907
