true vs pred:
1.0 0.9978891
1.0 0.99883455
1.0 0.9905862
1.0 0.81957495
0.0 0.004635743
1.0 0.9952165
0.0 0.003999456
1.0 0.99774444
1.0 0.9972205
1.0 0.99744487
1.0 0.90532655
1.0 0.9981468
1.0 0.99844474
0.0 0.0030108632
0.0 0.0022250738
1.0 0.99790764
0.0 0.006220614
1.0 0.9105522
0.0 0.00455816
1.0 0.9768162
1.0 0.4580876
1.0 0.99212
1.0 0.9984743
0.0 0.002999605
0.0 0.008857585
0.0 0.41159543
1.0 0.9861124
1.0 0.9942062
0.0 0.0024102586
0.0 0.001903175
1.0 0.9833798
1.0 0.99820256
0.0 0.008076912
1.0 0.9984794
1.0 0.4580876
0.0 0.10873542
0.0 0.002820289
0.0 0.0024186682
1.0 0.99258244
1.0 0.99783045
0.0 0.0029786457
0.0 0.010826912
1.0 0.9957361
1.0 0.9980268
1.0 0.9983374
1.0 0.99759835
1.0 0.99821126
1.0 0.9959586
1.0 0.85379416
0.0 0.43544105
1.0 0.96263176
1.0 0.99865675
1.0 0.99827194
0.0 0.0019289852
0.0 0.0039386926
1.0 0.31539178
0.0 0.028509984
1.0 0.99692744
0.0 0.002072776
0.0 0.003679942
0.0 0.015133861
1.0 0.56055456
0.0 0.08132877
0.0 0.0031275323
0.0 0.0030273038
0.0 0.002072776
1.0 0.99839765
1.0 0.99785185
1.0 0.9987472
0.0 0.004635743
0.0 0.0028848955
0.0 0.8119481
1.0 0.99531317
1.0 0.99748284
0.0 0.0029631245
1.0 0.9986659
0.0 0.002031541
1.0 0.8059979
0.0 0.009283955
0.0 0.0028901265
0.0 0.0019271236
1.0 0.9972873
1.0 0.45729098
1.0 0.99875605
0.0 0.004385935
0.0 0.0015531576
1.0 0.9981134
0.0 0.0024861526
0.0 0.0023374823
0.0 0.0020701578
0.0 0.004941654
1.0 0.99661607
1.0 0.99531084
0.0 0.9438814
1.0 0.9985147
0.0 0.0020228087
0.0 0.0019991877
0.0 0.0028848955
0.0 0.020594291
1.0 0.9981098
1.0 0.998801
0.0 0.82197773
0.0 0.0046388973
0.0 0.895754
1.0 0.990987
0.0 0.060986087
1.0 0.99815995
1.0 0.99840933
1.0 0.9981589
1.0 0.99816823
0.0 0.986387
1.0 0.99775606
1.0 0.9985933
0.0 0.018092781
1.0 0.9852011
1.0 0.96962535
0.0 0.0019221023
1.0 0.9819531
1.0 0.99781513
1.0 0.99222285
1.0 0.9682065
0.0 0.0028890686
1.0 0.99842274
1.0 0.9808646
0.0 0.0068594464
1.0 0.9982408
0.0 0.05167741
1.0 0.9980969
1.0 0.98454237
0.0 0.039622463
1.0 0.99860245
0.0 0.48478225
1.0 0.17733803
1.0 0.9980268
1.0 0.8919036
1.0 0.9982097
1.0 0.99880135
0.0 0.002037027
1.0 0.9988838
0.0 0.0037500602
1.0 0.9917897
0.0 0.0039132047
1.0 0.9976114
1.0 0.99864656
1.0 0.9921123
0.0 0.0017558376
1.0 0.9971277
1.0 0.99643266
1.0 0.9692048
0.0 0.6034098
1.0 0.99883217
1.0 0.99853647
1.0 0.99558985
0.0 0.1069823
1.0 0.9979102
1.0 0.99842286
0.0 0.004482391
0.0 0.0067322394
1.0 0.8569167
1.0 0.99341935
1.0 0.99253297
0.0 0.004807852
1.0 0.9975145
0.0 0.71592826
1.0 0.9957241
1.0 0.93072784
0.0 0.0018914569
1.0 0.79773456
1.0 0.99833125
0.0 0.0021542513
1.0 0.9988456
1.0 0.91626525
1.0 0.99605465
1.0 0.9985989
0.0 0.0047585545
0.0 0.002999605
1.0 0.99628013
0.0 0.0041274694
1.0 0.99812406
1.0 0.9971898
0.0 0.0024269787
1.0 0.9987374
1.0 0.9974068
0.0 0.0028525935
0.0 0.14074846
1.0 0.9617775
1.0 0.9770855
0.0 0.022840174
1.0 0.9873204
1.0 0.98608047
0.0 0.00370636
1.0 0.99071175
1.0 0.93988544
1.0 0.9952384
0.0 0.82197773
0.0 0.27355763
0.0 0.0019980902
1.0 0.96326965
1.0 0.9984516
0.0 0.0032957757
0.0 0.0016663182
1.0 0.998616
1.0 0.75453883
1.0 0.9564669
0.0 0.00307777
1.0 0.96963197
0.0 0.9193815
1.0 0.99633396
1.0 0.99836427
1.0 0.9988625
0.0 0.011106978
1.0 0.99455655
1.0 0.11448759
1.0 0.91211367
0.0 0.003039245
0.0 0.002276186
1.0 0.99072963
1.0 0.998049
0.0 0.0022312382
0.0 0.0017104717
0.0 0.0028525935
1.0 0.99706084
1.0 0.97309554
0.0 0.0020850056
0.0 0.008857585
1.0 0.995856
0.0 0.27391967
1.0 0.9982829
0.0 0.0015474013
0.0 0.057729848
