true vs pred:
1.0 0.92985666
1.0 0.99868864
0.0 0.18152605
1.0 0.9817623
0.0 0.016715288
1.0 0.9826598
1.0 0.9985453
1.0 0.9940112
1.0 0.99864024
1.0 0.93934506
0.0 0.016386686
1.0 0.99728096
0.0 0.5618592
1.0 0.99917907
1.0 0.9842731
0.0 0.5307128
1.0 0.9970285
1.0 0.9992206
1.0 0.9985453
0.0 0.016081652
1.0 0.99882513
0.0 0.01241717
0.0 0.182715
0.0 0.18020499
1.0 0.9970981
1.0 0.9842731
1.0 0.99917907
1.0 0.9991585
0.0 0.012042076
0.0 0.8088308
1.0 0.9383757
0.0 0.7135285
0.0 0.77846646
1.0 0.9986551
0.0 0.18492255
0.0 0.18020499
0.0 0.015216191
0.0 0.5181966
1.0 0.9944066
1.0 0.99573934
1.0 0.99881303
1.0 0.9944066
1.0 0.9383757
0.0 0.7722822
0.0 0.18536063
1.0 0.9817623
1.0 0.93392754
1.0 0.99727374
1.0 0.9985453
1.0 0.9841082
1.0 0.9986998
1.0 0.99864024
1.0 0.99863917
0.0 0.015200743
1.0 0.9802178
1.0 0.9970285
0.0 0.18020499
1.0 0.99728096
1.0 0.99523515
1.0 0.9817623
1.0 0.9933711
0.0 0.5469795
0.0 0.78868914
1.0 0.93783736
0.0 0.5601221
1.0 0.99861014
0.0 0.1680073
1.0 0.9970285
0.0 0.011831739
1.0 0.9971885
1.0 0.93062294
0.0 0.012391276
1.0 0.99881303
1.0 0.99865204
0.0 0.013145028
0.0 0.7135285
0.0 0.79114324
0.0 0.015216191
0.0 0.016615197
0.0 0.015216191
1.0 0.9944066
1.0 0.99911755
1.0 0.99856913
1.0 0.99884844
1.0 0.9989324
0.0 0.54956365
0.0 0.18152605
1.0 0.93392754
1.0 0.99866486
1.0 0.98325115
0.0 0.53184706
0.0 0.77846646
1.0 0.9796556
1.0 0.9817623
1.0 0.9944066
1.0 0.9954927
1.0 0.9986551
0.0 0.78868914
1.0 0.99859005
1.0 0.99728096
1.0 0.9992206
1.0 0.9970285
0.0 0.20534676
1.0 0.99881303
0.0 0.53588086
1.0 0.9951852
1.0 0.99863917
1.0 0.9989366
0.0 0.53184706
1.0 0.9988312
1.0 0.9947513
1.0 0.9818526
1.0 0.99919146
0.0 0.014138337
1.0 0.9947513
0.0 0.016386686
0.0 0.5601221
0.0 0.014138337
1.0 0.99907327
1.0 0.99856913
1.0 0.99879384
0.0 0.5469795
1.0 0.9985453
1.0 0.9988159
1.0 0.9932728
1.0 0.9937925
1.0 0.93392754
0.0 0.1680073
0.0 0.014138337
1.0 0.9984465
1.0 0.99856913
1.0 0.99868864
1.0 0.9938314
1.0 0.91061807
1.0 0.9990532
1.0 0.9987895
0.0 0.18536063
0.0 0.011942781
0.0 0.015034251
1.0 0.99885106
1.0 0.9968177
1.0 0.99907327
1.0 0.93934506
1.0 0.99879384
1.0 0.9940112
1.0 0.9987249
1.0 0.99879384
1.0 0.9989644
1.0 0.9991585
1.0 0.998744
1.0 0.9987895
0.0 0.5469795
1.0 0.9985453
0.0 0.011831739
0.0 0.016715288
0.0 0.7758675
0.0 0.79114324
0.0 0.20534676
0.0 0.182715
0.0 0.20534676
1.0 0.9992212
1.0 0.9970285
1.0 0.9842731
0.0 0.53184706
0.0 0.18492255
0.0 0.19583136
1.0 0.9989366
1.0 0.9818526
1.0 0.9796556
1.0 0.9968177
1.0 0.9989324
1.0 0.9987895
0.0 0.012042076
1.0 0.998744
0.0 0.011364923
1.0 0.93735945
1.0 0.9796556
0.0 0.012042076
1.0 0.994464
1.0 0.998744
1.0 0.9989366
1.0 0.99346864
1.0 0.9985771
0.0 0.52377105
1.0 0.99889886
1.0 0.93735945
0.0 0.012042076
1.0 0.99884844
1.0 0.99866486
1.0 0.9965706
1.0 0.99881303
0.0 0.79114324
1.0 0.99875486
1.0 0.99884844
1.0 0.9947513
0.0 0.53184706
1.0 0.92985666
0.0 0.182715
0.0 0.5181966
1.0 0.9944066
1.0 0.92833483
0.0 0.7722822
1.0 0.9944066
1.0 0.99889886
1.0 0.99413246
1.0 0.998744
1.0 0.9937925
0.0 0.7758675
1.0 0.99889886
1.0 0.99879384
0.0 0.52377105
0.0 0.77846646
1.0 0.9954124
1.0 0.9933711
0.0 0.54956365
0.0 0.78720075
0.0 0.51346326
1.0 0.99882513
1.0 0.9971885
1.0 0.99523515
1.0 0.9971885
1.0 0.99865204
1.0 0.93783736
1.0 0.99907327
0.0 0.016386686
1.0 0.99863917
1.0 0.98325115
1.0 0.99866366
1.0 0.9984465
1.0 0.9986551
0.0 0.016386686
1.0 0.9992212
1.0 0.99917233
1.0 0.99465984
1.0 0.9954124
1.0 0.99864024
1.0 0.9970981
1.0 0.93062294
1.0 0.99861014
0.0 0.013145028
1.0 0.9947513
1.0 0.9987111
0.0 0.51346326
1.0 0.9988159
1.0 0.9940112
0.0 0.013085864
1.0 0.99868864
1.0 0.93392754
1.0 0.9974752
0.0 0.20534676
1.0 0.99911755
0.0 0.011942781
0.0 0.016615197
1.0 0.99885106
1.0 0.9991585
1.0 0.99868864
1.0 0.9788359
1.0 0.99308974
1.0 0.99911755
0.0 0.016615197
1.0 0.99511343
1.0 0.9984465
1.0 0.9987111
0.0 0.19583136
0.0 0.7722822
1.0 0.99863917
1.0 0.92833483
1.0 0.9796556
0.0 0.015216191
0.0 0.52377105
1.0 0.9984829
1.0 0.99868864
1.0 0.9974752
0.0 0.016081652
0.0 0.015034251
0.0 0.01241717
0.0 0.1680073
0.0 0.014956145
1.0 0.9983181
1.0 0.93062294
0.0 0.011942781
0.0 0.5618592
1.0 0.93392754
1.0 0.99879384
0.0 0.1680073
1.0 0.9944066
1.0 0.93392754
1.0 0.99727374
0.0 0.53184706
1.0 0.99511343
1.0 0.999156
1.0 0.99728096
0.0 0.012391276
1.0 0.9987435
1.0 0.99919146
1.0 0.99866366
1.0 0.9990532
1.0 0.99864024
0.0 0.015216191
0.0 0.012391276
0.0 0.78601503
1.0 0.9989644
0.0 0.77846646
1.0 0.91061807
0.0 0.52377105
0.0 0.20534676
1.0 0.9968177
0.0 0.182715
0.0 0.18492255
1.0 0.9802178
1.0 0.9991585
1.0 0.9951852
1.0 0.99346864
1.0 0.99511343
1.0 0.9991585
1.0 0.9989644
0.0 0.012042076
0.0 0.01241717
1.0 0.9986998
1.0 0.99875486
1.0 0.9989366
0.0 0.78720075
1.0 0.99884844
0.0 0.015530163
1.0 0.9817623
1.0 0.9989324
1.0 0.99865204
1.0 0.9971072
0.0 0.182715
0.0 0.012042076
1.0 0.9970285
1.0 0.99866366
1.0 0.9987895
1.0 0.9802178
1.0 0.9985203
1.0 0.9971072
1.0 0.9987111
1.0 0.92985666
0.0 0.78601503
1.0 0.98325115
1.0 0.99907327
0.0 0.77846646
0.0 0.012319769
1.0 0.9937925
1.0 0.99865204
1.0 0.9796556
1.0 0.99861014
1.0 0.93934506
1.0 0.9940112
1.0 0.9989366
1.0 0.9990532
1.0 0.9992206
1.0 0.9992212
0.0 0.015034251
1.0 0.99882513
1.0 0.9947513
1.0 0.99727374
1.0 0.93735945
1.0 0.9383757
1.0 0.9947513
0.0 0.011831739
1.0 0.9987895
1.0 0.9802178
1.0 0.99907327
1.0 0.93392754
0.0 0.54956365
1.0 0.9985203
0.0 0.015200743
1.0 0.998744
0.0 0.5601221
1.0 0.99868864
1.0 0.997184
1.0 0.99868864
1.0 0.9383757
1.0 0.99917233
1.0 0.9984829
1.0 0.99898666
0.0 0.53184706
0.0 0.18492255
1.0 0.99850345
0.0 0.78601503
1.0 0.99856913
0.0 0.011942781
0.0 0.7135285
0.0 0.53184706
1.0 0.9224171
1.0 0.9992206
1.0 0.99866366
0.0 0.7884912
1.0 0.9989324
1.0 0.9985453
1.0 0.9984829
0.0 0.77846646
0.0 0.016081652
1.0 0.9989366
0.0 0.79114324
1.0 0.9990532
1.0 0.9984976
1.0 0.9988159
0.0 0.77846646
1.0 0.99850345
1.0 0.9954927
1.0 0.9788359
1.0 0.9383757
1.0 0.99866366
0.0 0.77846646
0.0 0.18492255
1.0 0.99875486
0.0 0.014956145
0.0 0.015216191
1.0 0.9932728
0.0 0.1680073
1.0 0.9988312
1.0 0.99889886
0.0 0.52377105
1.0 0.93783736
1.0 0.9989366
1.0 0.99523515
0.0 0.014138337
1.0 0.99850345
1.0 0.9985771
0.0 0.016386686
1.0 0.99727374
1.0 0.9974752
1.0 0.9989324
1.0 0.9954927
1.0 0.9842731
0.0 0.014138337
1.0 0.99882513
1.0 0.9971885
0.0 0.011831739
0.0 0.015530163
1.0 0.9788359
1.0 0.9987895
1.0 0.99879384
0.0 0.5601221
0.0 0.011942781
0.0 0.013085864
1.0 0.9985203
0.0 0.013145028
0.0 0.013085864
1.0 0.99917233
0.0 0.53588086
1.0 0.99889886
1.0 0.9987086
1.0 0.99308974
0.0 0.01241717
1.0 0.9987111
1.0 0.99907327
0.0 0.012391276
0.0 0.20534676
1.0 0.99875486
1.0 0.99523515
1.0 0.9826598
1.0 0.9940112
1.0 0.9988312
1.0 0.9984465
1.0 0.9940112
1.0 0.998744
0.0 0.7884912
0.0 0.78601503
1.0 0.99863917
1.0 0.9970981
1.0 0.99885106
0.0 0.5601221
0.0 0.011364923
1.0 0.9796556
1.0 0.9988159
0.0 0.77846646
1.0 0.93735945
1.0 0.9842731
0.0 0.7722822
1.0 0.93783736
1.0 0.93392754
0.0 0.54956365
1.0 0.9937925
0.0 0.014138337
1.0 0.9986998
1.0 0.9991585
1.0 0.9842731
1.0 0.9937925
1.0 0.9965706
1.0 0.9841082
1.0 0.9985453
0.0 0.1680073
1.0 0.9985453
0.0 0.011942781
0.0 0.20534676
1.0 0.9987111
1.0 0.93783736
0.0 0.1680073
0.0 0.011831739
1.0 0.99917907
1.0 0.9974752
0.0 0.5469795
1.0 0.9984829
1.0 0.9802178
0.0 0.5469795
0.0 0.015216191
1.0 0.9841082
1.0 0.9984465
1.0 0.9986551
1.0 0.9947513
0.0 0.015530163
1.0 0.9992212
1.0 0.9938314
1.0 0.99865204
1.0 0.9991585
0.0 0.18020499
1.0 0.9818526
1.0 0.9383757
0.0 0.5307128
1.0 0.9947513
1.0 0.9971885
1.0 0.99911755
1.0 0.9817623
1.0 0.99917907
1.0 0.99866366
0.0 0.8088308
1.0 0.99859005
