true vs pred:
0.0 0.012672978
0.0 0.00097178906
0.0 0.0004688156
0.0 0.0052740145
0.0 0.0006009369
0.0 0.00093001785
0.0 0.0006009369
0.0 0.0006607399
0.0 0.41729417
0.0 0.011708019
0.0 0.88380307
0.0 0.05296615
1.0 0.9972801
0.0 0.00044179687
0.0 0.00034290974
0.0 0.07668284
0.0 0.0006218318
1.0 0.9777573
0.0 0.0021716892
0.0 0.0898336
0.0 0.0139197055
0.0 0.013547688
0.0 0.00178997
0.0 0.00178997
0.0 0.07181502
0.0 0.43664077
1.0 0.99800974
0.0 0.41729417
0.0 0.00063667184
0.0 0.076312914
1.0 0.97959155
0.0 0.012672978
0.0 0.41729417
0.0 0.0048567625
0.0 0.0004688156
1.0 0.99788946
1.0 0.9975937
1.0 0.9972801
1.0 0.9976739
0.0 0.0048567625
0.0 0.08673783
0.0 0.0898336
0.0 0.002396284
0.0 0.00034157123
1.0 0.99456114
0.0 0.0898336
1.0 0.9953897
0.0 0.0018816834
0.0 0.012672978
0.0 0.00178997
0.0 0.88380307
0.0 0.0043579857
1.0 0.9682484
0.0 0.0010539418
0.0 0.07668284
0.0 0.00178997
1.0 0.9760257
0.0 0.05296615
0.0 0.01379541
0.0 0.00048857194
0.0 0.0009940062
0.0 0.076312914
0.0 0.00044369974
0.0 0.42909083
0.0 0.45125547
0.0 0.000391847
0.0 0.022508562
0.0 0.011128209
0.0 0.46292958
0.0 0.0009940062
0.0 0.07668284
0.0 0.026043782
0.0 0.00035068893
0.0 0.004391357
0.0 0.000591769
0.0 0.8765644
0.0 0.0043579857
0.0 0.026089562
1.0 0.98233634
1.0 0.9972801
0.0 0.076312914
0.0 0.0003887502
0.0 0.01269319
0.0 0.867394
1.0 0.9939328
0.0 0.07668284
0.0 0.011917431
1.0 0.9777573
0.0 0.00034111532
0.0 0.0021716892
0.0 0.026588866
0.0 0.013547688
0.0 0.07181502
0.0 0.0044453563
0.0 0.00044369974
0.0 0.002178336
0.0 0.0026031123
0.0 0.867394
0.0 0.00034157123
0.0 0.009713457
0.0 0.0004689631
0.0 0.0052740145
0.0 0.88380307
0.0 0.0049646404
0.0 0.033413988
0.0 0.00034765044
1.0 0.97959155
0.0 0.024553766
0.0 0.0005777844
0.0 0.43664077
0.0 0.47408935
0.0 0.004391357
1.0 0.99800974
0.0 0.0021716892
0.0 0.009713457
0.0 0.004922805
0.0 0.0898336
0.0 0.00034111532
0.0 0.00034228282
0.0 0.0006001847
0.0 0.013832639
0.0 0.05296615
1.0 0.9978745
1.0 0.9953897
1.0 0.9976739
0.0 0.013547688
0.0 0.011708019
0.0 0.00034313067
0.0 0.00034157123
1.0 0.9939328
0.0 0.0043579857
0.0 0.8903874
0.0 0.07181502
1.0 0.9947726
0.0 0.029244756
0.0 0.05296615
0.0 0.024553766
0.0 0.0010539418
0.0 0.90768534
1.0 0.99792373
0.0 0.47408935
1.0 0.9953897
0.0 0.028033676
1.0 0.9976739
0.0 0.002126947
0.0 0.002178336
0.0 0.0003887502
1.0 0.99788946
0.0 0.0006218318
0.0 0.41729417
0.0 0.033413988
1.0 0.9775047
1.0 0.9975937
0.0 0.00034157123
0.0 0.00048857194
0.0 0.00034765044
0.0 0.0139197055
0.0 0.024553766
0.0 0.59909517
0.0 0.0143559165
0.0 0.011917431
0.0 0.0010282594
0.0 0.002126947
0.0 0.012710758
0.0 0.011708019
0.0 0.00034111532
1.0 0.9947726
0.0 0.011708019
0.0 0.07332497
0.0 0.47408935
0.0 0.0004612993
0.0 0.871972
0.0 0.0006607399
1.0 0.99456114
0.0 0.004391357
0.0 0.029244756
0.0 0.013057831
1.0 0.9953408
0.0 0.0021716892
0.0 0.002178336
0.0 0.00043780034
0.0 0.8765644
0.0 0.41729417
0.0 0.0004459836
1.0 0.9979668
1.0 0.97818255
0.0 0.024553766
1.0 0.9682484
0.0 0.00048857194
1.0 0.9939328
0.0 0.0026031123
0.0 0.000391847
1.0 0.97818255
1.0 0.99479204
0.0 0.00040044365
0.0 0.08673783
0.0 0.07181502
0.0 0.009713457
0.0 0.00034290974
0.0 0.012710758
0.0 0.028033676
1.0 0.9775047
0.0 0.011917431
1.0 0.99456114
0.0 0.0006151074
0.0 0.07668284
0.0 0.8765644
1.0 0.99641365
0.0 0.026043782
0.0 0.0006001847
0.0 0.012710758
0.0 0.011917431
0.0 0.0040806583
0.0 0.0004689631
0.0 0.01379541
0.0 0.0006151074
0.0 0.004391357
0.0 0.013832639
0.0 0.0005777844
0.0 0.002126947
0.0 0.011708019
1.0 0.9974789
1.0 0.9760257
0.0 0.0006218318
0.0 0.0021328074
1.0 0.99800974
0.0 0.9139949
0.0 0.002126947
0.0 0.000982936
0.0 0.0004244077
1.0 0.9976739
0.0 0.013057831
0.0 0.871972
1.0 0.99627113
0.0 0.0006607399
1.0 0.9978745
1.0 0.9974789
0.0 0.0021716892
1.0 0.9682484
0.0 0.012672978
1.0 0.9956399
0.0 0.00063667184
0.0 0.0006001847
0.0 0.011128209
0.0 0.0009940062
0.0 0.0040806583
0.0 0.080390364
1.0 0.9939328
1.0 0.9975937
0.0 0.014837697
1.0 0.9956399
1.0 0.99799204
1.0 0.9707472
1.0 0.9775047
0.0 0.002396284
0.0 0.0021716892
0.0 0.004173029
1.0 0.98233634
1.0 0.99788946
0.0 0.011917431
0.0 0.90768534
0.0 0.000982936
1.0 0.9953897
0.0 0.42258632
0.0 0.0023746386
0.0 0.48464563
0.0 0.013547688
0.0 0.0139197055
1.0 0.9777573
0.0 0.0010679446
0.0 0.00035068893
0.0 0.0010539418
1.0 0.9786451
0.0 0.021100476
0.0 0.0010282594
1.0 0.99627113
0.0 0.867394
0.0 0.07426478
0.0 0.026588866
0.0 0.59909517
0.0 0.0005777844
0.0 0.90768534
0.0 0.00048857194
0.0 0.012710758
1.0 0.9682484
0.0 0.011128209
0.0 0.0049646404
1.0 0.97959155
0.0 0.48464563
0.0 0.90768534
0.0 0.011917431
0.0 0.867394
0.0 0.028033676
0.0 0.0006218318
1.0 0.9979668
0.0 0.88380307
0.0 0.90768534
0.0 0.0040806583
0.0 0.002396284
0.0 0.011917431
1.0 0.99456114
0.0 0.0004688156
1.0 0.9682484
1.0 0.9979668
0.0 0.0898336
0.0 0.0008502488
0.0 0.013057831
1.0 0.9760257
0.0 0.0009940062
0.0 0.004922805
1.0 0.99641365
0.0 0.0008502488
1.0 0.9979668
0.0 0.0143559165
1.0 0.9955088
0.0 0.48464563
0.0 0.0010539418
0.0 0.0009940062
0.0 0.026043782
1.0 0.99800974
1.0 0.9953897
0.0 0.0005777844
0.0 0.0143559165
0.0 0.42258632
0.0 0.00034875036
0.0 0.48181328
1.0 0.97818255
0.0 0.00178997
0.0 0.0052740145
0.0 0.00044369974
0.0 0.43664077
0.0 0.00061771733
0.0 0.0026031123
0.0 0.012651762
0.0 0.0040806583
1.0 0.99641365
0.0 0.0010282594
0.0 0.0021716892
0.0 0.87546694
1.0 0.9956399
0.0 0.0043825763
0.0 0.00063667184
0.0 0.0018816834
1.0 0.9953897
1.0 0.9974789
0.0 0.8903874
1.0 0.9972801
0.0 0.0003887502
0.0 0.00034765044
0.0 0.0006001847
1.0 0.99641365
1.0 0.98233634
0.0 0.0006607399
0.0 0.0043825763
0.0 0.9139949
1.0 0.9775047
0.0 0.08673783
0.0 0.026588866
0.0 0.0010539418
0.0 0.0003887502
0.0 0.004391357
0.0 0.0004459836
0.0 0.011128209
0.0 0.00034290974
0.0 0.0006009369
0.0 0.00034313067
0.0 0.871972
0.0 0.00044179687
0.0 0.00034875036
0.0 0.00061771733
1.0 0.9953408
0.0 0.0048567625
0.0 0.000391847
0.0 0.0008959801
0.0 0.08673783
0.0 0.00097178906
0.0 0.42909083
1.0 0.9956399
0.0 0.59909517
1.0 0.9974789
1.0 0.99799204
0.0 0.0008959801
1.0 0.99799204
1.0 0.9939328
0.0 0.011708019
0.0 0.0006607399
0.0 0.0023746386
0.0 0.90768534
1.0 0.9775047
0.0 0.00048857194
1.0 0.9956399
1.0 0.98233634
0.0 0.106434606
0.0 0.0021716892
1.0 0.9975937
1.0 0.9976739
1.0 0.99788946
0.0 0.08673783
0.0 0.08673783
0.0 0.0004688156
0.0 0.0004689631
1.0 0.9939328
0.0 0.0006607399
0.0 0.01379541
0.0 0.002178336
0.0 0.011540463
0.0 0.022508562
0.0 0.9139949
1.0 0.9979668
1.0 0.9953897
0.0 0.41729417
0.0 0.0010282594
0.0 0.012672978
0.0 0.00043780034
1.0 0.9956399
0.0 0.012193454
0.0 0.00044179687
0.0 0.0009940062
1.0 0.9939328
0.0 0.00034313067
1.0 0.9939328
0.0 0.022508562
0.0 0.004173029
0.0 0.0026031123
0.0 0.026588866
0.0 0.00034157123
1.0 0.99792373
0.0 0.871972
0.0 0.00097178906
0.0 0.0023746386
0.0 0.012672978
0.0 0.90768534
0.0 0.0021716892
0.0 0.87546694
0.0 0.0003887502
0.0 0.8765644
0.0 0.014489988
1.0 0.9975937
0.0 0.00048857194
1.0 0.9972801
0.0 0.46292958
0.0 0.0139197055
0.0 0.013547688
0.0 0.0139197055
1.0 0.9731015
0.0 0.0043825763
0.0 0.012193454
0.0 0.8903874
0.0 0.022508562
0.0 0.0004459836
0.0 0.0006218318
0.0 0.0010282594
0.0 0.8765644
1.0 0.9979668
0.0 0.07181502
0.0 0.87546694
0.0 0.011128209
0.0 0.026043782
0.0 0.867394
0.0 0.0049646404
0.0 0.41729417
0.0 0.000982936
1.0 0.9975937
0.0 0.00063667184
0.0 0.00044369974
0.0 0.011128209
0.0 0.0052740145
0.0 0.0043579857
0.0 0.0006151074
1.0 0.9786451
0.0 0.00097178906
0.0 0.07668284
0.0 0.867394
0.0 0.022508562
0.0 0.000391847
0.0 0.0044453563
0.0 0.0004729946
0.0 0.05296615
0.0 0.01269319
0.0 0.00034111532
0.0 0.028033676
0.0 0.012710758
0.0 0.029244756
1.0 0.9939328
0.0 0.013108947
0.0 0.00044369974
0.0 0.0004689631
0.0 0.871972
0.0 0.028033676
0.0 0.004173029
0.0 0.002396284
0.0 0.8875816
0.0 0.002396284
0.0 0.0043825763
1.0 0.9775047
0.0 0.033413988
0.0 0.024553766
0.0 0.021100476
0.0 0.08673783
0.0 0.014489988
0.0 0.0004459836
0.0 0.000982936
1.0 0.9979668
1.0 0.9775047
1.0 0.9975937
0.0 0.026588866
0.0 0.47408935
0.0 0.07668284
0.0 0.42258632
0.0 0.080390364
0.0 0.004391357
0.0 0.013547688
0.0 0.004173029
1.0 0.99792373
1.0 0.99627113
1.0 0.9976739
0.0 0.00035068893
0.0 0.0139197055
0.0 0.0008959801
0.0 0.0049646404
