true vs pred:
1.0 0.9726055
1.0 0.938941
1.0 0.99411315
1.0 0.9948456
1.0 0.9945464
1.0 0.91554284
0.0 0.23914436
1.0 0.98210573
1.0 0.8867514
1.0 0.9954509
1.0 0.9942496
1.0 0.991707
0.0 0.36173886
1.0 0.59190494
1.0 0.67496616
1.0 0.99411315
1.0 0.9162109
1.0 0.9387165
1.0 0.99360055
1.0 0.84098464
1.0 0.4534566
1.0 0.8980025
0.0 0.5314034
1.0 0.9775433
0.0 0.81178844
0.0 0.88694847
0.0 0.434109
1.0 0.9945187
1.0 0.99468994
1.0 0.9925835
1.0 0.8263944
1.0 0.46377867
1.0 0.98737353
1.0 0.9941017
1.0 0.95904386
1.0 0.8470467
1.0 0.9400998
0.0 0.6903427
1.0 0.99453676
0.0 0.75393987
1.0 0.9735946
1.0 0.98769855
0.0 0.77352506
0.0 0.6736463
1.0 0.9940301
1.0 0.88863087
1.0 0.9044678
0.0 0.213634
1.0 0.2982476
1.0 0.8829244
0.0 0.3440182
1.0 0.9940223
1.0 0.5193241
1.0 0.90748805
1.0 0.20134248
1.0 0.9946085
0.0 0.35159937
1.0 0.9912243
0.0 0.18111336
1.0 0.9936279
1.0 0.83929235
1.0 0.9873913
1.0 0.98872674
1.0 0.84521353
0.0 0.4785589
0.0 0.2652796
1.0 0.38443297
1.0 0.9444641
1.0 0.6460822
1.0 0.79856956
1.0 0.9786305
1.0 0.9793818
1.0 0.9839445
1.0 0.78305453
0.0 0.8448341
1.0 0.94032246
0.0 0.7163036
1.0 0.48599285
1.0 0.53396714
1.0 0.9926318
0.0 0.49033162
1.0 0.76802653
1.0 0.9929865
1.0 0.35309565
1.0 0.33685997
1.0 0.18766454
1.0 0.97711915
1.0 0.42517123
1.0 0.9858547
1.0 0.98588073
0.0 0.8360637
0.0 0.70637184
0.0 0.5754787
1.0 0.60256827
1.0 0.9948704
1.0 0.886999
1.0 0.9921659
1.0 0.9878155
1.0 0.9913878
1.0 0.9559005
1.0 0.9932499
0.0 0.44725934
1.0 0.99441904
1.0 0.8738061
1.0 0.9732953
0.0 0.40449196
1.0 0.8942467
1.0 0.6438568
1.0 0.99427694
1.0 0.9921015
0.0 0.6748601
1.0 0.99138325
1.0 0.5437148
1.0 0.99464583
0.0 0.9888755
1.0 0.95221007
1.0 0.67992216
1.0 0.979439
1.0 0.9913925
1.0 0.8806093
1.0 0.9933936
1.0 0.9111563
0.0 0.667764
1.0 0.9931098
1.0 0.99431485
1.0 0.60197747
1.0 0.94032246
1.0 0.9940599
1.0 0.81202704
1.0 0.9899507
1.0 0.9925891
1.0 0.9943145
1.0 0.9954631
1.0 0.99402195
1.0 0.99489105
1.0 0.901403
1.0 0.7137602
0.0 0.29064032
0.0 0.7135086
1.0 0.9915053
1.0 0.38158143
1.0 0.9953513
1.0 0.98196375
1.0 0.9044281
1.0 0.9950204
1.0 0.9865871
1.0 0.9461092
1.0 0.82645535
1.0 0.8222545
1.0 0.8134857
1.0 0.9670436
1.0 0.9305388
1.0 0.9851539
1.0 0.9927307
1.0 0.99386495
1.0 0.9697944
1.0 0.9877523
1.0 0.6024245
1.0 0.83141285
1.0 0.6569053
1.0 0.72369945
1.0 0.84479266
1.0 0.9648948
1.0 0.99361575
1.0 0.96678704
1.0 0.95393515
1.0 0.8519404
1.0 0.9763949
1.0 0.93910784
1.0 0.90343404
1.0 0.931069
1.0 0.7585214
1.0 0.9529203
1.0 0.91081864
1.0 0.99462986
1.0 0.99485636
1.0 0.8822898
1.0 0.8645972
1.0 0.99328095
1.0 0.9889081
1.0 0.9851034
0.0 0.2519858
1.0 0.9283049
1.0 0.91439646
1.0 0.9894617
1.0 0.99190813
1.0 0.630967
0.0 0.5193462
1.0 0.16562033
0.0 0.4491581
1.0 0.9943532
1.0 0.8717902
1.0 0.994491
0.0 0.12559627
1.0 0.89816135
1.0 0.97161746
1.0 0.9089516
1.0 0.9848504
1.0 0.99361575
1.0 0.9953745
1.0 0.9053318
1.0 0.91126055
1.0 0.9694811
1.0 0.7161368
1.0 0.79518926
1.0 0.84048367
0.0 0.34938785
1.0 0.87245375
1.0 0.9930085
1.0 0.94855237
1.0 0.93651235
1.0 0.75177944
1.0 0.8851178
1.0 0.46442533
1.0 0.8861587
1.0 0.99248743
1.0 0.9955051
1.0 0.99363226
1.0 0.99397117
1.0 0.992044
1.0 0.9926029
1.0 0.99360055
1.0 0.7026417
1.0 0.8131941
1.0 0.9923968
1.0 0.96476895
1.0 0.73603904
1.0 0.9375489
1.0 0.99486035
1.0 0.96581584
