true vs pred:
1.0 0.9732814
1.0 0.9356482
1.0 0.9956624
1.0 0.9962012
1.0 0.9961359
1.0 0.9455485
0.0 0.24538842
1.0 0.98121774
1.0 0.9045678
1.0 0.9965628
1.0 0.9957222
1.0 0.9942557
0.0 0.19022702
1.0 0.5893182
1.0 0.64842975
1.0 0.9956624
1.0 0.95480365
0.0 0.9028767
1.0 0.995375
1.0 0.6980435
0.0 0.28549027
1.0 0.9073994
0.0 0.4833495
1.0 0.971989
0.0 0.7988985
0.0 0.8066663
0.0 0.39012218
1.0 0.99606884
1.0 0.99574584
1.0 0.99507195
1.0 0.6634112
1.0 0.55217284
1.0 0.98366076
1.0 0.995355
1.0 0.98103285
1.0 0.9215266
1.0 0.9373109
0.0 0.6455579
1.0 0.99620664
0.0 0.6532429
1.0 0.984934
1.0 0.9927989
0.0 0.8252355
0.0 0.5861827
1.0 0.99494755
1.0 0.921626
1.0 0.9218491
0.0 0.18377998
1.0 0.3218017
1.0 0.85734624
0.0 0.43271112
1.0 0.9953825
1.0 0.32103634
1.0 0.9141684
1.0 0.11916742
1.0 0.9961825
0.0 0.33969584
1.0 0.9923879
0.0 0.16885518
1.0 0.99500376
1.0 0.9250393
1.0 0.9881692
1.0 0.9906274
1.0 0.8870147
0.0 0.43507513
0.0 0.18536717
1.0 0.49148205
1.0 0.9675058
1.0 0.59218997
1.0 0.84650326
1.0 0.9812143
1.0 0.9696618
1.0 0.983649
1.0 0.80551845
0.0 0.8776606
1.0 0.92293704
0.0 0.6977458
1.0 0.37412733
1.0 0.56114256
1.0 0.9951079
0.0 0.4911516
1.0 0.7559513
1.0 0.9950477
1.0 0.40471464
1.0 0.3193532
1.0 0.13729045
1.0 0.9710225
1.0 0.39691824
1.0 0.9879149
1.0 0.9834434
1.0 0.90331185
1.0 0.6208454
0.0 0.5295609
1.0 0.5379613
1.0 0.9962315
1.0 0.9219899
1.0 0.99302775
1.0 0.9901243
1.0 0.992892
1.0 0.9710415
1.0 0.99457824
0.0 0.5173336
1.0 0.99629104
1.0 0.93622345
1.0 0.9738216
0.0 0.23364003
1.0 0.93837225
1.0 0.7547059
1.0 0.99575317
1.0 0.99451303
1.0 0.6849502
1.0 0.9940877
1.0 0.63535243
1.0 0.9964503
0.0 0.99210805
0.0 0.9335941
1.0 0.74463195
1.0 0.9865611
1.0 0.9933889
1.0 0.91957945
1.0 0.9954195
1.0 0.92356664
0.0 0.7796623
1.0 0.9951008
1.0 0.99594057
1.0 0.5557001
1.0 0.92293704
1.0 0.9958326
1.0 0.8948474
1.0 0.99522215
1.0 0.9951544
1.0 0.99541974
1.0 0.99668473
1.0 0.9949438
1.0 0.99632496
1.0 0.95561963
1.0 0.7543242
0.0 0.2244706
0.0 0.61025935
1.0 0.9941837
1.0 0.39188832
1.0 0.9967434
1.0 0.98111755
1.0 0.92030036
1.0 0.9963815
1.0 0.98613524
1.0 0.9684092
1.0 0.83924174
1.0 0.8103514
1.0 0.86906534
1.0 0.97931045
1.0 0.9631189
1.0 0.98753744
1.0 0.99501836
1.0 0.9956797
1.0 0.983423
1.0 0.98440635
1.0 0.6201125
1.0 0.8905865
1.0 0.7390244
1.0 0.75471973
1.0 0.8396669
1.0 0.97936034
1.0 0.99536777
1.0 0.9866029
1.0 0.91540396
1.0 0.88095874
1.0 0.9775555
1.0 0.94953996
1.0 0.9504036
1.0 0.95897186
1.0 0.8003624
1.0 0.974627
1.0 0.92131096
1.0 0.9962991
1.0 0.9963129
1.0 0.8991541
1.0 0.93096036
1.0 0.99486023
1.0 0.99084973
1.0 0.987061
0.0 0.15975183
1.0 0.94839674
1.0 0.9327934
1.0 0.99191487
1.0 0.99479216
1.0 0.5560102
0.0 0.5657004
0.0 0.121536165
0.0 0.49054587
1.0 0.99626946
1.0 0.86872596
1.0 0.99608237
0.0 0.10121611
0.0 0.7604489
1.0 0.98719585
1.0 0.9410578
1.0 0.9927256
1.0 0.99536777
1.0 0.9967429
1.0 0.9112077
1.0 0.95138013
1.0 0.96854275
1.0 0.73098254
1.0 0.8793658
1.0 0.89765763
0.0 0.32599953
1.0 0.90910673
1.0 0.99467444
1.0 0.9208767
1.0 0.8218879
1.0 0.80558604
1.0 0.8555843
1.0 0.45914873
1.0 0.748451
1.0 0.9950275
1.0 0.99677855
1.0 0.99532735
1.0 0.99531317
1.0 0.99291307
1.0 0.99447733
1.0 0.995375
1.0 0.6127048
1.0 0.8481034
1.0 0.9944981
1.0 0.9585458
1.0 0.76562744
1.0 0.9638163
1.0 0.99629706
1.0 0.97555053
