true vs pred:
1.0 0.99023825
1.0 0.966277
1.0 0.9636057
1.0 0.952731
1.0 0.99133086
0.0 0.24487016
1.0 0.882474
1.0 0.9864347
1.0 0.99191636
1.0 0.99200624
1.0 0.99200624
1.0 0.9946089
1.0 0.8722239
0.0 0.22010836
0.0 0.13127203
1.0 0.9789513
1.0 0.85233545
1.0 0.9802878
1.0 0.9647402
1.0 0.9556395
0.0 0.22010836
1.0 0.99161714
1.0 0.9944935
1.0 0.86901754
1.0 0.9864347
1.0 0.99262565
1.0 0.99204445
1.0 0.9943739
1.0 0.8722239
1.0 0.9789513
1.0 0.9943739
1.0 0.8621113
1.0 0.9803627
1.0 0.9943369
1.0 0.9927158
1.0 0.9864347
0.0 0.13211957
1.0 0.99113864
1.0 0.99063253
1.0 0.99102414
1.0 0.96708125
1.0 0.9918566
1.0 0.99040157
1.0 0.9653848
1.0 0.9885943
1.0 0.9898572
1.0 0.99102294
1.0 0.99161714
1.0 0.9911351
1.0 0.9540116
1.0 0.98892576
0.0 0.24487016
1.0 0.9915821
1.0 0.9939985
1.0 0.9944935
1.0 0.9915821
1.0 0.9916039
1.0 0.9537412
1.0 0.9671582
1.0 0.9944935
1.0 0.9885943
1.0 0.8657267
1.0 0.8722239
1.0 0.99276614
0.0 0.24595724
1.0 0.99394095
1.0 0.9908477
1.0 0.99133086
1.0 0.9537412
1.0 0.9930969
1.0 0.86901754
1.0 0.9911074
1.0 0.9914204
1.0 0.9945938
1.0 0.9911351
1.0 0.9944935
1.0 0.9914848
1.0 0.9930969
1.0 0.99087876
1.0 0.99050677
1.0 0.9916951
1.0 0.9916039
1.0 0.99132806
1.0 0.9930969
1.0 0.9764598
1.0 0.9868318
1.0 0.9874566
1.0 0.9882139
0.0 0.122505724
1.0 0.9910363
1.0 0.990905
1.0 0.9947572
0.0 0.22373521
1.0 0.9914882
1.0 0.99113864
1.0 0.9647402
1.0 0.9567364
1.0 0.9910971
1.0 0.9908477
1.0 0.9908477
0.0 0.2290544
1.0 0.9636057
1.0 0.99102414
1.0 0.99040157
0.0 0.122505724
1.0 0.9946089
1.0 0.98892576
1.0 0.882474
1.0 0.9917122
1.0 0.8657267
1.0 0.9801333
1.0 0.99087876
1.0 0.9898572
1.0 0.99017006
1.0 0.966277
1.0 0.9926577
1.0 0.9647402
1.0 0.952731
1.0 0.99090976
1.0 0.8621113
1.0 0.994457
1.0 0.9930734
1.0 0.9653848
1.0 0.9916951
1.0 0.9914882
0.0 0.22010836
1.0 0.9906521
1.0 0.9561816
1.0 0.9684494
1.0 0.99112636
0.0 0.2290544
1.0 0.99407464
1.0 0.9918566
0.0 0.2290544
1.0 0.99040157
1.0 0.96708125
1.0 0.9943739
1.0 0.9684494
1.0 0.98904175
0.0 0.2290544
1.0 0.9949167
1.0 0.9882139
1.0 0.99161714
1.0 0.9899978
1.0 0.9874566
1.0 0.9916951
0.0 0.23429392
1.0 0.947384
0.0 0.13204533
1.0 0.98751885
0.0 0.22373521
1.0 0.9918566
1.0 0.966277
1.0 0.9944935
1.0 0.882474
1.0 0.98663723
1.0 0.99133086
1.0 0.9899978
1.0 0.882474
0.0 0.13599089
1.0 0.9800096
1.0 0.8667274
1.0 0.9935381
1.0 0.8621113
1.0 0.9941235
0.0 0.13211957
1.0 0.99132806
1.0 0.9898572
1.0 0.9899978
1.0 0.9684494
1.0 0.99063253
0.0 0.22010836
1.0 0.9930734
1.0 0.9910971
1.0 0.99107504
1.0 0.9561816
1.0 0.947384
1.0 0.9540116
1.0 0.99107504
1.0 0.9803627
1.0 0.9926577
1.0 0.9653848
1.0 0.9654346
1.0 0.99087876
0.0 0.13599089
1.0 0.9922867
1.0 0.9484805
1.0 0.99142647
1.0 0.8722239
1.0 0.99200624
1.0 0.9910971
1.0 0.9653848
0.0 0.22831176
1.0 0.9947261
1.0 0.9927158
1.0 0.99102294
1.0 0.96708125
1.0 0.9914882
1.0 0.85233545
0.0 0.122505724
1.0 0.9882139
1.0 0.9911351
1.0 0.9801333
0.0 0.122505724
0.0 0.13417774
1.0 0.990983
1.0 0.99107504
0.0 0.23429392
1.0 0.9540116
0.0 0.13211957
1.0 0.9866175
1.0 0.99188155
1.0 0.9796291
1.0 0.9802878
1.0 0.9916039
0.0 0.24595724
1.0 0.99244213
1.0 0.9929404
1.0 0.9567364
1.0 0.9942438
1.0 0.9654346
0.0 0.12984268
1.0 0.8657267
1.0 0.9945938
0.0 0.13294967
1.0 0.9929404
1.0 0.99107504
1.0 0.9935381
1.0 0.99394095
1.0 0.882474
1.0 0.98904175
1.0 0.9540116
1.0 0.9868318
1.0 0.8722239
0.0 0.1385232
1.0 0.86901754
1.0 0.99090976
1.0 0.9942438
1.0 0.9917122
1.0 0.99040157
1.0 0.99132806
1.0 0.9871389
1.0 0.9912531
1.0 0.9789513
0.0 0.12984268
1.0 0.99407464
1.0 0.9866175
1.0 0.9653848
1.0 0.99407464
1.0 0.99107504
1.0 0.96508414
1.0 0.99107504
1.0 0.9653848
1.0 0.9927158
1.0 0.99127835
1.0 0.99200624
1.0 0.99191636
1.0 0.9515213
1.0 0.99063253
0.0 0.2290544
1.0 0.9567364
1.0 0.99127835
1.0 0.8740129
1.0 0.9914848
1.0 0.9803627
1.0 0.99188155
1.0 0.9900906
1.0 0.9930734
0.0 0.1385232
1.0 0.99276614
1.0 0.98751885
0.0 0.22373521
1.0 0.99204445
1.0 0.990983
1.0 0.9944935
1.0 0.9654346
1.0 0.9915821
1.0 0.9866175
0.0 0.13417774
1.0 0.9916039
1.0 0.99090976
1.0 0.8722239
1.0 0.9561816
1.0 0.9803627
1.0 0.99133086
0.0 0.23429392
1.0 0.9918566
1.0 0.99191636
1.0 0.9915821
1.0 0.9802878
1.0 0.99023825
1.0 0.9943369
0.0 0.2290544
0.0 0.24595724
1.0 0.9943402
1.0 0.8722239
1.0 0.9801333
1.0 0.9943739
1.0 0.9866175
1.0 0.9882139
1.0 0.9916039
1.0 0.99102294
1.0 0.966277
0.0 0.22010836
1.0 0.99102294
1.0 0.96508414
1.0 0.9653848
1.0 0.97677815
1.0 0.952731
1.0 0.8740129
1.0 0.99132806
0.0 0.122505724
1.0 0.9868318
1.0 0.99050677
1.0 0.9910971
1.0 0.99132806
1.0 0.9540116
1.0 0.99087876
1.0 0.99407464
1.0 0.9927158
1.0 0.9926577
1.0 0.9561816
1.0 0.99050677
1.0 0.952731
1.0 0.9944283
1.0 0.98074555
1.0 0.9911074
1.0 0.9671582
1.0 0.9800096
0.0 0.122505724
1.0 0.9917128
1.0 0.9912531
1.0 0.96508414
1.0 0.98892576
1.0 0.9944935
1.0 0.9899978
1.0 0.9945938
1.0 0.9916039
0.0 0.22373521
0.0 0.24487016
0.0 0.122505724
1.0 0.9874566
1.0 0.9922867
1.0 0.9885943
1.0 0.98904175
1.0 0.9944283
1.0 0.99050677
1.0 0.99102414
1.0 0.96508414
1.0 0.9885943
1.0 0.9912531
1.0 0.9908477
1.0 0.96708125
0.0 0.13294967
1.0 0.9802878
0.0 0.23382154
1.0 0.99023825
0.0 0.23737311
1.0 0.9904884
1.0 0.99142647
1.0 0.98074555
1.0 0.952731
1.0 0.9484805
1.0 0.9922867
1.0 0.9947572
1.0 0.9898572
1.0 0.9930734
1.0 0.9943739
1.0 0.99107504
1.0 0.9944935
1.0 0.9939985
1.0 0.9943402
1.0 0.9880285
1.0 0.9943739
1.0 0.9910363
1.0 0.990983
0.0 0.24487016
1.0 0.9927158
1.0 0.9864347
1.0 0.98663723
1.0 0.99191636
1.0 0.9922867
1.0 0.9912531
1.0 0.9914204
1.0 0.8722239
0.0 0.22373521
1.0 0.9917128
1.0 0.9922867
1.0 0.98751885
1.0 0.9789513
1.0 0.9561816
1.0 0.9898572
1.0 0.9947261
1.0 0.9484805
0.0 0.22831176
1.0 0.99127835
1.0 0.9882139
1.0 0.9911074
1.0 0.99486274
1.0 0.86901754
1.0 0.9926577
1.0 0.99107504
0.0 0.24595724
1.0 0.9803627
1.0 0.9912531
0.0 0.24487016
0.0 0.1385232
1.0 0.9930734
1.0 0.9561816
1.0 0.9543965
1.0 0.99063253
1.0 0.99087876
1.0 0.9636057
1.0 0.99023825
1.0 0.9944283
1.0 0.98892576
1.0 0.9904884
1.0 0.98904175
1.0 0.99102294
1.0 0.9866175
1.0 0.9684494
1.0 0.99087876
0.0 0.22010836
0.0 0.22512056
1.0 0.9900906
1.0 0.99063253
1.0 0.99204445
0.0 0.23429392
1.0 0.947384
1.0 0.99204445
1.0 0.9929404
1.0 0.9946089
1.0 0.9935381
0.0 0.22373521
1.0 0.99050677
1.0 0.9864347
1.0 0.9922867
1.0 0.9556395
1.0 0.9561816
1.0 0.98904175
1.0 0.99276614
0.0 0.13127203
0.0 0.2290544
1.0 0.9882139
1.0 0.994457
1.0 0.97677815
1.0 0.9908477
1.0 0.9911074
1.0 0.99050677
1.0 0.99040157
1.0 0.99087876
1.0 0.9911351
1.0 0.9484805
1.0 0.99132806
1.0 0.9943739
1.0 0.9904884
1.0 0.9801333
1.0 0.990983
0.0 0.13211957
1.0 0.994457
1.0 0.8667274
1.0 0.98751885
1.0 0.9789513
1.0 0.99262565
1.0 0.8740129
0.0 0.22512056
1.0 0.9802878
1.0 0.9801333
1.0 0.9930155
1.0 0.9561816
1.0 0.9800096
0.0 0.22512056
0.0 0.24595724
1.0 0.874358
1.0 0.9916951
1.0 0.99050677
1.0 0.8722239
1.0 0.98904175
1.0 0.9820901
1.0 0.85233545
1.0 0.9871389
1.0 0.9911074
0.0 0.22512056
1.0 0.99407464
1.0 0.9801333
0.0 0.22831176
1.0 0.9537412
1.0 0.9947572
1.0 0.9949167
1.0 0.874358
1.0 0.99102414
1.0 0.9866175
1.0 0.9930155
1.0 0.9935381
1.0 0.9947261
1.0 0.9567364
1.0 0.9914848
1.0 0.9908477
0.0 0.13417774
1.0 0.99133086
1.0 0.9939985
1.0 0.9900906
1.0 0.9801333
1.0 0.9556395
1.0 0.9930155
1.0 0.8740129
0.0 0.122505724
1.0 0.9944283
1.0 0.9949167
0.0 0.13845746
1.0 0.99063253
1.0 0.99276614
1.0 0.99107504
1.0 0.9864347
0.0 0.13599089
1.0 0.99102414
1.0 0.9916039
1.0 0.9866175
0.0 0.13127203
1.0 0.9915821
