true vs pred:
1.0 0.9570672
1.0 0.80958414
1.0 0.96879
0.0 0.5675159
1.0 0.96530616
1.0 0.6484662
1.0 0.8877773
1.0 0.7440303
1.0 0.7106637
0.0 0.57924855
1.0 0.9659249
1.0 0.9396997
0.0 0.4413506
1.0 0.9642651
1.0 0.27222422
1.0 0.9692675
0.0 0.94043195
1.0 0.92555445
1.0 0.69521403
1.0 0.94149166
1.0 0.9425252
1.0 0.57334447
1.0 0.9559371
1.0 0.7993535
0.0 0.60059446
1.0 0.9615058
1.0 0.9693634
1.0 0.6082405
1.0 0.9118397
1.0 0.97113276
1.0 0.8081275
1.0 0.92999995
1.0 0.9498086
1.0 0.9693526
1.0 0.9626574
1.0 0.9710646
1.0 0.9618097
1.0 0.68494254
1.0 0.80475634
1.0 0.8313526
0.0 0.8309155
1.0 0.9642651
1.0 0.319505
1.0 0.9724601
1.0 0.93141836
1.0 0.717772
1.0 0.9663715
1.0 0.94229364
1.0 0.7677973
1.0 0.76320475
1.0 0.8329715
1.0 0.7989385
1.0 0.897927
1.0 0.7883481
1.0 0.94109094
1.0 0.95843285
1.0 0.96556425
1.0 0.9176618
1.0 0.96224475
1.0 0.52156305
1.0 0.72446734
0.0 0.7804265
0.0 0.64728
1.0 0.75067466
1.0 0.8646529
1.0 0.96354306
1.0 0.8023669
1.0 0.9226347
1.0 0.78364956
1.0 0.9247261
0.0 0.76486
1.0 0.85476637
1.0 0.88732845
1.0 0.73033005
1.0 0.85227406
1.0 0.81043434
1.0 0.9573108
1.0 0.96111625
1.0 0.7012357
1.0 0.6183372
1.0 0.9651959
1.0 0.9591106
1.0 0.9208536
1.0 0.75707245
1.0 0.82246745
1.0 0.8203849
1.0 0.9535669
1.0 0.9622806
1.0 0.78743756
0.0 0.44456583
1.0 0.6695904
0.0 0.4442049
1.0 0.96458787
1.0 0.75219053
1.0 0.97262955
1.0 0.4570807
1.0 0.9217354
1.0 0.88632494
1.0 0.8077452
1.0 0.9182649
1.0 0.9628814
1.0 0.9724601
1.0 0.8878978
1.0 0.7910721
1.0 0.9223445
1.0 0.63400906
1.0 0.501031
1.0 0.6793435
1.0 0.5939541
1.0 0.6254475
1.0 0.9651959
1.0 0.93400705
1.0 0.9383627
0.0 0.50339735
1.0 0.82361865
0.0 0.6212643
1.0 0.82813317
1.0 0.9491392
1.0 0.96551216
1.0 0.9627105
1.0 0.9653717
1.0 0.9633364
1.0 0.9630973
1.0 0.96305823
0.0 0.81841785
1.0 0.7332605
1.0 0.9599435
1.0 0.92231095
1.0 0.74526954
1.0 0.83244383
1.0 0.96111625
1.0 0.74267715
1.0 0.9651245
1.0 0.5660592
1.0 0.9324002
1.0 0.96070707
1.0 0.62311137
1.0 0.9744109
1.0 0.9646925
1.0 0.9580107
1.0 0.7050906
1.0 0.9608584
1.0 0.7415879
1.0 0.96464443
1.0 0.9693634
1.0 0.9480274
1.0 0.9574619
1.0 0.9710646
0.0 0.6118291
1.0 0.8682939
1.0 0.9630851
1.0 0.94871527
1.0 0.91232127
0.0 0.60089654
1.0 0.9727779
1.0 0.7552163
1.0 0.8979907
1.0 0.8912983
1.0 0.9570672
1.0 0.7624199
1.0 0.7485785
1.0 0.9247261
1.0 0.9226347
1.0 0.9006241
1.0 0.7753576
1.0 0.967287
1.0 0.9018235
1.0 0.8878978
1.0 0.93787783
1.0 0.7360359
0.0 0.48523766
1.0 0.8437115
1.0 0.9559284
1.0 0.8892623
1.0 0.94871527
1.0 0.77700543
1.0 0.95745105
1.0 0.956635
1.0 0.92231095
1.0 0.6548628
1.0 0.95969623
1.0 0.7771565
1.0 0.82813317
1.0 0.95132774
1.0 0.9559371
1.0 0.9001221
1.0 0.9396997
1.0 0.94397146
1.0 0.87553996
1.0 0.88310516
1.0 0.54840267
0.0 0.78136337
1.0 0.84053075
1.0 0.902525
1.0 0.94805235
1.0 0.9391027
1.0 0.9626574
0.0 0.9621796
1.0 0.8150489
1.0 0.96954054
1.0 0.9471073
1.0 0.76449585
1.0 0.7014677
1.0 0.50334275
1.0 0.9590129
1.0 0.8777348
1.0 0.70140404
1.0 0.7099133
0.0 0.7435486
1.0 0.9667012
1.0 0.9595589
1.0 0.9626574
1.0 0.9691083
0.0 0.5361421
1.0 0.9201631
1.0 0.9704095
1.0 0.7526108
1.0 0.7024294
0.0 0.66502005
1.0 0.92057467
1.0 0.9622806
0.0 0.5141806
1.0 0.81874615
1.0 0.7604715
1.0 0.9569467
1.0 0.96556425
0.0 0.5306005
1.0 0.9591579
1.0 0.92229754
1.0 0.58248866
