true vs pred:
1.0 0.9775398
0.0 0.73563373
0.0 0.0050853323
1.0 0.9988586
1.0 0.9989976
1.0 0.9937245
1.0 0.9982553
1.0 0.99886477
1.0 0.99899894
0.0 0.86356443
1.0 0.9788461
1.0 0.98809516
1.0 0.9704122
1.0 0.19979285
1.0 0.99900925
1.0 0.9988882
1.0 0.9988568
1.0 0.9986858
0.0 0.032910485
0.0 0.103333786
1.0 0.9915788
1.0 0.99891007
1.0 0.99829596
1.0 0.99888784
0.0 0.0021277962
1.0 0.9924851
1.0 0.9235156
1.0 0.9989945
1.0 0.9976236
0.0 0.0031597158
1.0 0.9986344
0.0 0.026253507
0.0 0.0050051003
1.0 0.9974654
1.0 0.92726094
1.0 0.96066844
1.0 0.80370164
0.0 0.0027189353
0.0 0.83829653
1.0 0.99901235
1.0 0.9982382
1.0 0.9987313
0.0 0.026253507
1.0 0.9949249
1.0 0.9983883
1.0 0.998838
1.0 0.9987741
1.0 0.99628675
1.0 0.16744705
0.0 0.21343538
1.0 0.9988668
1.0 0.8785739
1.0 0.9984236
1.0 0.99892503
1.0 0.8565927
0.0 0.08392453
1.0 0.99900836
1.0 0.99686426
1.0 0.92812973
0.0 0.14172135
1.0 0.8708176
0.0 0.047755666
1.0 0.94040686
1.0 0.9985038
0.0 0.0050853323
0.0 0.6975717
0.0 0.00566244
1.0 0.9990115
0.0 0.058369737
1.0 0.9988545
0.0 0.07953638
1.0 0.99868184
1.0 0.99673766
1.0 0.9175306
1.0 0.71314377
1.0 0.99029434
0.0 0.017467419
0.0 0.18006231
1.0 0.9505603
1.0 0.9969476
1.0 0.98571163
1.0 0.9971219
0.0 0.627915
0.0 0.009670193
1.0 0.99183476
1.0 0.7136813
1.0 0.95928437
0.0 0.64461267
0.0 0.05156581
1.0 0.8550829
1.0 0.5636783
1.0 0.99893004
1.0 0.7124363
1.0 0.9820296
1.0 0.9987281
1.0 0.91696835
1.0 0.94244653
0.0 0.006544697
1.0 0.96066844
1.0 0.9504276
1.0 0.9962268
1.0 0.2590352
1.0 0.9755459
1.0 0.6670018
0.0 0.29981413
1.0 0.9956963
1.0 0.9988876
1.0 0.9953121
1.0 0.9986469
1.0 0.20614651
1.0 0.99757046
1.0 0.9981817
1.0 0.9989968
0.0 0.94372445
1.0 0.99888164
1.0 0.99581724
0.0 0.014340459
0.0 0.017922759
1.0 0.9965391
1.0 0.99648297
1.0 0.9982521
1.0 0.9808297
1.0 0.8288506
1.0 0.9857594
1.0 0.9861275
1.0 0.99880016
1.0 0.9949772
0.0 0.003923092
1.0 0.99506444
1.0 0.99895906
1.0 0.79119676
1.0 0.9962016
1.0 0.9985897
1.0 0.9928564
1.0 0.9953897
1.0 0.99868006
1.0 0.9989999
1.0 0.9933119
0.0 0.5592938
1.0 0.9990528
1.0 0.9969116
1.0 0.999042
1.0 0.9986971
1.0 0.99808455
1.0 0.9989235
1.0 0.9990138
1.0 0.99847895
1.0 0.99812776
1.0 0.85412276
0.0 0.0025331792
1.0 0.9494985
1.0 0.9864862
1.0 0.96350557
1.0 0.9989604
0.0 0.094676234
1.0 0.9978916
1.0 0.9990158
1.0 0.9965048
1.0 0.9979601
1.0 0.831723
0.0 0.18691929
1.0 0.99662846
1.0 0.99126136
1.0 0.9980963
1.0 0.9962268
1.0 0.9982439
1.0 0.9988269
1.0 0.98975146
1.0 0.99832875
1.0 0.9948671
1.0 0.988473
1.0 0.99012965
1.0 0.946664
1.0 0.9568428
1.0 0.99832743
1.0 0.9982017
1.0 0.9989636
0.0 0.0664755
1.0 0.99796224
1.0 0.96759844
1.0 0.99467295
1.0 0.9917824
1.0 0.9848868
1.0 0.9518631
1.0 0.998257
1.0 0.99893373
1.0 0.9989785
1.0 0.99848664
1.0 0.99801886
1.0 0.99691856
1.0 0.9988048
1.0 0.6820322
1.0 0.9954609
0.0 0.0026956662
1.0 0.99308443
1.0 0.9985258
1.0 0.82222265
1.0 0.9967908
1.0 0.9984388
0.0 0.0063047023
0.0 0.0053591616
1.0 0.9704212
1.0 0.9988619
1.0 0.9757435
1.0 0.9988673
0.0 0.0028892017
0.0 0.002012426
1.0 0.9985764
1.0 0.99777055
1.0 0.998968
1.0 0.9981839
1.0 0.9989562
0.0 0.6452161
1.0 0.99407417
1.0 0.9511521
1.0 0.9973189
1.0 0.99665797
1.0 0.99703753
0.0 0.30126458
1.0 0.97650325
1.0 0.99881446
0.0 0.049990088
0.0 0.0030984196
1.0 0.9721308
0.0 0.046813935
1.0 0.29811212
0.0 0.008246723
1.0 0.9987155
1.0 0.9989636
1.0 0.9982017
