true vs pred:
0.0 0.00014195811
0.0 0.00011780199
0.0 7.5686985e-05
0.0 0.66991407
0.0 0.00025584345
0.0 0.00014771911
0.0 0.0046721045
0.0 0.0056088236
0.0 0.00011307156
0.0 7.596486e-05
0.0 0.00031584615
0.0 0.089988135
0.0 0.7008579
0.0 0.2895995
0.0 7.000062e-05
0.0 0.00011598988
0.0 0.0007827798
0.0 0.0001524668
0.0 7.859063e-05
0.0 0.07853553
0.0 9.700998e-05
0.0 0.2895995
0.0 7.855167e-05
0.0 0.10208541
0.0 0.000108564294
0.0 0.7665022
0.0 0.0001286218
0.0 0.108133785
0.0 0.124546774
0.0 0.09633817
0.0 0.00030997655
0.0 0.005189551
0.0 0.38334814
0.0 6.989762e-05
0.0 0.41779292
0.0 0.0001524668
0.0 7.219842e-05
0.0 6.927612e-05
0.0 0.0001286218
0.0 0.44134912
0.0 0.0007827798
0.0 0.0001015443
0.0 7.444228e-05
0.0 0.0002520764
0.0 8.526482e-05
0.0 0.00011070867
0.0 9.1822556e-05
0.0 0.00028435362
0.0 7.219842e-05
0.0 7.219842e-05
0.0 0.124546774
0.0 0.2895995
0.0 0.00014195811
0.0 0.39367196
0.0 0.000112901114
0.0 0.09224985
0.0 9.016407e-05
0.0 0.00073669734
0.0 0.09909276
0.0 0.0001115356
0.0 0.108133785
0.0 0.062827244
0.0 9.604598e-05
0.0 0.39405462
0.0 0.67053425
0.0 7.444228e-05
0.0 0.00011070867
0.0 0.0001115356
0.0 7.8327044e-05
0.0 0.00016378408
0.0 0.089988135
0.0 0.09633817
0.0 0.00030997655
0.0 7.444228e-05
0.0 0.0002520764
0.0 0.38334814
0.0 9.216054e-05
0.0 0.08459183
0.0 0.078720815
0.0 0.07497639
0.0 8.296712e-05
0.0 0.0001115356
0.0 0.0063287085
0.0 0.000615615
0.0 0.00023722871
0.0 0.7466411
0.0 0.0089325495
0.0 0.00014968176
0.0 0.07853553
0.0 0.0063287085
0.0 0.00023722871
0.0 0.00011385683
0.0 0.000108564294
0.0 0.000615615
0.0 6.927612e-05
0.0 7.219842e-05
0.0 9.016407e-05
0.0 0.09224985
0.0 6.989762e-05
0.0 0.50176626
0.0 0.7466411
0.0 0.00015748836
0.0 0.00023722871
0.0 0.00012612244
0.0 7.707816e-05
0.0 0.00031584615
0.0 7.8327044e-05
0.0 0.000106276035
0.0 9.604341e-05
0.0 0.00016378408
0.0 0.00011126643
0.0 7.855167e-05
0.0 8.296712e-05
0.0 0.00010968081
0.0 8.526482e-05
0.0 0.0002520764
0.0 8.652043e-05
0.0 0.00011628558
0.0 9.700998e-05
0.0 0.37901786
0.0 9.604598e-05
0.0 8.451886e-05
0.0 9.0450485e-05
0.0 0.0001403971
0.0 8.526482e-05
0.0 0.7598241
0.0 0.00016703394
0.0 0.0001266486
0.0 0.0002607509
0.0 0.0001075785
0.0 0.0001403971
0.0 0.39405462
0.0 8.2748105e-05
0.0 0.82293576
0.0 9.016407e-05
0.0 0.005189551
0.0 0.00014968176
0.0 0.00016378408
0.0 0.28063914
0.0 0.0001524668
0.0 0.0001266486
0.0 9.288356e-05
0.0 0.00011724411
0.0 0.07497639
0.0 0.50176626
0.0 6.927612e-05
0.0 8.19169e-05
0.0 7.230211e-05
0.0 9.288356e-05
0.0 7.596486e-05
0.0 0.00014195811
0.0 0.00011628558
0.0 0.092227615
0.0 7.444228e-05
0.0 0.000101710495
0.0 9.216054e-05
0.0 0.000108564294
0.0 9.604598e-05
0.0 0.055125885
0.0 0.0002596425
0.0 0.0059628915
0.0 0.00015748836
0.0 0.30279943
0.0 0.006636176
0.0 8.451886e-05
0.0 0.078720815
0.0 0.2895995
0.0 0.0001015443
0.0 0.0007827798
0.0 0.0033869378
0.0 0.00014195811
0.0 0.0002520764
0.0 0.000101601734
0.0 0.0003578702
0.0 9.604341e-05
0.0 9.1822556e-05
0.0 9.216054e-05
0.0 0.00027389842
0.0 0.00011724411
0.0 0.078720815
0.0 0.0001115356
0.0 0.122305766
0.0 0.00014195811
0.0 0.00014195811
0.0 9.604598e-05
0.0 0.00011628558
0.0 0.000106276035
0.0 0.078720815
0.0 0.00010968081
0.0 0.0089325495
0.0 0.07497639
0.0 0.00083136023
0.0 0.2895995
0.0 0.7008579
0.0 0.078720815
0.0 8.451886e-05
0.0 0.062827244
0.0 0.00011070867
0.0 0.00014195811
0.0 0.00076015835
0.0 0.092227615
0.0 0.0008440301
0.0 0.09909276
0.0 0.00014385191
0.0 0.7579276
0.0 0.089988135
0.0 0.000101601734
0.0 0.0007827798
0.0 0.7598241
0.0 7.707816e-05
0.0 8.19169e-05
0.0 7.230211e-05
0.0 0.0002596425
0.0 0.00010968081
0.0 0.00027117762
0.0 8.025099e-05
0.0 0.00011900577
0.0 0.122305766
0.0 6.989762e-05
0.0 0.07853553
0.0 0.30279943
0.0 0.063071966
0.0 0.0001403971
0.0 9.0450485e-05
0.0 7.596486e-05
0.0 0.00014195811
0.0 0.000108564294
0.0 0.0001403971
0.0 0.0009854937
0.0 0.7665022
0.0 7.000062e-05
0.0 7.596486e-05
0.0 0.08459183
0.0 0.00011385683
0.0 0.0046721045
0.0 9.0450485e-05
0.0 8.8287255e-05
0.0 0.00023722871
0.0 8.018804e-05
0.0 0.37901786
0.0 0.0056281085
0.0 0.089988135
0.0 9.700998e-05
0.0 9.604341e-05
0.0 0.124546774
0.0 9.1702845e-05
0.0 9.1702845e-05
0.0 7.036658e-05
0.0 0.37901786
0.0 0.00028435362
0.0 0.05083957
0.0 0.82293576
0.0 7.5686985e-05
0.0 0.108133785
0.0 0.062827244
0.0 0.08459183
0.0 0.00012224066
0.0 0.0001015443
0.0 9.1822556e-05
0.0 0.66991407
0.0 0.0033869378
0.0 0.39405462
0.0 0.124546774
0.0 8.296712e-05
0.0 8.296712e-05
0.0 7.219842e-05
0.0 0.000106276035
0.0 0.00011598988
0.0 0.00073669734
0.0 0.82293576
0.0 0.82293576
0.0 0.0063287085
0.0 0.00014968176
0.0 0.000108564294
0.0 0.0002520764
0.0 9.700998e-05
0.0 0.000106276035
0.0 0.00025525063
0.0 0.00027321168
0.0 7.036658e-05
0.0 0.000101710495
0.0 0.0006927245
0.0 0.00031584615
0.0 9.216054e-05
0.0 0.00026253203
0.0 0.092227615
0.0 0.82293576
0.0 7.859063e-05
0.0 9.1822556e-05
0.0 0.000112901114
0.0 9.216054e-05
0.0 9.604598e-05
0.0 0.0001403971
0.0 9.1702845e-05
0.0 7.219842e-05
0.0 0.005835688
0.0 0.00023945159
0.0 8.2748105e-05
0.0 7.444228e-05
0.0 9.1702845e-05
0.0 0.00011385683
0.0 0.10208541
0.0 0.062827244
0.0 0.00016703394
0.0 0.39405462
0.0 0.0056088236
0.0 0.000101710495
0.0 0.089988135
0.0 8.025099e-05
0.0 0.122305766
0.0 7.036658e-05
0.0 0.67053425
0.0 0.122305766
0.0 0.00028555986
0.0 9.1822556e-05
0.0 0.30279943
0.0 0.00016703394
0.0 0.0033869378
0.0 0.00030997655
0.0 0.0089325495
0.0 0.00016378408
0.0 0.39405462
0.0 0.0001015443
0.0 0.00014385191
0.0 0.00014195811
0.0 0.108133785
0.0 9.0450485e-05
0.0 0.7579276
0.0 0.28063914
0.0 0.00011900577
0.0 0.7665022
0.0 8.296712e-05
0.0 0.00015748836
0.0 9.912503e-05
0.0 0.00076479546
0.0 7.219842e-05
0.0 8.19169e-05
0.0 0.0001064581
0.0 0.06976571
0.0 0.00027278977
0.0 0.07853553
0.0 0.67053425
0.0 0.00027389842
0.0 0.00028435362
0.0 0.0001524668
0.0 0.05083957
0.0 0.39367196
0.0 0.00011385683
0.0 0.7008579
0.0 9.604598e-05
0.0 0.00073669734
0.0 0.0001403971
0.0 0.00027321168
0.0 0.7222497
0.0 0.00014968176
0.0 8.451886e-05
0.0 0.00010968081
0.0 0.00011070867
0.0 8.018804e-05
0.0 0.70152235
0.0 0.005189551
0.0 0.00030997655
0.0 0.000101601734
0.0 0.00015748836
0.0 9.1702845e-05
0.0 0.00076479546
0.0 8.025099e-05
0.0 8.451886e-05
0.0 0.0002596425
0.0 0.00023722871
0.0 0.00011126643
0.0 7.036658e-05
0.0 0.0063287085
0.0 0.7222497
0.0 9.288356e-05
0.0 7.5686985e-05
0.0 0.00027117762
0.0 0.00024357329
0.0 0.00010467555
0.0 0.07497639
0.0 0.0002607509
0.0 0.7008579
0.0 0.00026253203
0.0 9.604598e-05
0.0 8.025099e-05
0.0 0.122305766
0.0 8.2748105e-05
0.0 0.00016378408
0.0 8.025099e-05
0.0 9.604341e-05
0.0 0.05083957
0.0 0.00014968176
0.0 0.0046721045
0.0 0.055125885
0.0 0.00076015835
0.0 0.7222497
0.0 0.00015748836
0.0 0.39405462
0.0 7.444228e-05
0.0 0.00025525063
0.0 8.025099e-05
0.0 0.0001015443
0.0 0.00076015835
0.0 0.67053425
0.0 6.927612e-05
0.0 0.7665022
0.0 0.00023722871
0.0 0.00025525063
0.0 0.0056088236
0.0 0.00011307156
0.0 7.707816e-05
0.0 9.0450485e-05
0.0 9.604598e-05
0.0 0.00014968176
0.0 0.09909276
0.0 9.912503e-05
0.0 0.006636176
0.0 0.7008579
0.0 0.7222497
0.0 0.0002607509
0.0 0.00011598988
0.0 0.07497639
0.0 0.00027126685
0.0 0.00010968081
0.0 9.604341e-05
0.0 0.00014385191
0.0 0.00012234188
0.0 0.089988135
0.0 0.089988135
0.0 0.09633817
0.0 0.055125885
0.0 0.006636176
0.0 0.82293576
0.0 0.000114418326
0.0 0.09224985
0.0 0.124546774
0.0 0.00011900577
0.0 9.0450485e-05
0.0 0.0006927245
0.0 0.00016378408
0.0 7.855167e-05
0.0 0.00027117762
0.0 0.00028555986
0.0 0.0056088236
0.0 7.219842e-05
0.0 0.00014195811
0.0 0.37901786
0.0 0.00014195811
0.0 0.70152235
0.0 9.604598e-05
0.0 8.451886e-05
0.0 0.41779292
0.0 7.8327044e-05
0.0 0.00023945159
0.0 7.859063e-05
0.0 8.018804e-05
0.0 0.00027389842
0.0 0.66991407
0.0 8.451886e-05
0.0 0.2895995
0.0 0.062827244
0.0 7.855167e-05
0.0 0.0001015443
0.0 0.0001015443
0.0 7.8327044e-05
0.0 0.0001266486
0.0 9.288356e-05
0.0 8.2748105e-05
0.0 0.00011724411
0.0 0.00011070867
0.0 0.09909276
0.0 0.00011598988
0.0 0.39405462
0.0 0.37901786
0.0 0.82293576
0.0 0.124546774
0.0 0.108133785
0.0 7.230211e-05
0.0 0.2895995
0.0 0.00011385683
0.0 0.09909276
0.0 0.00014385191
0.0 9.604598e-05
0.0 0.00027126685
0.0 0.0033869378
0.0 0.0059628915
0.0 0.82293576
0.0 0.0089325495
0.0 0.00011724411
0.0 9.1822556e-05
0.0 0.09224985
0.0 0.00011307156
0.0 0.00014968176
0.0 0.00076015835
0.0 0.00027126685
0.0 0.078720815
0.0 9.0450485e-05
0.0 0.00011900577
0.0 0.0009854937
0.0 0.005189551
0.0 0.0001064581
0.0 0.00027321168
0.0 9.604341e-05
0.0 9.700998e-05
0.0 0.006636176
0.0 0.05083957
0.0 8.018804e-05
0.0 0.00015936395
0.0 0.41779292
0.0 0.0001286218
0.0 0.000112901114
0.0 0.06976571
0.0 0.41779292
0.0 0.2895995
0.0 0.0007300858
0.0 0.00011900577
0.0 0.00011724411
0.0 0.062827244
0.0 9.288356e-05
0.0 0.00010633807
