true vs pred:
0.0 0.026670288
0.0 0.0152401095
1.0 0.9943739
1.0 0.98992974
1.0 0.9894378
1.0 0.993291
0.0 0.50280076
0.0 0.024282701
1.0 0.9930478
1.0 0.9566965
0.0 0.8093402
1.0 0.9959727
0.0 0.033367634
1.0 0.96955276
1.0 0.7770097
1.0 0.9943739
1.0 0.9959021
0.0 0.0065885577
1.0 0.9769309
0.0 0.007256599
0.0 0.030429875
1.0 0.9947077
1.0 0.9381809
0.0 0.020100348
1.0 0.48072198
0.0 0.006512159
1.0 0.4586594
1.0 0.99627846
1.0 0.9845878
1.0 0.9926905
0.0 0.00745867
1.0 0.9838631
0.0 0.18132496
1.0 0.9405223
1.0 0.9949427
1.0 0.9879617
0.0 0.01508809
1.0 0.69399524
1.0 0.9948382
1.0 0.40021306
1.0 0.99684095
1.0 0.9978666
1.0 0.9290832
1.0 0.8915682
1.0 0.9759856
1.0 0.9929779
1.0 0.98955697
0.0 0.67505425
1.0 0.9752901
0.0 0.021325383
1.0 0.84652215
1.0 0.9951507
0.0 0.008846602
0.0 0.016285235
0.0 0.059107486
1.0 0.9960945
0.0 0.76474535
0.0 0.20402598
0.0 0.22913331
1.0 0.9917032
1.0 0.99655473
0.0 0.01988713
0.0 0.02279117
1.0 0.99449736
0.0 0.80151856
1.0 0.27420935
1.0 0.93686354
1.0 0.99482816
1.0 0.95358664
1.0 0.9930339
0.0 0.013767639
0.0 0.0072074817
0.0 0.013017035
1.0 0.986204
1.0 0.9947278
0.0 0.020582091
1.0 0.82863307
1.0 0.43816018
1.0 0.97894555
1.0 0.99643743
1.0 0.9252805
1.0 0.98372227
1.0 0.9965767
1.0 0.96663797
1.0 0.9760854
0.0 0.36772016
0.0 0.018828038
1.0 0.95513207
0.0 0.08464386
0.0 0.039811105
1.0 0.99317014
1.0 0.3553189
1.0 0.79411495
1.0 0.9287867
1.0 0.9901244
1.0 0.9958425
1.0 0.1091184
0.0 0.07429788
1.0 0.33981544
1.0 0.99645245
1.0 0.99137396
1.0 0.96998614
1.0 0.9955857
1.0 0.99236804
0.0 0.013569532
0.0 0.23581359
1.0 0.9889262
1.0 0.9843423
0.0 0.7757486
0.0 0.033726856
1.0 0.98676455
0.0 0.23438258
1.0 0.9958215
1.0 0.97648185
1.0 0.99571085
0.0 0.0064148935
1.0 0.95873827
1.0 0.99739313
0.0 0.013430812
1.0 0.993374
1.0 0.99628747
1.0 0.98679626
1.0 0.9934309
1.0 0.9965305
1.0 0.99617887
1.0 0.46486872
0.0 0.020582091
1.0 0.96609056
1.0 0.9886856
1.0 0.99682945
1.0 0.8701591
1.0 0.98551154
1.0 0.7777829
1.0 0.9733276
1.0 0.6744902
1.0 0.996684
1.0 0.75468516
0.0 0.09556404
1.0 0.3309379
0.0 0.27256742
1.0 0.9696553
1.0 0.985691
0.0 0.024159903
1.0 0.9944219
1.0 0.9843523
0.0 0.018766826
1.0 0.9910376
1.0 0.98227745
0.0 0.022242142
1.0 0.99381894
1.0 0.99224913
1.0 0.9951911
0.0 0.09610797
1.0 0.9949508
1.0 0.99532026
1.0 0.9963999
0.0 0.19111799
1.0 0.89978236
1.0 0.9971301
1.0 0.994138
1.0 0.983126
1.0 0.99299073
1.0 0.99730945
1.0 0.9907952
1.0 0.9955455
0.0 0.008877244
1.0 0.9839802
0.0 0.04130364
1.0 0.9958026
1.0 0.9950053
1.0 0.99444664
1.0 0.858151
1.0 0.995732
1.0 0.98881274
1.0 0.99541277
1.0 0.67770183
1.0 0.99472964
1.0 0.9960521
1.0 0.99662846
0.0 0.024298606
0.0 0.031516157
0.0 0.038067143
1.0 0.98826677
1.0 0.9899518
0.0 0.2250777
1.0 0.99440986
1.0 0.84457535
1.0 0.9745555
0.0 0.063350566
1.0 0.98243284
1.0 0.9957111
1.0 0.9928779
1.0 0.99014866
0.0 0.6064372
0.0 0.0053496035
1.0 0.997241
1.0 0.99545324
1.0 0.99684864
1.0 0.9907952
1.0 0.98579943
0.0 0.016899997
1.0 0.97973263
0.0 0.027211344
1.0 0.9941301
1.0 0.99283934
1.0 0.9925922
0.0 0.7449293
1.0 0.9960381
1.0 0.9965808
0.0 0.012747193
0.0 0.008346104
1.0 0.995321
0.0 0.021094242
1.0 0.77667415
0.0 0.013151154
1.0 0.9925943
1.0 0.9824442
1.0 0.9908751
1.0 0.9949927
1.0 0.11153151
0.0 0.7132563
1.0 0.9769309
1.0 0.98484844
1.0 0.9818258
0.0 0.17857683
0.0 0.007229471
1.0 0.9472101
1.0 0.9943271
1.0 0.66517043
1.0 0.9964341
