true vs pred:
1.0 0.9983627
0.0 0.7994192
1.0 0.9928502
1.0 0.9222632
0.0 0.724709
0.0 0.14042927
1.0 0.998357
1.0 0.99826616
1.0 0.9981527
1.0 0.9938784
0.0 0.54822165
0.0 0.10763227
1.0 0.9736916
1.0 0.9978781
1.0 0.9958175
1.0 0.9979943
0.0 0.023767043
1.0 0.8646424
1.0 0.68045294
1.0 0.9983346
1.0 0.9918932
0.0 0.014230357
1.0 0.9978957
0.0 0.017438587
0.0 0.014809259
1.0 0.9891828
1.0 0.8110312
1.0 0.17398949
1.0 0.9136107
0.0 0.005502553
1.0 0.47773075
1.0 0.9983346
1.0 0.9976
1.0 0.9974509
0.0 0.017438587
1.0 0.8400144
1.0 0.9734407
1.0 0.9976547
1.0 0.99796355
1.0 0.9814777
0.0 0.14042927
0.0 0.7398029
1.0 0.9982515
1.0 0.5399484
1.0 0.9964295
1.0 0.9985453
1.0 0.9275634
0.0 0.7592115
1.0 0.99813265
1.0 0.99115366
1.0 0.976606
0.0 0.17377044
1.0 0.8398716
0.0 0.06802677
1.0 0.79732627
1.0 0.998192
0.0 0.0075582145
0.0 0.058756683
0.0 0.018227959
1.0 0.9984804
0.0 0.71746475
1.0 0.9940367
0.0 0.104460016
1.0 0.9979119
1.0 0.99309546
1.0 0.8791034
0.0 0.5452238
1.0 0.98851633
0.0 0.19157414
0.0 0.1917145
1.0 0.93414646
1.0 0.99224186
1.0 0.90824354
1.0 0.98658746
0.0 0.19535384
0.0 0.01045372
0.0 0.5519172
1.0 0.9471625
1.0 0.9877115
0.0 0.1459691
0.0 0.71850634
1.0 0.24612726
1.0 0.6399415
1.0 0.99824905
1.0 0.7406253
1.0 0.9428511
1.0 0.9978666
1.0 0.9156062
1.0 0.83834237
0.0 0.023748867
1.0 0.17398949
1.0 0.93384457
1.0 0.88497984
0.0 0.63661206
1.0 0.9852637
1.0 0.642232
0.0 0.8223247
1.0 0.94300306
1.0 0.99826616
1.0 0.99147063
1.0 0.9919791
0.0 0.7018481
1.0 0.9858117
1.0 0.99308586
1.0 0.9980356
0.0 0.8498282
1.0 0.9982161
1.0 0.9860225
0.0 0.046965938
0.0 0.104550734
1.0 0.9878687
1.0 0.96501386
1.0 0.99568117
1.0 0.97325665
1.0 0.93186367
1.0 0.9867395
1.0 0.9734402
1.0 0.9980135
1.0 0.99685055
0.0 0.008050468
1.0 0.94332075
1.0 0.9984035
0.0 0.83645284
1.0 0.9870805
1.0 0.9978085
1.0 0.9718251
1.0 0.9784194
1.0 0.9978765
1.0 0.9984042
1.0 0.42920706
0.0 0.15339068
1.0 0.9982749
1.0 0.99339193
1.0 0.9984635
1.0 0.9961306
1.0 0.9980902
1.0 0.9975339
1.0 0.99811554
1.0 0.99604344
1.0 0.99375737
1.0 0.8071599
0.0 0.02021075
1.0 0.4612639
1.0 0.98769486
1.0 0.9329587
1.0 0.99830073
0.0 0.12356823
1.0 0.99134666
1.0 0.9981932
1.0 0.7654523
1.0 0.9928135
1.0 0.89495486
0.0 0.036071047
1.0 0.9914942
1.0 0.99533445
1.0 0.9927931
1.0 0.8522087
1.0 0.9981292
1.0 0.99820304
1.0 0.9978516
1.0 0.9741353
1.0 0.78538495
1.0 0.98929334
1.0 0.9659822
1.0 0.90660673
1.0 0.97401005
1.0 0.9976809
1.0 0.99651885
1.0 0.99801743
0.0 0.016709428
1.0 0.989805
1.0 0.36336318
1.0 0.9960737
1.0 0.99494743
1.0 0.9951283
1.0 0.87275046
1.0 0.99500376
1.0 0.99384105
1.0 0.9983784
1.0 0.9959512
1.0 0.99080545
1.0 0.9931346
1.0 0.9980635
0.0 0.5878064
1.0 0.7954184
0.0 0.01602505
1.0 0.97810674
1.0 0.98826104
1.0 0.9426561
1.0 0.99794966
1.0 0.77527404
0.0 0.7740916
0.0 0.023650102
1.0 0.8617578
1.0 0.99823123
1.0 0.9883193
1.0 0.9981527
0.0 0.04858495
0.0 0.0035804368
1.0 0.9981061
1.0 0.9945188
1.0 0.9984498
1.0 0.99660873
1.0 0.9983113
0.0 0.05195511
1.0 0.9869725
0.0 0.77946246
1.0 0.9590731
1.0 0.9866982
1.0 0.98764473
0.0 0.6745973
1.0 0.9878116
1.0 0.99811244
0.0 0.03395445
0.0 0.012031779
1.0 0.9692497
0.0 0.074309066
1.0 0.65340227
0.0 0.016332198
1.0 0.99749076
1.0 0.9979493
1.0 0.9965643
1.0 0.9982095
1.0 0.9923245
1.0 0.9917862
1.0 0.9978957
1.0 0.95224816
1.0 0.89294904
1.0 0.91425365
0.0 0.0479565
