true vs pred:
1.0 0.99708277
1.0 0.7997158
1.0 0.9919464
1.0 0.9955018
1.0 0.99672985
0.0 0.5124486
1.0 0.9903313
1.0 0.9894817
1.0 0.86216867
1.0 0.69395846
1.0 0.99632627
1.0 0.99661297
1.0 0.99685633
1.0 0.98647505
0.0 0.24856254
1.0 0.7760749
1.0 0.956522
1.0 0.99707747
1.0 0.9952545
1.0 0.9956542
0.0 0.045473076
1.0 0.7822761
1.0 0.35333812
1.0 0.9962723
1.0 0.98037773
0.0 0.385358
1.0 0.99624485
0.0 0.1566955
0.0 0.058129992
1.0 0.96709263
1.0 0.70977604
1.0 0.8971827
1.0 0.8198967
0.0 0.07036914
0.0 0.29091868
1.0 0.9968172
1.0 0.99652785
1.0 0.9957223
0.0 0.16249822
1.0 0.8248508
1.0 0.9841204
1.0 0.9966234
1.0 0.98998344
1.0 0.9628166
1.0 0.69395846
0.0 0.44416484
1.0 0.9967487
1.0 0.371861
1.0 0.99368286
1.0 0.99644035
1.0 0.87618387
0.0 0.69801056
1.0 0.9962915
1.0 0.9759518
1.0 0.9327771
0.0 0.1117305
1.0 0.6118509
1.0 0.41257003
1.0 0.49875048
1.0 0.99656445
0.0 0.12559116
1.0 0.4826228
0.0 0.050757363
1.0 0.9967603
0.0 0.28295377
1.0 0.9917488
0.0 0.06624785
1.0 0.99617577
1.0 0.9813105
1.0 0.9686384
1.0 0.95164555
1.0 0.9400727
0.0 0.18934411
0.0 0.19917072
1.0 0.73806167
1.0 0.9802862
1.0 0.8126486
1.0 0.9517655
1.0 0.83296573
0.0 0.5371551
1.0 0.94945097
1.0 0.8404441
1.0 0.9637966
1.0 0.60262376
0.0 0.69155866
1.0 0.34992385
1.0 0.5840546
1.0 0.99621373
1.0 0.5328298
1.0 0.88096875
1.0 0.9959268
1.0 0.6741006
1.0 0.6741355
0.0 0.050797343
1.0 0.90653646
1.0 0.78011495
1.0 0.96967715
1.0 0.96237993
1.0 0.9510084
1.0 0.51099914
0.0 0.5443131
1.0 0.69760084
1.0 0.99659413
1.0 0.9722171
1.0 0.99533635
1.0 0.9750979
1.0 0.9919525
1.0 0.98221004
1.0 0.99576277
0.0 0.751839
1.0 0.99675745
1.0 0.96890175
0.0 0.92007864
0.0 0.15327816
1.0 0.97240597
1.0 0.91961575
1.0 0.9952932
1.0 0.99177176
1.0 0.8731164
1.0 0.9925054
1.0 0.9364441
1.0 0.99667335
1.0 0.99359965
0.0 0.19081791
1.0 0.8250319
1.0 0.99458057
1.0 0.9892679
1.0 0.97506624
1.0 0.99645126
1.0 0.94863904
1.0 0.9257617
1.0 0.99591297
1.0 0.9968016
1.0 0.56927425
1.0 0.60262376
1.0 0.9964953
1.0 0.9656333
1.0 0.9966995
1.0 0.9940462
1.0 0.99636495
1.0 0.99719775
1.0 0.9962763
1.0 0.9961451
1.0 0.98604625
1.0 0.65960944
0.0 0.047487304
1.0 0.26967126
1.0 0.99219656
1.0 0.6575344
1.0 0.9969838
1.0 0.7602297
1.0 0.97195303
1.0 0.996311
1.0 0.98291147
1.0 0.9867987
1.0 0.8791914
0.0 0.24931411
1.0 0.9579191
1.0 0.9854777
1.0 0.9877787
1.0 0.96961355
1.0 0.996092
1.0 0.9963811
1.0 0.9934935
1.0 0.98458374
1.0 0.769717
1.0 0.9605688
1.0 0.8695204
1.0 0.8872536
1.0 0.90122455
1.0 0.9929181
1.0 0.9961837
1.0 0.9943401
0.0 0.5525369
1.0 0.9315431
1.0 0.8876826
1.0 0.98624724
1.0 0.9640915
1.0 0.98520905
1.0 0.7131466
1.0 0.9840126
1.0 0.9731661
1.0 0.99679047
1.0 0.9960318
1.0 0.9712026
1.0 0.9819385
1.0 0.99581236
1.0 0.95030004
1.0 0.9858127
0.0 0.030238248
1.0 0.9602548
1.0 0.9684039
1.0 0.9860512
1.0 0.99568033
1.0 0.721806
0.0 0.6057271
0.0 0.051959984
1.0 0.7685955
1.0 0.9967603
1.0 0.96241784
1.0 0.99685633
0.0 0.02302918
0.0 0.07707641
1.0 0.9940019
1.0 0.9802438
1.0 0.9957695
1.0 0.9961392
1.0 0.9969919
1.0 0.48368126
1.0 0.9801808
1.0 0.8699088
1.0 0.9036741
1.0 0.9558918
1.0 0.95610195
0.0 0.33124453
1.0 0.9696742
1.0 0.99581236
0.0 0.75855577
0.0 0.24628425
1.0 0.9187164
1.0 0.40966377
1.0 0.5763212
0.0 0.20962384
1.0 0.9957223
1.0 0.99694127
1.0 0.9960985
1.0 0.9965503
1.0 0.99489176
1.0 0.9943111
1.0 0.99624556
