true vs pred:
0.0 0.07091605
1.0 0.99922
1.0 0.99397296
0.0 0.95497084
0.0 0.004422391
1.0 0.99755234
1.0 0.999286
1.0 0.9851459
1.0 0.99930227
0.0 0.026520737
0.0 0.0008909994
1.0 0.99929345
1.0 0.9988418
1.0 0.9993274
1.0 0.9991333
1.0 0.99917763
0.0 0.0049421955
1.0 0.9980292
0.0 0.0065994803
1.0 0.9971559
1.0 0.99825317
1.0 0.9982741
0.0 0.7608337
1.0 0.9930379
1.0 0.99930644
0.0 0.0013951475
0.0 0.0013353162
1.0 0.99247605
0.0 0.0037675342
1.0 0.96538806
0.0 0.0017186481
1.0 0.99915063
1.0 0.9991122
1.0 0.99913776
1.0 0.99929976
1.0 0.9950717
1.0 0.4916565
1.0 0.9989182
1.0 0.9901517
1.0 0.9809061
0.0 0.025089119
0.0 0.0015956867
1.0 0.998044
1.0 0.99859244
1.0 0.9958587
1.0 0.9984491
1.0 0.9991122
0.0 0.027641393
0.0 0.0016100929
0.0 0.025089119
1.0 0.98390085
1.0 0.99930525
0.0 0.90596765
1.0 0.9986902
1.0 0.9976534
1.0 0.9992937
1.0 0.9989724
1.0 0.9993056
1.0 0.9993118
1.0 0.99920326
1.0 0.99907744
1.0 0.9991757
0.0 0.9308127
1.0 0.9992768
1.0 0.9993017
0.0 0.009174272
0.0 0.0030605828
1.0 0.7597481
1.0 0.9990176
1.0 0.9985556
0.0 0.0011521067
0.0 0.001534308
1.0 0.9907197
1.0 0.99673355
0.0 0.002098851
0.0 0.0055789016
0.0 0.0014947
0.0 0.0011330573
1.0 0.9990631
1.0 0.9993025
1.0 0.9992612
0.0 0.0049421955
0.0 0.5252215
0.0 0.28609717
1.0 0.99731135
1.0 0.99859565
0.0 0.68713987
1.0 0.9986559
0.0 0.007134999
1.0 0.68226117
1.0 0.9986603
0.0 0.68713987
0.0 0.0016805073
1.0 0.99807334
1.0 0.9986738
1.0 0.9988925
0.0 0.0016428994
0.0 0.0010033954
1.0 0.9992545
0.0 0.0012287742
0.0 0.081489734
0.0 0.010177518
0.0 0.0073641418
1.0 0.9889409
1.0 0.995587
0.0 0.2318059
1.0 0.9992834
0.0 0.0011521067
0.0 0.007607061
0.0 0.30662298
1.0 0.9973788
1.0 0.99924767
1.0 0.99909437
1.0 0.99914277
0.0 0.15403207
0.0 0.027709072
1.0 0.95985353
0.0 0.0033400676
1.0 0.9992637
1.0 0.999154
1.0 0.99884355
1.0 0.9988445
0.0 0.087082475
1.0 0.99929965
1.0 0.9993112
1.0 0.9971065
1.0 0.99924636
0.0 0.7919577
0.0 0.0016805073
1.0 0.9992015
1.0 0.9947968
1.0 0.9607654
0.0 0.5347746
0.0 0.005195538
1.0 0.9992298
1.0 0.9676405
0.0 0.0037675342
1.0 0.9981963
1.0 0.961908
1.0 0.999297
1.0 0.94732654
1.0 0.95494246
1.0 0.9991911
0.0 0.010459355
1.0 0.9992508
1.0 0.99929154
1.0 0.99907744
1.0 0.98917866
1.0 0.9992895
0.0 0.01608338
1.0 0.99928063
0.0 0.030435838
1.0 0.97946507
0.0 0.007510382
1.0 0.9993092
1.0 0.9993124
1.0 0.9988938
0.0 0.0012338948
1.0 0.9875408
1.0 0.979627
1.0 0.99909234
0.0 0.023280196
1.0 0.9991875
1.0 0.99798965
1.0 0.99552625
0.0 0.045954973
1.0 0.9992974
1.0 0.9934362
1.0 0.5012039
0.0 0.0033770474
1.0 0.9597845
1.0 0.9992663
1.0 0.99843556
1.0 0.54557383
1.0 0.9991117
0.0 0.008469784
1.0 0.9607597
1.0 0.5685592
0.0 0.0033694599
0.0 0.25533038
1.0 0.9985158
0.0 0.0013336004
1.0 0.9992902
1.0 0.9303075
1.0 0.9977029
1.0 0.99931324
0.0 0.16577351
1.0 0.9937184
1.0 0.99123996
0.0 0.0020697797
1.0 0.99925405
1.0 0.9972498
0.0 0.0018473748
1.0 0.9992925
1.0 0.99866974
0.0 0.0021992729
0.0 0.014865891
1.0 0.98368365
1.0 0.99920684
1.0 0.99156874
0.0 0.9711945
1.0 0.99926835
0.0 0.0014486312
1.0 0.99331856
1.0 0.97077113
1.0 0.81735903
1.0 0.9991398
1.0 0.99895763
0.0 0.0033081654
1.0 0.9823168
1.0 0.99883515
0.0 0.005552281
0.0 0.00090626307
1.0 0.99931145
1.0 0.99358255
1.0 0.98016214
0.0 0.0014256713
1.0 0.8393948
0.0 0.3556188
1.0 0.99843997
1.0 0.9989862
1.0 0.9993218
1.0 0.82567567
1.0 0.99634236
1.0 0.9991652
1.0 0.97386485
0.0 0.001454461
0.0 0.0075997636
1.0 0.97463167
1.0 0.99921834
