true vs pred:
0.0 0.0003518412
0.0 0.00872569
0.0 0.00019685327
0.0 0.0012247092
0.0 0.0011163917
0.0 0.00036104096
0.0 0.0032275473
0.0 0.00036096456
0.0 0.00027096857
0.0 0.00015706845
0.0 0.00038177913
0.0 0.00014000766
0.0 0.0023100083
0.0 0.0011163917
0.0 0.0036059648
1.0 0.95605683
0.0 0.0011224813
0.0 0.00032893935
0.0 0.00014738736
0.0 0.0003518412
0.0 0.0010650413
0.0 0.00015130833
0.0 0.0011258916
1.0 0.95564914
0.0 0.00033292721
0.0 0.0023100083
0.0 0.00012721191
0.0 0.00019684313
0.0 0.00032969099
0.0 0.0003927767
0.0 0.0003244544
0.0 0.00014942391
1.0 0.95564914
0.0 0.0029430252
0.0 0.0011258916
0.0 0.00027061743
0.0 0.0009790033
0.0 0.00015993892
0.0 0.00038184575
0.0 0.008868308
0.0 0.007468904
0.0 0.00036288035
0.0 0.00016962104
0.0 0.0012247092
0.0 0.0032275473
0.0 0.00015130833
1.0 0.95422
0.0 0.00012721191
0.0 0.0030197103
0.0 0.0003476088
0.0 0.0011163917
0.0 0.00017928284
0.0 0.003471802
0.0 0.006646938
1.0 0.96552634
0.0 0.00037456112
0.0 0.00018444798
0.0 0.008065802
1.0 0.94737244
0.0 0.00015936334
0.0 0.00020051796
0.0 0.0001888927
0.0 0.007947684
0.0 0.0001888927
0.0 0.57460326
0.0 0.00012663568
0.0 0.00015408381
0.0 0.5540885
0.0 0.00012463031
1.0 0.953131
0.0 0.008036387
0.0 0.00023799876
1.0 0.94737244
0.0 0.0001872276
0.0 0.00019685327
0.0 0.006646938
0.0 0.00014942391
0.0 0.5705832
0.0 0.00036731176
0.0 0.54307926
0.0 0.00032893935
0.0 0.00021406527
0.0 0.00012721191
0.0 0.00015706845
0.0 0.00019684313
0.0 0.00021082714
0.0 0.0011163917
0.0 0.0003371647
0.0 0.00012463031
0.0 0.00027096857
0.0 0.0011617889
0.0 0.00015706845
0.0 0.610982
0.0 0.00036212266
0.0 0.0032275473
0.0 0.0023100083
0.0 0.0011258916
0.0 0.00032893935
0.0 0.00019694433
0.0 0.00015130833
0.0 0.6121816
0.0 0.00018969266
0.0 0.00036288035
0.0 0.00016962104
0.0 0.00032893935
0.0 0.0032275473
0.0 0.0036059648
0.0 0.0011262944
0.0 0.0032902446
0.0 0.00018617924
0.0 0.0011146326
1.0 0.95564914
0.0 0.0003535289
0.0 0.00019684313
0.0 0.0010391591
0.0 0.00019073949
0.0 0.003471802
0.0 0.00020327767
0.0 0.00035707478
0.0 0.0036059648
0.0 0.0003256205
0.0 0.00019138148
0.0 0.00015408381
0.0 0.010040845
0.0 0.00031447154
0.0 0.00037456112
0.0 0.00015569394
0.0 0.010040845
0.0 0.0011224813
0.0 0.00018617924
0.0 0.0003256205
0.0 0.6231385
0.0 0.0036059648
0.0 0.00015706845
0.0 0.00012721191
0.0 0.008065802
0.0 0.0011146326
0.0 0.00019073949
0.0 0.0010062994
1.0 0.94737244
0.0 0.0012281477
0.0 0.00028697774
0.0 0.00035007545
0.0 0.0030195108
0.0 0.0010391591
0.0 0.00020327767
1.0 0.9357244
0.0 0.0001810293
0.0 0.006316172
0.0 0.006646938
0.0 0.00038184575
0.0 0.5540885
0.0 0.00019025455
1.0 0.95422
0.0 0.00015130833
0.0 0.00012463031
0.0 0.00036212266
0.0 0.00014942391
0.0 0.0010391591
0.0 0.0004108217
0.0 0.0001810293
0.0 0.00020051796
0.0 0.0013587737
0.0 0.00028697774
0.0 0.00037590737
0.0 0.0039376416
0.0 0.0036059648
0.0 0.007468904
0.0 0.610982
0.0 0.00027366506
0.0 0.5705832
0.0 0.0036059648
0.0 0.00028048066
0.0 0.00035007545
0.0 0.0009790033
0.0 0.00014000766
0.0 0.00027061743
0.0 0.00037456112
0.0 0.0029430252
0.0 0.00018444798
0.0 0.0032902446
0.0 0.0001872276
0.0 0.00017172507
0.0 0.00872569
1.0 0.9647754
0.0 0.003471802
0.0 0.000126659
0.0 0.00028048066
0.0 0.00019684313
0.0 0.0003371647
0.0 0.5996982
0.0 0.0012767543
0.0 0.0003535289
0.0 0.00012721191
0.0 0.00013482978
0.0 0.00019025455
0.0 0.0009790033
0.0 0.0011163917
0.0 0.00018158267
0.0 0.00015993892
0.0 0.0011309729
0.0 0.00032969099
0.0 0.00872569
0.0 0.00038184575
0.0 0.0032902446
0.0 0.0030195108
0.0 0.00019073949
0.0 0.00012463031
0.0 0.6231385
0.0 0.00032678357
0.0 0.00017619961
0.0 0.0012767543
0.0 0.00018581853
1.0 0.95605683
1.0 0.9647754
0.0 0.0011163917
0.0 0.007947684
0.0 0.00037186337
0.0 0.00015706845
0.0 0.5540885
0.0 0.0003476088
0.0 0.00020395409
0.0 0.00021880274
0.0 0.5705832
0.0 0.0003244544
0.0 0.0039376416
0.0 0.0039376416
0.0 0.00018444798
0.0 0.00017619961
0.0 0.0011224813
0.0 0.008065802
0.0 0.00032893935
0.0 0.00036288035
0.0 0.0030195108
0.0 0.0063792053
0.0 0.003471802
0.0 0.0023100083
0.0 0.610982
0.0 0.00015569394
0.0 0.00019138148
0.0 0.57460326
0.0 0.6121816
0.0 0.0010062994
0.0 0.00016225314
0.0 0.00012663568
0.0 0.00035007545
0.0 0.0023100083
0.0 0.008065802
0.0 0.0011216481
0.0 0.001215216
0.0 0.00027366506
0.0 0.00032893935
0.0 0.57460326
0.0 0.00029072908
0.0 0.0011163917
0.0 0.00019314226
0.0 0.00018444798
0.0 0.0030197103
1.0 0.95564914
0.0 0.0011617889
0.0 0.010040845
0.0 0.0011163917
0.0 0.00020031251
0.0 0.0039376416
0.0 0.0010415323
0.0 0.00036731176
0.0 0.00019694433
0.0 0.00017619961
0.0 0.5996982
0.0 0.00019529075
0.0 0.0011309729
0.0 0.0001888927
0.0 0.0032902446
1.0 0.9647754
0.0 0.0012281477
0.0 0.00018444798
0.0 0.57460326
0.0 0.00872569
1.0 0.9647754
0.0 0.006646938
0.0 0.0009790033
0.0 0.0002733013
0.0 0.00020327767
0.0 0.00021880274
0.0 0.00031447154
0.0 0.0023100083
0.0 0.0003535289
0.0 0.0011258916
0.0 0.008065802
0.0 0.0004108217
0.0 0.54307926
0.0 0.0002041354
0.0 0.00018617924
0.0 0.00018444798
0.0 0.0011262944
0.0 0.00034334647
1.0 0.9647754
0.0 0.0010650413
0.0 0.00014942391
0.0 0.00023799876
0.0 0.00019685327
0.0 0.00018617924
0.0 0.0012281477
0.0 0.00018158267
0.0 0.00027096857
0.0 0.0001872276
0.0 0.00017172507
0.0 0.00027651832
0.0 0.006316172
0.0 0.0023100083
0.0 0.00030459964
0.0 0.00018581853
0.0 0.0010062994
0.0 0.00013034901
0.0 0.00028048066
0.0 0.5540885
0.0 0.00035707478
0.0 0.00033292721
0.0 0.5540885
0.0 0.00015993892
0.0 0.00027366506
0.0 0.006646938
0.0 0.007947684
0.0 0.00014942391
0.0 0.00036731176
0.0 0.0023100083
0.0 0.00028697774
0.0 0.00037456112
0.0 0.0010415323
0.0 0.00020327767
0.0 0.0003535289
0.0 0.00018158267
0.0 0.00018617924
0.0 0.0010650413
0.0 0.00019138148
0.0 0.00035707478
0.0 0.0030197103
0.0 0.00018169194
0.0 0.0011146326
0.0 0.0003244544
0.0 0.00022567374
0.0 0.00036096456
0.0 0.00013482978
0.0 0.00016962104
0.0 0.0029430252
0.0 0.00016225314
0.0 0.00018444798
0.0 0.0010391591
1.0 0.94737244
0.0 0.00019025455
0.0 0.00017172507
0.0 0.0011216481
0.0 0.0011258916
0.0 0.6121816
0.0 0.006316172
1.0 0.95564914
0.0 0.59201163
0.0 0.6121816
0.0 0.0012281477
1.0 0.9647754
0.0 0.5705832
0.0 0.0003311605
0.0 0.0032902446
0.0 0.00030459964
0.0 0.0011617889
0.0 0.0001888927
0.0 0.0010415323
0.0 0.00018617924
0.0 0.00030459964
0.0 0.00037590737
0.0 0.5996982
0.0 0.00872569
0.0 0.00013482978
0.0 0.00015130833
0.0 0.00019694433
0.0 0.00872569
0.0 0.0011309729
0.0 0.00019529075
0.0 0.00019685327
0.0 0.00012463031
0.0 0.0011163917
0.0 0.0012767543
0.0 0.0001810293
0.0 0.0003244544
0.0 0.00015936334
0.0 0.6121816
0.0 0.006316172
0.0 0.00012721191
0.0 0.0003371647
0.0 0.00015993892
0.0 0.00032678357
0.0 0.00015408381
0.0 0.003471802
0.0 0.00017928284
0.0 0.00019685327
1.0 0.9436613
0.0 0.00018581853
0.0 0.0010451061
0.0 0.00027061743
0.0 0.00015706845
0.0 0.00034334647
0.0 0.0001872276
0.0 0.0012281477
0.0 0.00020051796
0.0 0.0011258916
0.0 0.0032902446
0.0 0.0010415323
0.0 0.610982
0.0 0.0032902446
0.0 0.00017928284
0.0 0.0002733013
0.0 0.5705832
0.0 0.00017619961
0.0 0.6121816
0.0 0.00027096857
0.0 0.00031447154
0.0 0.008868308
0.0 0.0011262944
0.0 0.0039376416
0.0 0.0001810293
0.0 0.0003535289
0.0 0.0001810293
0.0 0.0013587737
0.0 0.00027096857
0.0 0.0011309729
0.0 0.0003256205
0.0 0.0012767543
0.0 0.0063792053
1.0 0.953131
0.0 0.0030195108
0.0 0.00021880274
0.0 0.00015408381
0.0 0.00015569394
0.0 0.00037456112
0.0 0.00023799876
0.0 0.0011163917
0.0 0.00016962104
0.0 0.00029072908
0.0 0.00016962104
0.0 0.00036731176
0.0 0.0063792053
0.0 0.0003256205
0.0 0.0032275473
0.0 0.0012767543
0.0 0.006316172
0.0 0.00019684313
1.0 0.95422
0.0 0.008868308
0.0 0.00022567374
1.0 0.9357244
0.0 0.00013034901
0.0 0.00013249287
0.0 0.0003927767
0.0 0.00012572331
0.0 0.00015569394
0.0 0.001215216
0.0 0.00036212266
0.0 0.5996982
1.0 0.953131
0.0 0.0011262944
0.0 0.003857347
0.0 0.00022567374
0.0 0.00018969266
0.0 0.610982
0.0 0.00014000766
0.0 0.5736182
0.0 0.0039376416
0.0 0.00013482978
0.0 0.00014942391
0.0 0.0039376416
0.0 0.00037456112
0.0 0.0063792053
0.0 0.0009790033
0.0 0.00017928284
0.0 0.00022567374
0.0 0.006646938
0.0 0.0011258916
0.0 0.0008556613
0.0 0.0003371647
0.0 0.003471802
0.0 0.0003476088
0.0 0.0003311605
0.0 0.0011163917
0.0 0.5996982
0.0 0.00015130833
0.0 0.5705832
0.0 0.00013482978
0.0 0.00020051796
0.0 0.00019685327
0.0 0.57460326
0.0 0.0003927767
0.0 0.0004108217
0.0 0.0003927767
0.0 0.0011258916
0.0 0.00019694433
0.0 0.00013249287
0.0 0.00032893935
0.0 0.00012721191
0.0 0.0010415323
0.0 0.00872569
0.0 0.00013034901
0.0 0.00014000766
0.0 0.0001810293
0.0 0.0011258916
0.0 0.0030197103
0.0 0.008036387
0.0 0.00014000766
0.0 0.00029072908
0.0 0.0003518412
1.0 0.94416195
0.0 0.0029430252
0.0 0.0003244544
0.0 0.00018581853
0.0 0.0012247092
0.0 0.00031447154
0.0 0.000126659
0.0 0.59201163
0.0 0.0010415323
0.0 0.59201163
0.0 0.00016962104
