true vs pred:
0.0 0.9038158
1.0 0.9247931
1.0 0.95614934
1.0 0.2078521
1.0 0.77214116
0.0 0.9358034
1.0 0.861154
1.0 0.78099763
1.0 0.4130975
1.0 0.6721245
1.0 0.78848016
1.0 0.9396835
0.0 0.50793684
1.0 0.95262545
1.0 0.8829596
0.0 0.56593084
1.0 0.94427484
1.0 0.69002867
1.0 0.9525312
1.0 0.7508401
1.0 0.7790701
0.0 0.39272895
0.0 0.764427
1.0 0.95022315
1.0 0.61580604
0.0 0.6636119
1.0 0.94154483
1.0 0.79410577
1.0 0.86839706
1.0 0.8128593
1.0 0.9202038
1.0 0.93732744
1.0 0.95085067
1.0 0.64926434
1.0 0.90412134
0.0 0.91605514
0.0 0.41778484
1.0 0.94465923
0.0 0.8900292
1.0 0.69799495
1.0 0.8876526
1.0 0.8351793
0.0 0.64726543
1.0 0.9543519
1.0 0.92416483
1.0 0.7495105
1.0 0.9567489
1.0 0.9099493
1.0 0.7039042
0.0 0.8105524
1.0 0.80840135
1.0 0.9488708
1.0 0.9363122
1.0 0.95022315
0.0 0.47090626
1.0 0.79594815
1.0 0.94762844
1.0 0.93702936
1.0 0.92325115
1.0 0.828483
1.0 0.8183626
1.0 0.94046885
1.0 0.6636164
1.0 0.76820433
1.0 0.7408426
1.0 0.5621261
1.0 0.8748223
0.0 0.92445457
1.0 0.6230499
1.0 0.9538227
1.0 0.7948759
1.0 0.9285361
1.0 0.9441459
1.0 0.74671656
1.0 0.9148413
1.0 0.9470733
1.0 0.93702936
1.0 0.8876526
0.0 0.5234133
0.0 0.80310893
1.0 0.95440584
1.0 0.950318
1.0 0.95943195
1.0 0.7389688
1.0 0.94931954
1.0 0.9550886
1.0 0.7695292
0.0 0.46310797
0.0 0.80448896
1.0 0.8936281
0.0 0.9196921
1.0 0.95788246
1.0 0.82009
1.0 0.7864453
0.0 0.6579506
1.0 0.96037483
1.0 0.7755308
1.0 0.9071788
1.0 0.7024102
1.0 0.943674
1.0 0.81756836
1.0 0.7627127
1.0 0.94961476
1.0 0.9522996
1.0 0.65992016
0.0 0.93691033
1.0 0.8184335
1.0 0.95448655
1.0 0.5978398
1.0 0.67967105
1.0 0.68278366
1.0 0.9345997
1.0 0.82197416
1.0 0.9537847
1.0 0.4639297
0.0 0.7999992
1.0 0.8994062
1.0 0.8048969
1.0 0.9578989
1.0 0.94427484
1.0 0.7485396
1.0 0.934395
1.0 0.94262874
1.0 0.5235366
1.0 0.7792491
0.0 0.7690161
1.0 0.9309345
1.0 0.7446895
1.0 0.95535964
1.0 0.781039
0.0 0.40862536
1.0 0.9548518
1.0 0.8612181
1.0 0.8671631
0.0 0.6364106
1.0 0.92468303
1.0 0.8262809
1.0 0.94294083
1.0 0.770018
1.0 0.7743992
1.0 0.6908333
1.0 0.81573457
1.0 0.94349647
1.0 0.9538227
1.0 0.92387086
1.0 0.9277909
1.0 0.9582461
1.0 0.9208334
1.0 0.9298965
1.0 0.64877707
1.0 0.950318
1.0 0.9556391
1.0 0.9606382
1.0 0.9533946
0.0 0.9273291
1.0 0.69427854
1.0 0.9465774
1.0 0.7788126
1.0 0.93254215
1.0 0.8190968
1.0 0.9424441
1.0 0.9259292
1.0 0.74292934
1.0 0.6868185
1.0 0.94644994
1.0 0.874838
1.0 0.9333857
1.0 0.8231542
1.0 0.7908008
1.0 0.9589736
1.0 0.78946
1.0 0.943112
1.0 0.7576378
1.0 0.87933683
1.0 0.83945763
1.0 0.83141285
1.0 0.9421641
1.0 0.94644994
1.0 0.7121384
0.0 0.50870246
0.0 0.6881059
0.0 0.55945987
1.0 0.7958422
1.0 0.6252246
1.0 0.8783492
0.0 0.79792345
1.0 0.91960347
1.0 0.7940959
1.0 0.9304647
0.0 0.55482197
1.0 0.5484427
1.0 0.60474443
1.0 0.8915043
1.0 0.8661228
1.0 0.71778995
1.0 0.88311756
1.0 0.82510906
1.0 0.94465923
1.0 0.857014
1.0 0.94137883
1.0 0.7922649
1.0 0.66217273
1.0 0.64819634
1.0 0.9558996
1.0 0.9549896
0.0 0.7530558
1.0 0.8004528
1.0 0.7787821
0.0 0.91975975
0.0 0.86005133
1.0 0.6246909
1.0 0.7967141
1.0 0.8683668
0.0 0.7398871
1.0 0.84302807
1.0 0.94545096
1.0 0.94643027
1.0 0.9447119
1.0 0.9337299
1.0 0.9577636
1.0 0.7471735
1.0 0.94811857
0.0 0.8293795
1.0 0.8759239
1.0 0.8395718
1.0 0.95666337
1.0 0.9516732
1.0 0.76256317
1.0 0.90248346
1.0 0.83129567
