true vs pred:
1.0 0.9988405
1.0 0.9980725
0.0 0.009537785
1.0 0.9616463
1.0 0.9900586
1.0 0.9985183
0.0 0.05789196
1.0 0.9978795
1.0 0.99579287
1.0 0.9356662
0.0 0.10703609
1.0 0.99880207
1.0 0.9845663
1.0 0.8688238
0.0 0.009364499
1.0 0.8269181
1.0 0.9985877
1.0 0.99105495
1.0 0.8794056
1.0 0.99734455
0.0 0.080582924
1.0 0.9457752
1.0 0.3815772
0.0 0.06265894
0.0 0.31101668
1.0 0.9952992
0.0 0.0041887667
1.0 0.9985417
1.0 0.80695975
1.0 0.99211884
1.0 0.99879587
1.0 0.24295346
1.0 0.9874743
1.0 0.9872377
0.0 0.006319222
1.0 0.9986046
1.0 0.98396814
0.0 0.022565773
1.0 0.99864
1.0 0.99194944
0.0 0.007257132
0.0 0.04823753
1.0 0.8964176
1.0 0.9985245
1.0 0.99595994
0.0 0.92489266
1.0 0.9986998
0.0 0.007346171
1.0 0.94666564
1.0 0.901893
1.0 0.98492485
1.0 0.9982957
1.0 0.9980913
0.0 0.06265894
1.0 0.90292543
1.0 0.9969127
0.0 0.028983802
0.0 0.0019664762
1.0 0.9988418
1.0 0.9399194
1.0 0.86724836
0.0 0.00446219
1.0 0.51860464
0.0 0.5897323
1.0 0.9930676
1.0 0.99692184
1.0 0.99889153
1.0 0.99200916
1.0 0.9815646
1.0 0.9984518
1.0 0.8866399
0.0 0.005621175
0.0 0.57318634
1.0 0.8404673
1.0 0.9986204
0.0 0.003998588
0.0 0.0019664762
0.0 0.007257132
1.0 0.99169356
1.0 0.9627921
0.0 0.03530178
1.0 0.9778627
1.0 0.9984629
0.0 0.06543362
1.0 0.998579
0.0 0.0027144805
0.0 0.026206173
1.0 0.9807042
1.0 0.51277596
1.0 0.9985487
1.0 0.9988343
0.0 0.109335385
1.0 0.7613993
1.0 0.9899047
1.0 0.9430901
1.0 0.99848
1.0 0.99861085
0.0 0.123021804
1.0 0.9769812
0.0 0.96348584
0.0 0.40800235
1.0 0.20339
1.0 0.99852365
1.0 0.8659423
0.0 0.50431365
1.0 0.9985129
1.0 0.99675375
1.0 0.99793315
1.0 0.9507791
1.0 0.9812856
1.0 0.9945879
0.0 0.04026305
1.0 0.99525
1.0 0.99876827
1.0 0.97137016
1.0 0.83116883
1.0 0.9982145
1.0 0.79024833
0.0 0.6470312
1.0 0.9985877
1.0 0.9948672
1.0 0.9965702
1.0 0.9974999
1.0 0.98039824
1.0 0.97391224
0.0 0.86486834
0.0 0.0031820617
1.0 0.9341195
0.0 0.00794667
1.0 0.9625615
1.0 0.8932675
0.0 0.03718343
1.0 0.9983581
0.0 0.8019885
1.0 0.9967187
1.0 0.12961449
1.0 0.9985246
1.0 0.998642
1.0 0.9967642
0.0 0.07935116
1.0 0.99380434
0.0 0.01700576
0.0 0.029975912
1.0 0.9984518
1.0 0.9961448
1.0 0.99817014
1.0 0.99854565
1.0 0.9985505
1.0 0.9983747
1.0 0.9767808
1.0 0.9778627
1.0 0.98677295
1.0 0.99832934
1.0 0.9985178
1.0 0.9899422
1.0 0.9535321
0.0 0.003927044
1.0 0.7513875
1.0 0.9987472
1.0 0.9925136
0.0 0.003997661
1.0 0.9979984
0.0 0.0035517819
1.0 0.9920219
1.0 0.9984982
1.0 0.9917173
1.0 0.9930507
1.0 0.99867743
1.0 0.9864172
0.0 0.019580664
1.0 0.9975587
0.0 0.6807833
1.0 0.9943224
1.0 0.99869543
1.0 0.99792033
1.0 0.7959319
0.0 0.03156373
1.0 0.9984982
1.0 0.99705267
0.0 0.71915376
1.0 0.98993266
1.0 0.8263912
1.0 0.99240327
0.0 0.13725325
0.0 0.0051447214
1.0 0.0332075
1.0 0.99879706
1.0 0.9966487
1.0 0.99880445
1.0 0.9451048
1.0 0.91830623
1.0 0.99717784
0.0 0.42561066
1.0 0.9987949
1.0 0.9954543
0.0 0.010081146
1.0 0.99758494
0.0 0.022565773
1.0 0.9974107
1.0 0.99791604
1.0 0.9850449
1.0 0.9845078
1.0 0.9623567
1.0 0.99876666
1.0 0.9985683
1.0 0.36673865
1.0 0.9939302
0.0 0.7763464
1.0 0.9986076
1.0 0.99829143
1.0 0.99447846
1.0 0.9967115
0.0 0.032900956
1.0 0.9946089
1.0 0.9985507
0.0 0.42352435
1.0 0.9985813
0.0 0.95583624
1.0 0.9987556
0.0 0.08530526
1.0 0.9949228
1.0 0.9988788
1.0 0.9986896
1.0 0.99376714
1.0 0.9989353
1.0 0.99870706
1.0 0.9985114
1.0 0.9975018
1.0 0.99888057
1.0 0.8750497
