true vs pred:
1.0 0.9425608
1.0 0.6363261
1.0 0.9503981
0.0 0.67898023
1.0 0.9245403
1.0 0.53938895
1.0 0.91294324
1.0 0.8240055
1.0 0.70006317
0.0 0.49956408
1.0 0.9530732
1.0 0.92904073
0.0 0.3939714
1.0 0.94914424
1.0 0.20978644
1.0 0.9473903
0.0 0.895935
1.0 0.9345851
1.0 0.7354851
1.0 0.9203466
1.0 0.9375761
1.0 0.48490465
1.0 0.91394913
1.0 0.8110623
0.0 0.64584106
1.0 0.92491305
1.0 0.9511311
1.0 0.7797452
1.0 0.913821
1.0 0.9529731
0.0 0.7683153
1.0 0.8937408
1.0 0.9235829
1.0 0.950429
1.0 0.9483308
1.0 0.95610595
1.0 0.9468646
1.0 0.61546355
1.0 0.8288859
1.0 0.89927405
0.0 0.8689805
1.0 0.94914424
1.0 0.35168827
1.0 0.9540508
1.0 0.9319607
1.0 0.64791787
1.0 0.94518954
1.0 0.93541366
1.0 0.73158675
1.0 0.786318
1.0 0.8819361
0.0 0.76683
1.0 0.8190238
1.0 0.7428888
1.0 0.93432564
1.0 0.9312677
1.0 0.9404595
1.0 0.8871388
1.0 0.9530999
1.0 0.6786778
1.0 0.59918594
0.0 0.74682283
0.0 0.679908
1.0 0.64633036
1.0 0.7580919
1.0 0.93269455
1.0 0.7584295
1.0 0.9332667
1.0 0.817748
1.0 0.9240878
0.0 0.61632264
1.0 0.8245161
1.0 0.87688637
1.0 0.7939194
1.0 0.74593925
1.0 0.75643873
1.0 0.92464024
1.0 0.9472581
1.0 0.6355342
0.0 0.55246097
1.0 0.93585974
1.0 0.9520607
1.0 0.9207101
1.0 0.8782406
1.0 0.7992588
1.0 0.7755585
1.0 0.9400295
1.0 0.9310312
1.0 0.8770981
0.0 0.508657
1.0 0.81967086
0.0 0.44104972
1.0 0.9222985
1.0 0.6411097
1.0 0.9538373
1.0 0.65842503
1.0 0.9376415
1.0 0.8211454
1.0 0.8311203
1.0 0.8911539
1.0 0.93085164
1.0 0.9540508
1.0 0.91176873
1.0 0.7591149
1.0 0.9158178
1.0 0.6014231
0.0 0.4743702
1.0 0.7020042
1.0 0.7691664
1.0 0.48093456
1.0 0.93585974
1.0 0.93582594
1.0 0.944637
0.0 0.37534922
1.0 0.8563726
0.0 0.7247661
1.0 0.8316179
1.0 0.91141635
1.0 0.94623524
1.0 0.93081313
1.0 0.9358492
1.0 0.95263624
1.0 0.9469438
1.0 0.94374514
0.0 0.85139954
1.0 0.7618704
1.0 0.94483566
1.0 0.9175416
1.0 0.7737561
1.0 0.8368826
1.0 0.9472581
1.0 0.5127646
1.0 0.94553834
1.0 0.75047964
1.0 0.9337561
1.0 0.9454012
1.0 0.70257545
1.0 0.9551261
1.0 0.9495895
1.0 0.9428345
1.0 0.69970447
1.0 0.9265343
1.0 0.7594504
1.0 0.93961
1.0 0.9511311
1.0 0.911548
1.0 0.9319489
1.0 0.95610595
0.0 0.73892355
1.0 0.82458305
0.0 0.92531747
1.0 0.94148004
1.0 0.91265917
0.0 0.7034003
1.0 0.95822746
1.0 0.7314937
1.0 0.9063403
1.0 0.91442394
1.0 0.9425608
1.0 0.7539807
1.0 0.8669025
1.0 0.9240878
1.0 0.9332667
1.0 0.9060641
1.0 0.69334227
1.0 0.94201744
1.0 0.8627799
1.0 0.91176873
1.0 0.9261102
1.0 0.839126
0.0 0.49602547
1.0 0.80490977
1.0 0.94272006
1.0 0.82357323
1.0 0.94148004
1.0 0.83474225
1.0 0.94213796
1.0 0.9433967
1.0 0.9175416
1.0 0.65983534
1.0 0.9379672
1.0 0.59517676
1.0 0.8316179
1.0 0.9499691
1.0 0.91394913
1.0 0.92306656
1.0 0.92904073
1.0 0.93837845
1.0 0.8943484
1.0 0.84638864
1.0 0.53371567
1.0 0.82193816
1.0 0.7283398
1.0 0.9072788
1.0 0.94096774
1.0 0.9262415
1.0 0.9483308
0.0 0.9309043
1.0 0.63588667
1.0 0.94968116
1.0 0.93743867
1.0 0.8444768
1.0 0.7538099
1.0 0.6905939
1.0 0.9318204
1.0 0.8005287
1.0 0.628593
1.0 0.66216093
1.0 0.7179358
1.0 0.94205207
1.0 0.93348783
1.0 0.9483308
1.0 0.95093083
1.0 0.6663649
1.0 0.9158336
1.0 0.95259535
1.0 0.72311765
1.0 0.74781305
0.0 0.64728904
1.0 0.92110366
1.0 0.9310312
0.0 0.6257232
1.0 0.8527093
1.0 0.6623196
1.0 0.93543327
1.0 0.9404595
0.0 0.5743368
1.0 0.93724775
1.0 0.88756186
1.0 0.773447
