true vs pred:
1.0 0.9534047
1.0 0.92040974
1.0 0.9499538
1.0 0.9400859
1.0 0.92372864
1.0 0.9645404
1.0 0.97514296
1.0 0.96197903
1.0 0.9649863
1.0 0.9388034
1.0 0.96754014
1.0 0.96380156
1.0 0.6297774
1.0 0.7175012
1.0 0.95584965
1.0 0.9753244
1.0 0.96380156
1.0 0.96124375
1.0 0.95159644
1.0 0.9366122
1.0 0.96818984
1.0 0.72967666
1.0 0.9554243
1.0 0.8896067
1.0 0.9649907
1.0 0.93685883
1.0 0.97452015
1.0 0.9579627
1.0 0.95246005
1.0 0.91649777
1.0 0.9417989
1.0 0.95716965
1.0 0.92966664
1.0 0.9366122
1.0 0.96818984
1.0 0.9674603
1.0 0.9727957
1.0 0.95246005
1.0 0.89321154
1.0 0.96830666
1.0 0.96832263
1.0 0.6055503
1.0 0.97435045
1.0 0.9565154
1.0 0.7294924
1.0 0.9726001
1.0 0.9649863
1.0 0.9228536
1.0 0.91649777
1.0 0.96690303
1.0 0.96690303
1.0 0.9721433
1.0 0.9600287
1.0 0.9707355
1.0 0.7274889
1.0 0.9565154
1.0 0.9665808
1.0 0.92966664
1.0 0.89420664
1.0 0.9653477
1.0 0.58581626
1.0 0.9388034
1.0 0.9726001
1.0 0.96832263
1.0 0.9631578
1.0 0.9511631
1.0 0.9581003
1.0 0.9366122
1.0 0.9287931
1.0 0.89420664
1.0 0.92471474
1.0 0.9579627
1.0 0.97369236
1.0 0.9735338
1.0 0.9331497
1.0 0.9414956
1.0 0.95246005
1.0 0.9750343
1.0 0.96338594
1.0 0.9366122
1.0 0.97435045
1.0 0.96740156
1.0 0.9635029
1.0 0.9267766
1.0 0.73196334
1.0 0.9639968
1.0 0.9612637
1.0 0.9499538
1.0 0.9665808
1.0 0.9366122
1.0 0.92372864
1.0 0.93469197
1.0 0.96206266
1.0 0.95630664
1.0 0.96422565
1.0 0.97435045
1.0 0.96422565
1.0 0.96197903
1.0 0.89420664
1.0 0.616082
1.0 0.9769935
1.0 0.95721257
1.0 0.9666814
1.0 0.9642683
1.0 0.9200545
1.0 0.9744554
1.0 0.9769935
1.0 0.9649907
1.0 0.9648232
1.0 0.6330437
1.0 0.9417989
1.0 0.9287931
1.0 0.92966664
1.0 0.9665808
1.0 0.97272825
1.0 0.97326964
1.0 0.9649907
1.0 0.96701574
1.0 0.96291685
1.0 0.91649777
1.0 0.885507
1.0 0.92966664
1.0 0.92372864
1.0 0.9400859
1.0 0.7294924
1.0 0.9414956
1.0 0.9639968
1.0 0.954506
1.0 0.9614519
1.0 0.6280583
1.0 0.92471474
1.0 0.96818984
1.0 0.9638172
1.0 0.616082
1.0 0.9248145
1.0 0.9331497
1.0 0.95159644
1.0 0.9581006
1.0 0.9417989
1.0 0.95716965
1.0 0.9478261
1.0 0.9674603
1.0 0.9236775
1.0 0.7294924
1.0 0.9236775
1.0 0.97326964
1.0 0.9635029
1.0 0.72663987
1.0 0.93685883
1.0 0.9400859
1.0 0.97435045
1.0 0.96206266
1.0 0.6297774
1.0 0.9638172
1.0 0.9638172
1.0 0.96414113
1.0 0.9648232
1.0 0.9602905
1.0 0.9735338
1.0 0.96170825
1.0 0.9261689
1.0 0.72967666
1.0 0.96422565
1.0 0.9146175
1.0 0.9665808
1.0 0.94402987
1.0 0.9417989
1.0 0.9750343
1.0 0.9565154
1.0 0.92966664
1.0 0.9227078
1.0 0.96786046
1.0 0.92442954
1.0 0.96830666
1.0 0.96754014
1.0 0.96380156
1.0 0.9646946
1.0 0.89321154
1.0 0.8887356
1.0 0.922587
1.0 0.9744554
1.0 0.72967666
1.0 0.9554243
1.0 0.9565154
1.0 0.89321154
1.0 0.96422565
1.0 0.92442954
1.0 0.9146175
1.0 0.96832263
1.0 0.96786046
1.0 0.6280583
1.0 0.616082
1.0 0.6177687
1.0 0.96291685
1.0 0.9756083
1.0 0.9674618
1.0 0.9614519
1.0 0.9769935
1.0 0.9543999
1.0 0.96197903
1.0 0.96380156
1.0 0.97369236
1.0 0.9146175
1.0 0.86821544
1.0 0.9753244
1.0 0.956602
1.0 0.9727957
1.0 0.9600364
1.0 0.9600287
1.0 0.96156496
1.0 0.9607765
1.0 0.9607765
1.0 0.956602
1.0 0.9264846
1.0 0.9734716
1.0 0.97369236
1.0 0.6055503
1.0 0.9707355
1.0 0.9649863
1.0 0.9726001
1.0 0.92372864
1.0 0.6177687
1.0 0.8896067
1.0 0.96701574
1.0 0.96740985
1.0 0.94628817
1.0 0.9648232
1.0 0.95721257
1.0 0.9227078
1.0 0.9649907
1.0 0.96170825
1.0 0.92040974
1.0 0.9631578
1.0 0.6177687
1.0 0.9649863
1.0 0.97514296
1.0 0.9614519
1.0 0.9653477
1.0 0.89420664
1.0 0.96740985
1.0 0.9267766
1.0 0.96701574
1.0 0.9635029
1.0 0.9662544
1.0 0.9653477
1.0 0.95716965
1.0 0.9294206
1.0 0.9432677
1.0 0.88800627
1.0 0.96830666
1.0 0.96338594
1.0 0.95721257
1.0 0.9665808
1.0 0.7290476
1.0 0.96124375
1.0 0.9267766
1.0 0.9227078
1.0 0.95721257
1.0 0.96701574
1.0 0.96569556
1.0 0.96197903
1.0 0.92471474
1.0 0.95716965
1.0 0.9602905
1.0 0.96832263
1.0 0.9649863
1.0 0.92471474
1.0 0.9727957
1.0 0.9200545
1.0 0.9665808
1.0 0.9674618
1.0 0.7175012
1.0 0.9639968
1.0 0.9642683
1.0 0.9707355
1.0 0.9635029
1.0 0.89420664
1.0 0.9727957
1.0 0.86821544
1.0 0.9635029
1.0 0.9633249
1.0 0.9579627
1.0 0.96338594
1.0 0.9432677
1.0 0.9662544
1.0 0.96701574
1.0 0.9662918
1.0 0.92442954
1.0 0.92040974
1.0 0.9734716
1.0 0.9579627
1.0 0.7274889
1.0 0.9417989
1.0 0.9645404
1.0 0.95630664
1.0 0.9633249
1.0 0.95159644
1.0 0.9227078
1.0 0.9388034
1.0 0.954506
1.0 0.9331497
1.0 0.96740985
1.0 0.96197903
1.0 0.96740985
1.0 0.9756083
1.0 0.9261689
1.0 0.9649863
1.0 0.9267766
1.0 0.6330437
1.0 0.6297774
1.0 0.9727957
1.0 0.616082
1.0 0.95688826
1.0 0.73196334
1.0 0.96740156
1.0 0.9674603
1.0 0.8896067
1.0 0.9366122
1.0 0.96701574
1.0 0.9572318
1.0 0.97452015
1.0 0.96740985
1.0 0.95721257
1.0 0.885507
1.0 0.92603636
1.0 0.9417989
1.0 0.8887356
1.0 0.93685883
1.0 0.92471474
1.0 0.9646946
1.0 0.94402987
1.0 0.9600287
1.0 0.95630664
1.0 0.96338594
1.0 0.91649777
1.0 0.7290476
1.0 0.9581006
1.0 0.96011686
1.0 0.9646946
1.0 0.922587
1.0 0.96291685
1.0 0.9543999
1.0 0.97435045
1.0 0.97326964
1.0 0.9756083
1.0 0.96170825
1.0 0.9750343
1.0 0.9417989
1.0 0.9769935
1.0 0.9236775
1.0 0.96414113
1.0 0.9727957
1.0 0.9366122
1.0 0.96011686
1.0 0.9261689
1.0 0.9331497
1.0 0.9665808
1.0 0.9665808
1.0 0.9331497
1.0 0.9581006
1.0 0.96011686
1.0 0.9635029
1.0 0.9674603
1.0 0.9607765
1.0 0.97272825
1.0 0.9635029
1.0 0.9631578
1.0 0.9614519
1.0 0.616082
1.0 0.6316146
1.0 0.96338594
1.0 0.9631578
1.0 0.9581006
1.0 0.95630664
1.0 0.96380156
1.0 0.9635029
1.0 0.96197903
1.0 0.92603636
1.0 0.9735338
1.0 0.7294924
1.0 0.96197903
1.0 0.9727957
1.0 0.94628817
1.0 0.9707355
1.0 0.7175012
1.0 0.6316146
1.0 0.9756083
1.0 0.9649907
1.0 0.96170825
1.0 0.9478261
1.0 0.95159644
1.0 0.97369236
1.0 0.9579627
1.0 0.96701574
1.0 0.9653477
1.0 0.9581003
1.0 0.9662918
1.0 0.96124375
1.0 0.96786046
1.0 0.9261689
1.0 0.6316146
1.0 0.92471474
1.0 0.9400859
1.0 0.95246005
1.0 0.9227078
1.0 0.96830666
1.0 0.95159644
1.0 0.89321154
1.0 0.6297774
1.0 0.96569556
1.0 0.9543999
1.0 0.92442954
1.0 0.7227482
1.0 0.6297774
1.0 0.93685883
1.0 0.96740156
1.0 0.6297774
1.0 0.9248145
1.0 0.97272825
1.0 0.9750343
1.0 0.9267766
1.0 0.93685883
1.0 0.88249606
1.0 0.9756083
1.0 0.9750343
1.0 0.9642683
1.0 0.58581626
1.0 0.95721257
1.0 0.9146175
1.0 0.96740985
1.0 0.72967666
1.0 0.9750343
1.0 0.97452015
1.0 0.9227078
1.0 0.9639968
1.0 0.9388034
1.0 0.96830666
1.0 0.72967666
1.0 0.9607765
1.0 0.95688826
1.0 0.7294924
1.0 0.7274889
1.0 0.9674618
1.0 0.9366122
1.0 0.616082
1.0 0.96740985
1.0 0.9543999
1.0 0.9674603
1.0 0.9400859
1.0 0.92040974
1.0 0.73196334
1.0 0.9146175
1.0 0.9478261
1.0 0.96011686
1.0 0.96011686
1.0 0.96291685
1.0 0.92966664
1.0 0.86821544
1.0 0.9261689
1.0 0.6177687
1.0 0.6327402
1.0 0.9261689
1.0 0.96414113
1.0 0.9600287
1.0 0.96786046
1.0 0.96338594
1.0 0.9581006
1.0 0.92966664
1.0 0.9753244
1.0 0.95630664
1.0 0.96422565
1.0 0.9707355
1.0 0.9414956
1.0 0.96156496
1.0 0.9639369
1.0 0.9227078
1.0 0.72967666
1.0 0.96124375
1.0 0.94628817
1.0 0.9744554
1.0 0.9756083
1.0 0.9741906
1.0 0.9572318
1.0 0.92603636
1.0 0.7290476
1.0 0.9666814
1.0 0.96380156
1.0 0.9294206
1.0 0.6327402
1.0 0.9511631
1.0 0.96380156
1.0 0.96291685
1.0 0.95721257
1.0 0.8887356
1.0 0.9734716
1.0 0.96832263
1.0 0.97514296
1.0 0.9366122
1.0 0.6280583
1.0 0.74924564
1.0 0.9417989
1.0 0.9607765
1.0 0.6297774
1.0 0.96197903
1.0 0.8892692
1.0 0.9236775
1.0 0.636056
1.0 0.9662918
1.0 0.9228536
1.0 0.96206266
1.0 0.96380156
1.0 0.71174645
1.0 0.96569556
1.0 0.9648232
1.0 0.89420664
1.0 0.88249606
1.0 0.9572318
1.0 0.9662544
1.0 0.96740156
1.0 0.956602
