true vs pred:
1.0 0.9866427
0.0 0.011515067
1.0 0.9972289
1.0 0.99818677
1.0 0.9899671
1.0 0.9981504
1.0 0.42876017
1.0 0.99748576
1.0 0.9982797
1.0 0.99402505
1.0 0.9972318
1.0 0.9979809
1.0 0.9982451
1.0 0.9981596
1.0 0.99481344
1.0 0.9979241
0.0 0.007982854
1.0 0.99824
1.0 0.9982047
1.0 0.99818915
1.0 0.87667924
1.0 0.9746368
1.0 0.9982383
1.0 0.99822205
1.0 0.998072
1.0 0.9973092
1.0 0.99823534
1.0 0.8677704
1.0 0.9980824
1.0 0.99824524
1.0 0.9976839
1.0 0.9060881
1.0 0.998221
1.0 0.9982815
1.0 0.83133096
1.0 0.99565375
1.0 0.998187
0.0 0.0036733411
1.0 0.9982109
1.0 0.9981487
0.0 0.30006227
1.0 0.77133286
0.0 0.115384474
1.0 0.99793196
1.0 0.8665666
1.0 0.99794453
0.0 0.5318759
1.0 0.99823135
1.0 0.9981201
1.0 0.9982095
1.0 0.9973347
1.0 0.9982786
1.0 0.9366543
1.0 0.9980572
1.0 0.99827254
1.0 0.99605787
1.0 0.9977126
1.0 0.99813735
1.0 0.99775404
1.0 0.9981749
1.0 0.99260145
1.0 0.9751429
0.0 0.009038388
1.0 0.9607229
1.0 0.9982522
1.0 0.9975183
1.0 0.998185
1.0 0.9974279
1.0 0.9982173
0.0 0.018475031
1.0 0.97256356
1.0 0.9982299
1.0 0.9959311
1.0 0.99791306
1.0 0.99814105
0.0 0.9435027
0.0 0.7088055
1.0 0.9909185
1.0 0.9942266
1.0 0.9981608
1.0 0.9982224
0.0 0.010877068
1.0 0.9977335
0.0 0.04108314
1.0 0.99823064
1.0 0.9982528
1.0 0.99654585
1.0 0.79106164
1.0 0.9978625
1.0 0.9917957
1.0 0.99567455
1.0 0.99819165
0.0 0.16191788
1.0 0.99816567
1.0 0.9982591
0.0 0.3210519
0.0 0.006895656
1.0 0.95852166
1.0 0.9966769
1.0 0.998178
1.0 0.95106995
1.0 0.99800986
1.0 0.9747345
0.0 0.008279053
1.0 0.9930947
1.0 0.99781775
0.0 0.036755502
1.0 0.6823548
1.0 0.9983164
1.0 0.9979241
1.0 0.99802667
1.0 0.99817455
1.0 0.99763155
1.0 0.94358844
1.0 0.9981431
1.0 0.7100693
1.0 0.9691264
0.0 0.0055470653
1.0 0.99482024
0.0 0.028622497
1.0 0.99795
1.0 0.6961958
1.0 0.9981604
1.0 0.9980623
1.0 0.95249337
1.0 0.9888726
1.0 0.99824524
1.0 0.6780774
1.0 0.9972632
1.0 0.99784076
1.0 0.9980572
1.0 0.99816304
0.0 0.052202247
1.0 0.9982305
1.0 0.9981254
1.0 0.7263671
1.0 0.9982426
1.0 0.9962023
1.0 0.9222371
0.0 0.034614973
1.0 0.99825174
1.0 0.9976839
1.0 0.9936194
1.0 0.9880028
1.0 0.99165726
1.0 0.99808747
1.0 0.9944365
0.0 0.031413436
1.0 0.9966023
1.0 0.99201936
1.0 0.9981487
1.0 0.99784744
1.0 0.97149265
1.0 0.99565685
1.0 0.9982724
0.0 0.005946383
1.0 0.99829155
1.0 0.97354656
1.0 0.9841471
1.0 0.9980167
1.0 0.9259216
1.0 0.9906811
1.0 0.99611026
0.0 0.009119448
1.0 0.9926721
1.0 0.9977932
1.0 0.9981018
1.0 0.8468561
1.0 0.9857253
1.0 0.9932696
0.0 0.007982854
1.0 0.99804485
1.0 0.9981187
1.0 0.9673913
1.0 0.9887052
1.0 0.9980996
1.0 0.9981596
1.0 0.9981818
0.0 0.2004914
1.0 0.99825114
0.0 0.5601557
1.0 0.9968947
1.0 0.9846941
1.0 0.9956025
0.0 0.10274047
1.0 0.9982529
0.0 0.033696085
1.0 0.9982815
1.0 0.99668163
1.0 0.9978509
1.0 0.99828714
1.0 0.997451
1.0 0.9982324
1.0 0.9982389
0.0 0.009123051
1.0 0.9981345
1.0 0.9584812
1.0 0.18345906
1.0 0.9982712
1.0 0.9980222
1.0 0.998245
1.0 0.99395376
1.0 0.9982145
1.0 0.9982035
0.0 0.0640339
0.0 0.0056779706
1.0 0.9970156
0.0 0.17967786
1.0 0.9982083
1.0 0.9979095
0.0 0.19656229
0.0 0.69240326
0.0 0.8827739
1.0 0.99808747
0.0 0.01988932
0.0 0.0038010366
1.0 0.97867304
1.0 0.9980082
1.0 0.9783487
1.0 0.9977718
1.0 0.9981469
1.0 0.996887
1.0 0.9981345
1.0 0.99781585
1.0 0.99529946
0.0 0.031536374
1.0 0.98326206
1.0 0.99763095
1.0 0.99764806
1.0 0.97308165
