true vs pred:
0.0 0.045164693
0.0 0.15641542
1.0 0.6863608
1.0 0.9956863
1.0 0.9910614
1.0 0.9094181
1.0 0.9946785
0.0 0.3491243
1.0 0.76238173
0.0 0.49140456
0.0 0.41769546
0.0 0.07941999
1.0 0.70783746
1.0 0.99620026
1.0 0.9777362
1.0 0.9503268
1.0 0.99541795
0.0 0.06717148
1.0 0.921866
1.0 0.74511135
1.0 0.99590045
1.0 0.9737862
1.0 0.9908092
1.0 0.4273469
1.0 0.9819073
1.0 0.9480427
0.0 0.7936402
1.0 0.9954987
1.0 0.9595464
1.0 0.9462728
1.0 0.6794157
1.0 0.99519855
1.0 0.78309786
1.0 0.97936
1.0 0.9541703
1.0 0.99533516
1.0 0.99415827
1.0 0.99319756
0.0 0.08932438
1.0 0.87969583
1.0 0.88729066
1.0 0.986416
1.0 0.9682682
1.0 0.9671814
1.0 0.7133286
1.0 0.9961051
0.0 0.07051172
1.0 0.98018354
1.0 0.9956019
1.0 0.86259854
1.0 0.5951656
0.0 0.21834134
1.0 0.99569964
1.0 0.76709324
1.0 0.9937682
1.0 0.8770542
1.0 0.99127156
1.0 0.9911135
1.0 0.91952753
1.0 0.95292604
1.0 0.9320784
1.0 0.9857209
0.0 0.5634438
1.0 0.9942999
1.0 0.98355216
1.0 0.9642075
1.0 0.9753699
1.0 0.565088
1.0 0.99494594
1.0 0.97108513
1.0 0.9954987
1.0 0.9959209
0.0 0.33634707
0.0 0.68062186
1.0 0.9393727
1.0 0.99615484
1.0 0.9955563
0.0 0.42039403
1.0 0.92998993
0.0 0.3117986
1.0 0.9950003
1.0 0.9948902
1.0 0.88859636
1.0 0.99319756
0.0 0.73854154
1.0 0.9753235
1.0 0.99572915
1.0 0.9249202
1.0 0.9532404
1.0 0.99387324
1.0 0.7361364
0.0 0.95470065
1.0 0.99487656
1.0 0.99530387
1.0 0.9208253
1.0 0.8532012
1.0 0.97434616
1.0 0.8698729
1.0 0.6538057
1.0 0.95856345
1.0 0.99440306
1.0 0.9954673
1.0 0.99482805
1.0 0.952482
1.0 0.98731136
0.0 0.116531245
1.0 0.9948538
1.0 0.71370417
1.0 0.9961069
1.0 0.9210637
1.0 0.98896325
1.0 0.9515061
1.0 0.91881335
1.0 0.80737877
1.0 0.96783173
1.0 0.9900006
1.0 0.70846975
1.0 0.76775855
1.0 0.9424925
1.0 0.9749008
1.0 0.9958961
1.0 0.9391147
1.0 0.9959066
1.0 0.99511397
1.0 0.99472505
1.0 0.99387324
0.0 0.044750184
1.0 0.6111355
1.0 0.9942999
1.0 0.86289954
1.0 0.8999629
1.0 0.9616204
1.0 0.89608437
0.0 0.44617805
1.0 0.98710316
0.0 0.40730518
1.0 0.96987736
1.0 0.9497658
0.0 0.090395354
1.0 0.9106392
0.0 0.06124055
1.0 0.99540293
1.0 0.963967
1.0 0.9194985
0.0 0.15799676
0.0 0.05509589
0.0 0.37502906
1.0 0.6419744
1.0 0.9941869
1.0 0.89898527
1.0 0.9437941
1.0 0.9900006
1.0 0.9950281
1.0 0.9913663
1.0 0.9688711
1.0 0.80525905
1.0 0.56070983
1.0 0.99592495
1.0 0.97298706
1.0 0.995394
1.0 0.73069733
1.0 0.99212646
0.0 0.4625202
1.0 0.87576467
0.0 0.21959318
1.0 0.9874014
1.0 0.9754648
1.0 0.97579694
0.0 0.3354395
1.0 0.9735855
0.0 0.059544094
1.0 0.99581677
1.0 0.97895324
1.0 0.99573696
0.0 0.028873133
0.0 0.026371002
1.0 0.996089
0.0 0.19436097
1.0 0.99564666
1.0 0.9512894
1.0 0.99621683
1.0 0.8633405
1.0 0.98271
1.0 0.5741593
1.0 0.99404645
1.0 0.9953967
1.0 0.99525625
0.0 0.7696299
1.0 0.98466045
1.0 0.99385417
1.0 0.9939175
1.0 0.9890477
1.0 0.9943013
1.0 0.9954673
1.0 0.9958806
1.0 0.9957099
1.0 0.95394427
0.0 0.048525408
0.0 0.106343
0.0 0.1530119
0.0 0.5229494
1.0 0.9962308
1.0 0.55299765
1.0 0.9208506
1.0 0.976999
1.0 0.99516875
1.0 0.5826176
1.0 0.9957353
1.0 0.99570304
1.0 0.97378683
1.0 0.97795403
1.0 0.3486952
1.0 0.9957891
0.0 0.24714018
1.0 0.9012134
1.0 0.99571073
1.0 0.9454928
1.0 0.9947272
1.0 0.99619234
0.0 0.7338951
0.0 0.5453957
0.0 0.61700386
1.0 0.9956761
0.0 0.32373512
1.0 0.9960919
1.0 0.99492055
1.0 0.92887586
1.0 0.9517387
1.0 0.97198087
1.0 0.9789482
