true vs pred:
1.0 0.61815405
1.0 0.8072126
1.0 0.74875486
0.0 0.6547794
0.0 0.4419388
1.0 0.8834717
1.0 0.99013025
1.0 0.9505707
1.0 0.7946245
1.0 0.8784258
1.0 0.98609734
1.0 0.6008876
1.0 0.97115433
0.0 0.7009696
1.0 0.9634292
1.0 0.6014059
1.0 0.538328
1.0 0.9811859
0.0 0.6116993
0.0 0.5376749
1.0 0.78418046
1.0 0.98550814
1.0 0.80546314
1.0 0.97951937
1.0 0.98487735
1.0 0.9785121
0.0 0.50012183
1.0 0.9890409
0.0 0.41321152
1.0 0.9798377
1.0 0.917883
1.0 0.9797167
1.0 0.98479134
1.0 0.9433319
0.0 0.7327332
0.0 0.8620022
1.0 0.9734118
1.0 0.89117575
1.0 0.9741546
1.0 0.87536114
1.0 0.8694919
1.0 0.97067285
1.0 0.9846659
1.0 0.9703809
1.0 0.94945437
1.0 0.987783
1.0 0.97506106
1.0 0.987783
1.0 0.9880943
0.0 0.5768555
1.0 0.9861436
1.0 0.91796684
0.0 0.45220515
1.0 0.97278845
1.0 0.9634292
1.0 0.8597763
1.0 0.7654891
1.0 0.9763082
1.0 0.8226046
1.0 0.9859951
1.0 0.959631
1.0 0.42449522
1.0 0.98059905
1.0 0.9470389
0.0 0.77838135
1.0 0.9436001
1.0 0.9840634
1.0 0.6090158
1.0 0.49212953
1.0 0.94847536
1.0 0.9707248
1.0 0.95004106
1.0 0.9748053
1.0 0.77694017
0.0 0.5600816
1.0 0.8193224
0.0 0.61451995
1.0 0.9865057
1.0 0.7452487
1.0 0.979905
1.0 0.98388
1.0 0.77276915
1.0 0.75838333
1.0 0.9874042
1.0 0.82264304
1.0 0.8519818
1.0 0.9756807
1.0 0.89277077
0.0 0.5038952
1.0 0.7278864
1.0 0.951224
1.0 0.97230566
1.0 0.97390807
0.0 0.5575218
1.0 0.9718659
1.0 0.41385326
0.0 0.30450407
1.0 0.8073731
1.0 0.785913
1.0 0.57143986
1.0 0.94742584
1.0 0.9683669
1.0 0.9683669
1.0 0.8200207
1.0 0.98614186
1.0 0.66456896
1.0 0.58704436
1.0 0.39577478
1.0 0.8411865
0.0 0.77681005
1.0 0.9436001
1.0 0.96276796
1.0 0.83507925
1.0 0.8237693
1.0 0.9876747
1.0 0.9902028
1.0 0.98656565
1.0 0.84158814
1.0 0.93356466
1.0 0.94424653
1.0 0.98606306
1.0 0.97881657
1.0 0.838304
0.0 0.3741653
1.0 0.8883959
0.0 0.6296961
1.0 0.9734115
1.0 0.20848328
1.0 0.9877346
1.0 0.91662705
1.0 0.97480464
1.0 0.7353723
1.0 0.72337437
1.0 0.9085527
1.0 0.9664963
1.0 0.9906142
1.0 0.9549116
1.0 0.699734
1.0 0.9893908
0.0 0.881612
1.0 0.92620426
0.0 0.33387092
1.0 0.8467807
1.0 0.9066759
1.0 0.98583454
1.0 0.98791224
1.0 0.7621418
1.0 0.9872471
1.0 0.88930774
1.0 0.9730208
1.0 0.9848387
1.0 0.98657006
1.0 0.9790196
1.0 0.9862634
1.0 0.94945437
1.0 0.98619276
1.0 0.96766114
1.0 0.64357364
1.0 0.78074443
1.0 0.983567
1.0 0.88059217
1.0 0.7175081
1.0 0.90439266
1.0 0.9866484
1.0 0.73552346
1.0 0.9858328
0.0 0.68372726
1.0 0.9863647
1.0 0.983905
1.0 0.85285467
1.0 0.673342
1.0 0.9645613
1.0 0.98980683
1.0 0.9794133
1.0 0.78893137
1.0 0.9852697
1.0 0.98378927
1.0 0.9869681
1.0 0.9870499
1.0 0.9843136
1.0 0.6498772
1.0 0.885099
1.0 0.98811984
1.0 0.9859488
1.0 0.97480464
1.0 0.661604
1.0 0.9784167
1.0 0.77944386
1.0 0.987783
1.0 0.9900519
1.0 0.9867997
1.0 0.885175
1.0 0.98904324
1.0 0.9873948
1.0 0.97405857
1.0 0.5884652
1.0 0.9857524
0.0 0.9061095
1.0 0.98791224
1.0 0.9890275
0.0 0.72935534
1.0 0.70584524
0.0 0.5885014
1.0 0.9710401
1.0 0.7025921
1.0 0.9723451
0.0 0.25426173
1.0 0.9673967
1.0 0.97774565
1.0 0.9721681
1.0 0.8012449
1.0 0.9836479
1.0 0.816739
1.0 0.9727174
1.0 0.99016935
1.0 0.9680691
1.0 0.95004106
1.0 0.9890105
1.0 0.9644613
1.0 0.98411685
1.0 0.88111186
1.0 0.89713806
0.0 0.32094106
1.0 0.7662746
1.0 0.9708393
1.0 0.9188918
1.0 0.98550814
1.0 0.968812
1.0 0.9875875
1.0 0.8364479
