true vs pred:
1.0 0.9988311
1.0 0.8841794
1.0 0.99883264
1.0 0.99890256
0.0 0.0062596165
1.0 0.99883395
1.0 0.99814725
0.0 0.0033337304
0.0 0.4269607
1.0 0.98913133
1.0 0.99306494
1.0 0.9471042
0.0 0.23855747
1.0 0.9904033
1.0 0.99887794
1.0 0.99881065
0.0 0.0018814713
1.0 0.9988721
0.0 0.014563528
1.0 0.9924085
1.0 0.69743884
1.0 0.9988715
1.0 0.8608607
1.0 0.9186934
0.0 0.007702543
1.0 0.99807006
0.0 0.008762228
1.0 0.9493478
1.0 0.9971679
0.0 0.0041982154
1.0 0.9970812
1.0 0.86938536
1.0 0.9988726
1.0 0.9962446
1.0 0.9979698
1.0 0.99881685
1.0 0.992311
1.0 0.96704
1.0 0.9988537
1.0 0.9984849
1.0 0.9976914
0.0 0.18159357
1.0 0.99737144
0.0 0.012068063
1.0 0.9980934
0.0 0.00611819
1.0 0.99852717
1.0 0.99876237
0.0 0.0030268966
0.0 0.0115053775
0.0 0.001735004
0.0 0.0031655605
1.0 0.9961876
1.0 0.996727
0.0 0.005525069
1.0 0.99858105
1.0 0.12731862
1.0 0.26364517
1.0 0.99314743
1.0 0.9988802
1.0 0.98656
0.0 0.029096695
1.0 0.72800493
1.0 0.9977367
1.0 0.80845046
1.0 0.64058346
0.0 0.07274884
1.0 0.95931923
1.0 0.9566502
1.0 0.9988814
1.0 0.998906
1.0 0.9988813
1.0 0.9970209
1.0 0.9987594
1.0 0.99870026
1.0 0.9988765
1.0 0.99849904
1.0 0.9943757
0.0 0.0035514256
1.0 0.9962057
0.0 0.64379156
0.0 0.7507077
0.0 0.002358765
1.0 0.99888736
1.0 0.9986268
1.0 0.86530906
0.0 0.10038111
1.0 0.86039734
1.0 0.99475384
0.0 0.07382344
1.0 0.998901
1.0 0.8793287
1.0 0.97804123
1.0 0.9988715
0.0 0.9941729
1.0 0.9984604
0.0 0.009597814
1.0 0.9691076
1.0 0.99362624
1.0 0.9988795
1.0 0.9988894
1.0 0.9916225
1.0 0.9989004
1.0 0.9974281
1.0 0.99875426
1.0 0.99876887
1.0 0.99882776
1.0 0.524655
1.0 0.9987626
0.0 0.009934603
1.0 0.9988765
0.0 0.06314209
1.0 0.99767596
1.0 0.9902446
1.0 0.9988695
1.0 0.9985532
1.0 0.99218
1.0 0.9972398
1.0 0.9988825
1.0 0.97259855
1.0 0.99888366
0.0 0.08572132
1.0 0.99887294
1.0 0.9978416
1.0 0.9970107
1.0 0.9977017
1.0 0.9986808
1.0 0.99888843
1.0 0.99847907
1.0 0.99417794
1.0 0.9986076
1.0 0.9988651
1.0 0.99882776
1.0 0.9988551
1.0 0.99864095
1.0 0.8434729
1.0 0.99102646
1.0 0.9989047
1.0 0.99889463
1.0 0.845536
0.0 0.0029135882
1.0 0.9988637
1.0 0.9922678
1.0 0.998841
1.0 0.9989046
1.0 0.9986324
1.0 0.9938239
1.0 0.9989133
1.0 0.99890745
1.0 0.9984251
0.0 0.0023008918
1.0 0.99877566
1.0 0.9982925
1.0 0.9988894
1.0 0.99882096
1.0 0.8895734
1.0 0.983515
0.0 0.023260932
1.0 0.9981792
1.0 0.9711367
1.0 0.855904
0.0 0.01011158
0.0 0.008018303
1.0 0.9988733
1.0 0.99853206
1.0 0.9593073
1.0 0.99791783
1.0 0.9843284
1.0 0.50658077
1.0 0.99886924
0.0 0.07382344
0.0 0.0112294825
1.0 0.99882096
1.0 0.9936846
1.0 0.9988501
1.0 0.9890725
1.0 0.98854977
0.0 0.1860182
1.0 0.9827483
1.0 0.7635033
1.0 0.99870634
1.0 0.99888676
1.0 0.9986345
1.0 0.9988813
1.0 0.9981614
1.0 0.9987251
1.0 0.99888057
1.0 0.9980398
1.0 0.99804235
1.0 0.9988759
1.0 0.9960306
1.0 0.99681395
1.0 0.9965618
0.0 0.13906066
0.0 0.5191916
0.0 0.008018303
1.0 0.9986099
1.0 0.9986571
1.0 0.99086374
1.0 0.99886036
1.0 0.9988716
1.0 0.99628794
1.0 0.99419975
0.0 0.0026829115
1.0 0.9904128
1.0 0.9977538
1.0 0.69743884
1.0 0.9947988
1.0 0.99886715
1.0 0.9792149
1.0 0.99045146
1.0 0.99819344
1.0 0.99699414
0.0 0.005799865
1.0 0.99864095
1.0 0.98764193
1.0 0.9987155
1.0 0.98866034
1.0 0.99825805
1.0 0.9946727
1.0 0.9988765
1.0 0.997924
1.0 0.9984251
1.0 0.9988123
1.0 0.9985744
1.0 0.9987686
0.0 0.4806671
1.0 0.9985436
0.0 0.10022064
1.0 0.99876887
