true vs pred:
1.0 0.99081475
1.0 0.96014214
1.0 0.9637298
1.0 0.99090624
1.0 0.9882832
0.0 0.7815771
1.0 0.99287367
1.0 0.9940428
1.0 0.96014214
1.0 0.98549867
1.0 0.9912515
1.0 0.99445975
1.0 0.8557708
1.0 0.99386674
1.0 0.9935256
1.0 0.99279445
1.0 0.8619048
0.0 0.51001966
1.0 0.99192107
0.0 0.7866377
1.0 0.9748121
1.0 0.93232334
1.0 0.9758729
1.0 0.9717514
1.0 0.9548798
1.0 0.98549867
1.0 0.9942086
1.0 0.9889368
1.0 0.9833718
1.0 0.97082233
1.0 0.98643804
1.0 0.99314815
0.0 0.50043285
0.0 0.7563492
1.0 0.9772613
1.0 0.9925828
1.0 0.99314815
1.0 0.99403715
1.0 0.97659886
1.0 0.96748626
1.0 0.9915245
0.0 0.7308725
1.0 0.98640895
1.0 0.87060153
1.0 0.99090624
1.0 0.9719767
1.0 0.9945426
1.0 0.9868361
1.0 0.97626024
1.0 0.9585079
1.0 0.9673747
1.0 0.98810077
1.0 0.9324488
1.0 0.96748626
1.0 0.9915245
1.0 0.9815212
1.0 0.9930593
1.0 0.97626024
1.0 0.8745318
1.0 0.9818916
1.0 0.984784
0.0 0.44690514
1.0 0.99445975
1.0 0.98872185
0.0 0.7681663
1.0 0.9920472
1.0 0.9833718
1.0 0.96014214
1.0 0.9585079
1.0 0.99197364
1.0 0.99197364
1.0 0.99192107
1.0 0.98813885
1.0 0.99226636
0.0 0.7866377
1.0 0.98872185
1.0 0.9912515
1.0 0.9324488
1.0 0.87195885
1.0 0.99081475
0.0 0.46488035
1.0 0.97082233
1.0 0.9920472
1.0 0.984784
1.0 0.9940428
1.0 0.977687
1.0 0.98799706
1.0 0.96748626
1.0 0.9649621
1.0 0.87195885
1.0 0.9553691
1.0 0.9868361
1.0 0.99276966
1.0 0.9939275
1.0 0.9675451
1.0 0.96662015
1.0 0.97626024
1.0 0.99409336
1.0 0.99279445
1.0 0.96748626
1.0 0.99445975
1.0 0.98350346
1.0 0.9939632
1.0 0.9264892
0.0 0.7662567
1.0 0.99386674
1.0 0.98756987
1.0 0.9758729
1.0 0.9912515
1.0 0.96748626
1.0 0.9548798
1.0 0.96879184
1.0 0.9943626
1.0 0.988272
1.0 0.99287367
1.0 0.99445975
1.0 0.99287367
1.0 0.9889368
1.0 0.87195885
0.0 0.47054917
1.0 0.9943182
1.0 0.9890332
1.0 0.9931993
1.0 0.99261403
1.0 0.9255631
1.0 0.9935256
1.0 0.9943182
1.0 0.99090624
1.0 0.99140066
0.0 0.50548875
1.0 0.9673747
1.0 0.9649621
1.0 0.9324488
1.0 0.9912515
1.0 0.9918109
1.0 0.99284714
1.0 0.99090624
1.0 0.9842403
1.0 0.9909094
1.0 0.9585079
1.0 0.8748886
1.0 0.9324488
1.0 0.9548798
1.0 0.9717514
0.0 0.7681663
1.0 0.96662015
1.0 0.99386674
1.0 0.9744682
1.0 0.98909026
0.0 0.45781717
1.0 0.9553691
1.0 0.9915245
1.0 0.99277014
0.0 0.47054917
1.0 0.9606503
1.0 0.9675451
1.0 0.97659886
1.0 0.9887038
1.0 0.9673747
1.0 0.98810077
1.0 0.9753474
1.0 0.9815212
1.0 0.95758986
0.0 0.7681663
1.0 0.95758986
1.0 0.99284714
1.0 0.9939632
0.0 0.76640123
1.0 0.9719767
1.0 0.9717514
1.0 0.99445975
1.0 0.9943626
0.0 0.50043285
1.0 0.99277014
1.0 0.99277014
1.0 0.9932243
1.0 0.99140066
1.0 0.98861396
1.0 0.9939275
1.0 0.99295056
1.0 0.91703653
0.0 0.7308725
1.0 0.99287367
1.0 0.9130967
1.0 0.9912515
1.0 0.9709445
1.0 0.9673747
1.0 0.99409336
1.0 0.98872185
1.0 0.9324488
1.0 0.9579608
1.0 0.9852255
1.0 0.9227846
1.0 0.9818916
1.0 0.98643804
1.0 0.99314815
1.0 0.9896235
1.0 0.8745318
1.0 0.87878406
1.0 0.91739976
1.0 0.9935256
0.0 0.7308725
1.0 0.98640895
1.0 0.98872185
1.0 0.8745318
1.0 0.99287367
1.0 0.9227846
1.0 0.9130967
1.0 0.984784
1.0 0.9852255
0.0 0.45781717
0.0 0.47054917
0.0 0.44611067
1.0 0.9909094
1.0 0.99408674
1.0 0.9911642
1.0 0.98909026
1.0 0.9943182
1.0 0.9792925
1.0 0.9889368
1.0 0.99314815
1.0 0.99276966
1.0 0.9130967
1.0 0.8498218
1.0 0.9925828
1.0 0.98688865
1.0 0.9930593
1.0 0.98755693
1.0 0.98813885
1.0 0.9886867
1.0 0.9884979
1.0 0.9884979
1.0 0.98688865
1.0 0.9637298
1.0 0.994086
1.0 0.99276966
0.0 0.44690514
1.0 0.99226636
1.0 0.9833718
1.0 0.9920472
1.0 0.9548798
0.0 0.44611067
1.0 0.87060153
1.0 0.9842403
1.0 0.9820479
1.0 0.97482806
1.0 0.99140066
1.0 0.9890332
1.0 0.9579608
1.0 0.99090624
1.0 0.99295056
1.0 0.93232334
1.0 0.9940428
0.0 0.44611067
1.0 0.9833718
1.0 0.9942086
1.0 0.98909026
1.0 0.99081475
1.0 0.87195885
1.0 0.9820479
1.0 0.9264892
1.0 0.9842403
1.0 0.9939632
1.0 0.9936899
1.0 0.99081475
1.0 0.98810077
1.0 0.91297114
1.0 0.96488965
1.0 0.8664462
1.0 0.9818916
1.0 0.99279445
1.0 0.9890332
1.0 0.9912515
0.0 0.7815771
1.0 0.99403715
1.0 0.9264892
1.0 0.9579608
1.0 0.9890332
1.0 0.9842403
1.0 0.99410784
1.0 0.9889368
1.0 0.9553691
1.0 0.98810077
1.0 0.98861396
1.0 0.984784
1.0 0.9833718
1.0 0.9553691
1.0 0.9930593
1.0 0.9255631
1.0 0.9912515
1.0 0.9911642
0.0 0.7563492
1.0 0.99386674
1.0 0.99261403
1.0 0.99226636
1.0 0.9939632
1.0 0.87195885
1.0 0.9930593
1.0 0.8498218
1.0 0.9939632
1.0 0.9927579
1.0 0.9868361
1.0 0.99279445
1.0 0.96488965
1.0 0.9936899
1.0 0.9842403
1.0 0.9902914
1.0 0.9227846
1.0 0.93232334
1.0 0.994086
1.0 0.9868361
0.0 0.7866377
1.0 0.9673747
1.0 0.98549867
1.0 0.988272
1.0 0.9927579
1.0 0.97659886
1.0 0.9579608
1.0 0.97082233
1.0 0.9744682
1.0 0.9675451
1.0 0.9820479
1.0 0.9889368
1.0 0.9820479
1.0 0.99408674
1.0 0.91703653
1.0 0.9833718
1.0 0.9264892
0.0 0.50548875
0.0 0.50043285
1.0 0.9930593
0.0 0.47054917
1.0 0.9878548
0.0 0.7662567
1.0 0.98350346
1.0 0.9815212
1.0 0.87060153
1.0 0.96748626
1.0 0.9842403
1.0 0.98795474
1.0 0.9945426
1.0 0.9820479
1.0 0.9890332
1.0 0.8748886
1.0 0.960572
1.0 0.9673747
1.0 0.87878406
1.0 0.9719767
1.0 0.9553691
1.0 0.9896235
1.0 0.9709445
1.0 0.98813885
1.0 0.988272
1.0 0.99279445
1.0 0.9585079
0.0 0.7815771
1.0 0.9887038
1.0 0.9882832
1.0 0.9896235
1.0 0.91739976
1.0 0.9909094
1.0 0.9792925
1.0 0.99445975
1.0 0.99284714
1.0 0.99408674
1.0 0.99295056
1.0 0.99409336
1.0 0.9673747
1.0 0.9943182
1.0 0.95758986
1.0 0.9932243
1.0 0.9930593
1.0 0.96748626
1.0 0.9882832
1.0 0.91703653
1.0 0.9675451
1.0 0.9912515
1.0 0.9912515
1.0 0.9675451
1.0 0.9887038
1.0 0.9882832
1.0 0.9939632
1.0 0.9815212
1.0 0.9884979
1.0 0.9918109
1.0 0.9939632
1.0 0.9940428
1.0 0.98909026
0.0 0.47054917
0.0 0.51001966
1.0 0.99279445
1.0 0.9940428
1.0 0.9887038
1.0 0.988272
1.0 0.99314815
1.0 0.9939632
1.0 0.9889368
1.0 0.960572
1.0 0.9939275
0.0 0.7681663
1.0 0.9889368
1.0 0.9930593
1.0 0.97482806
1.0 0.99226636
0.0 0.7563492
0.0 0.51001966
1.0 0.99408674
1.0 0.99090624
1.0 0.99295056
1.0 0.9753474
1.0 0.97659886
1.0 0.99276966
1.0 0.9868361
1.0 0.9842403
1.0 0.99081475
1.0 0.98799706
1.0 0.9902914
1.0 0.99403715
1.0 0.9852255
1.0 0.91703653
0.0 0.51001966
1.0 0.9553691
1.0 0.9717514
1.0 0.97626024
1.0 0.9579608
1.0 0.9818916
1.0 0.97659886
1.0 0.8745318
0.0 0.50043285
1.0 0.99410784
1.0 0.9792925
1.0 0.9227846
0.0 0.7627238
0.0 0.50043285
1.0 0.9719767
1.0 0.98350346
0.0 0.50043285
1.0 0.9606503
1.0 0.9918109
1.0 0.99409336
1.0 0.9264892
1.0 0.9719767
1.0 0.8557708
1.0 0.99408674
1.0 0.99409336
1.0 0.99261403
0.0 0.46488035
1.0 0.9890332
1.0 0.9130967
1.0 0.9820479
0.0 0.7308725
1.0 0.99409336
1.0 0.9945426
1.0 0.9579608
1.0 0.99386674
1.0 0.97082233
1.0 0.9818916
0.0 0.7308725
1.0 0.9884979
1.0 0.9878548
0.0 0.7681663
0.0 0.7866377
1.0 0.9911642
1.0 0.96748626
0.0 0.47054917
1.0 0.9820479
1.0 0.9792925
1.0 0.9815212
1.0 0.9717514
1.0 0.93232334
0.0 0.7662567
1.0 0.9130967
1.0 0.9753474
1.0 0.9882832
1.0 0.9882832
1.0 0.9909094
1.0 0.9324488
1.0 0.8498218
1.0 0.91703653
0.0 0.44611067
0.0 0.43248326
1.0 0.91703653
1.0 0.9932243
1.0 0.98813885
1.0 0.9852255
1.0 0.99279445
1.0 0.9887038
1.0 0.9324488
1.0 0.9925828
1.0 0.988272
1.0 0.99287367
1.0 0.99226636
1.0 0.96662015
1.0 0.9886867
1.0 0.99278
1.0 0.9579608
0.0 0.7308725
1.0 0.99403715
1.0 0.97482806
1.0 0.9935256
1.0 0.99408674
1.0 0.9923078
1.0 0.98795474
1.0 0.960572
0.0 0.7815771
1.0 0.9931993
1.0 0.99314815
1.0 0.91297114
0.0 0.43248326
1.0 0.977687
1.0 0.99314815
1.0 0.9909094
1.0 0.9890332
1.0 0.87878406
1.0 0.994086
1.0 0.984784
1.0 0.9942086
1.0 0.96748626
0.0 0.45781717
0.0 0.77483565
