true vs pred:
1.0 0.99530387
1.0 0.260441
0.0 0.9425145
1.0 0.99262804
1.0 0.99524516
1.0 0.99167013
1.0 0.99578804
1.0 0.99309844
1.0 0.9949309
0.0 0.008629342
0.0 0.008100126
0.0 0.024761137
1.0 0.9925317
1.0 0.9953852
0.0 0.00796334
1.0 0.99530834
1.0 0.9737152
1.0 0.9872204
0.0 0.006486573
1.0 0.9959596
1.0 0.995169
0.0 0.018588725
1.0 0.9123957
1.0 0.9911979
1.0 0.758946
1.0 0.35580263
1.0 0.9955581
0.0 0.0053093387
0.0 0.0048195613
0.0 0.0049316282
1.0 0.96606857
1.0 0.033396315
1.0 0.9955532
0.0 0.00522421
0.0 0.0066715
0.0 0.087534375
0.0 0.008765849
1.0 0.99487215
1.0 0.9934161
1.0 0.9945918
1.0 0.93728805
1.0 0.99503785
0.0 0.007026306
1.0 0.9956108
1.0 0.9954574
0.0 0.0066450895
0.0 0.005321503
0.0 0.00701069
0.0 0.012125623
0.0 0.03172283
0.0 0.0074919467
0.0 0.03172283
0.0 0.0070924787
1.0 0.9904818
1.0 0.96361095
1.0 0.993919
1.0 0.9711284
0.0 0.0058893827
0.0 0.00623762
1.0 0.99478346
1.0 0.9824426
0.0 0.006832356
1.0 0.9954922
0.0 0.008855906
1.0 0.9945345
0.0 0.93361884
1.0 0.9495908
0.0 0.011456732
1.0 0.9773397
0.0 0.01472355
0.0 0.039076168
1.0 0.9737719
1.0 0.99559444
0.0 0.005067496
0.0 0.0137522565
0.0 0.018720029
0.0 0.007342395
1.0 0.9954704
1.0 0.683123
1.0 0.9948172
1.0 0.99326235
0.0 0.008420978
1.0 0.993163
0.0 0.009977591
1.0 0.6571782
1.0 0.98444486
1.0 0.96150446
0.0 0.011565222
1.0 0.9936644
1.0 0.99518377
0.0 0.006832356
1.0 0.9948946
1.0 0.99376136
1.0 0.9928474
0.0 0.009566255
0.0 0.009099275
1.0 0.72609
1.0 0.8847352
0.0 0.0078060585
0.0 0.3054738
1.0 0.9939579
1.0 0.99325514
1.0 0.9927543
1.0 0.95048726
1.0 0.98735154
0.0 0.006895232
0.0 0.0068821837
1.0 0.9899905
0.0 0.018511457
1.0 0.9954829
1.0 0.6513632
1.0 0.9961514
1.0 0.99559516
1.0 0.99344856
0.0 0.01472355
0.0 0.006501032
1.0 0.9875164
1.0 0.9908908
1.0 0.32654214
0.0 0.012449302
0.0 0.4063218
1.0 0.9927769
1.0 0.98633516
1.0 0.99342936
0.0 0.0145839695
0.0 0.010294523
1.0 0.99462306
1.0 0.93094224
1.0 0.9519773
1.0 0.9951755
0.0 0.005925073
1.0 0.99447316
1.0 0.4911672
1.0 0.9946249
0.0 0.009241313
0.0 0.798487
1.0 0.9366309
1.0 0.90726286
0.0 0.010664005
0.0 0.023937587
0.0 0.034293875
1.0 0.99096066
0.0 0.005918544
1.0 0.9891177
1.0 0.9938023
1.0 0.9851326
1.0 0.9855963
1.0 0.99229187
0.0 0.014733853
0.0 0.025495615
1.0 0.9937808
0.0 0.05334233
1.0 0.9945057
1.0 0.93728805
0.0 0.011097962
0.0 0.005143118
0.0 0.0049694506
0.0 0.008007038
0.0 0.012447186
0.0 0.0145839695
0.0 0.011786027
1.0 0.9956754
1.0 0.9942721
0.0 0.12634273
1.0 0.9919695
1.0 0.98003
1.0 0.9922172
0.0 0.4149001
1.0 0.994958
0.0 0.019157281
1.0 0.9923253
0.0 0.023285182
0.0 0.0046757404
1.0 0.99494874
1.0 0.99587655
1.0 0.9687325
0.0 0.006870991
0.0 0.006691139
1.0 0.9952107
0.0 0.0071244803
0.0 0.14308621
0.0 0.0053497166
0.0 0.012230879
0.0 0.0051335436
1.0 0.99568427
1.0 0.98294157
0.0 0.0070626275
1.0 0.23125365
0.0 0.009240523
0.0 0.5885272
1.0 0.8770382
1.0 0.9934962
0.0 0.03172283
0.0 0.014106389
0.0 0.005096732
1.0 0.98943126
1.0 0.031351592
0.0 0.014474961
0.0 0.0064703682
1.0 0.15187952
0.0 0.008069679
1.0 0.9948525
0.0 0.0278431
0.0 0.008040022
1.0 0.9883482
1.0 0.9846219
1.0 0.9709779
0.0 0.015017456
1.0 0.9918019
0.0 0.007048678
1.0 0.993053
0.0 0.0050900024
1.0 0.694177
0.0 0.009324123
1.0 0.9940988
0.0 0.0045593246
1.0 0.9954419
0.0 0.0079916455
0.0 0.005806253
0.0 0.010377937
0.0 0.020460822
0.0 0.007814118
0.0 0.03280882
0.0 0.04975197
1.0 0.99333537
1.0 0.99194276
1.0 0.99462223
1.0 0.9929537
0.0 0.00701069
1.0 0.9924508
