true vs pred:
1.0 0.99770844
1.0 0.9963168
1.0 0.99747187
0.0 0.35841665
0.0 0.35458347
1.0 0.9953212
0.0 0.22079514
1.0 0.9699111
0.0 0.6061225
1.0 0.97043747
1.0 0.94682413
0.0 0.87067914
1.0 0.97970104
1.0 0.9973883
1.0 0.99411774
1.0 0.9754126
1.0 0.9450478
1.0 0.98186344
1.0 0.9975969
0.0 0.34568903
0.0 0.19262679
1.0 0.9725198
1.0 0.9957172
1.0 0.9975969
1.0 0.99770457
1.0 0.97194165
1.0 0.93905634
1.0 0.9958203
0.0 0.1799429
1.0 0.99069726
0.0 0.36387292
1.0 0.9956701
1.0 0.9485744
1.0 0.9974771
1.0 0.9915063
1.0 0.97238886
0.0 0.88189924
1.0 0.9372589
1.0 0.99197114
0.0 0.60839903
1.0 0.93905634
1.0 0.9958203
1.0 0.97218317
1.0 0.995769
1.0 0.97238886
0.0 0.37869126
1.0 0.9742443
1.0 0.9784184
0.0 0.3013875
1.0 0.99750596
1.0 0.99389344
0.0 0.20006602
1.0 0.99545693
1.0 0.9754126
0.0 0.8835843
0.0 0.88189924
1.0 0.9972785
1.0 0.9972785
1.0 0.9953212
1.0 0.99368817
1.0 0.9954614
0.0 0.22079514
1.0 0.99389344
1.0 0.9957703
0.0 0.60839903
0.0 0.37875152
1.0 0.99547714
0.0 0.31684786
1.0 0.9450478
1.0 0.99545693
1.0 0.9784184
1.0 0.99775946
1.0 0.9738391
1.0 0.9933194
1.0 0.93905634
0.0 0.89804155
0.0 0.37875152
0.0 0.8679613
1.0 0.9915063
1.0 0.9958066
1.0 0.9973098
1.0 0.9391926
1.0 0.9377453
1.0 0.97238886
1.0 0.9973527
1.0 0.99747187
1.0 0.93905634
1.0 0.99750596
1.0 0.97705585
1.0 0.99772125
0.0 0.58021915
0.0 0.20235264
1.0 0.99770844
1.0 0.9919503
1.0 0.97043747
1.0 0.9957703
1.0 0.93905634
0.0 0.87067914
1.0 0.9417169
1.0 0.99789906
1.0 0.9922903
1.0 0.99748373
1.0 0.99750596
1.0 0.99748373
1.0 0.99411774
0.0 0.37875152
0.0 0.31809235
1.0 0.9973888
1.0 0.99418604
1.0 0.9975011
1.0 0.9974644
0.0 0.59517366
1.0 0.9963168
1.0 0.9973888
1.0 0.9956701
1.0 0.99583936
0.0 0.34194508
1.0 0.9372589
0.0 0.89804155
0.0 0.60839903
1.0 0.9957703
1.0 0.99530905
1.0 0.9957216
1.0 0.9956701
1.0 0.97878116
1.0 0.995689
0.0 0.88189924
0.0 0.3703107
0.0 0.60839903
0.0 0.87067914
1.0 0.94682413
0.0 0.20006602
1.0 0.9377453
1.0 0.99770844
1.0 0.9695281
1.0 0.99417627
0.0 0.30240178
0.0 0.8679613
1.0 0.9958203
1.0 0.99746454
0.0 0.31809235
0.0 0.8899802
1.0 0.9391926
1.0 0.97194165
1.0 0.992431
1.0 0.9372589
1.0 0.99197114
1.0 0.97187996
1.0 0.97218317
0.0 0.8768252
0.0 0.20006602
0.0 0.8768252
1.0 0.9957216
1.0 0.99772125
0.0 0.20511039
1.0 0.9485744
1.0 0.94682413
1.0 0.99750596
1.0 0.99789906
0.0 0.34568903
1.0 0.99746454
1.0 0.99746454
1.0 0.99761605
1.0 0.99583936
1.0 0.99268734
1.0 0.9973098
1.0 0.9974727
0.0 0.5551839
0.0 0.1799429
1.0 0.99748373
0.0 0.55709416
1.0 0.9957703
1.0 0.9469562
1.0 0.9372589
1.0 0.9973527
1.0 0.99389344
0.0 0.60839903
0.0 0.8785051
1.0 0.9797434
0.0 0.5762137
1.0 0.9742443
1.0 0.98186344
1.0 0.9975969
1.0 0.99506664
0.0 0.37869126
0.0 0.37788197
0.0 0.5490334
1.0 0.9963168
0.0 0.1799429
1.0 0.99069726
1.0 0.99389344
0.0 0.37869126
1.0 0.99748373
0.0 0.5762137
0.0 0.55709416
1.0 0.9784184
1.0 0.9797434
0.0 0.30240178
0.0 0.31809235
0.0 0.31481436
1.0 0.995689
1.0 0.9973175
1.0 0.99574983
1.0 0.99417627
1.0 0.9973888
1.0 0.9754866
1.0 0.99411774
1.0 0.9975969
1.0 0.9958066
0.0 0.55709416
0.0 0.3502321
1.0 0.9957172
1.0 0.99154574
1.0 0.995769
1.0 0.9933975
1.0 0.99368817
1.0 0.9939792
1.0 0.9937377
1.0 0.9937377
1.0 0.99154574
0.0 0.89394766
1.0 0.9972836
1.0 0.9958066
0.0 0.3013875
1.0 0.9954614
1.0 0.9754126
1.0 0.99545693
0.0 0.87067914
0.0 0.31481436
0.0 0.36387292
1.0 0.97878116
1.0 0.97380924
1.0 0.96755713
1.0 0.99583936
1.0 0.99418604
0.0 0.8785051
1.0 0.9956701
1.0 0.9974727
0.0 0.6061225
1.0 0.99775946
0.0 0.31481436
1.0 0.9754126
1.0 0.9973883
1.0 0.99417627
1.0 0.99547714
0.0 0.37875152
1.0 0.97380924
0.0 0.58021915
1.0 0.97878116
1.0 0.99772125
1.0 0.99773216
1.0 0.99547714
1.0 0.99197114
0.0 0.54621595
1.0 0.93580675
0.0 0.35969684
1.0 0.9742443
1.0 0.99747187
1.0 0.99418604
1.0 0.9957703
0.0 0.21271202
1.0 0.99770457
0.0 0.58021915
0.0 0.8785051
1.0 0.99418604
1.0 0.97878116
1.0 0.99780196
1.0 0.99411774
0.0 0.8679613
1.0 0.99197114
1.0 0.99268734
1.0 0.9784184
1.0 0.9754126
0.0 0.8679613
1.0 0.995769
0.0 0.59517366
1.0 0.9957703
1.0 0.99574983
0.0 0.19262679
1.0 0.99770844
1.0 0.9974644
1.0 0.9954614
1.0 0.99772125
0.0 0.37875152
1.0 0.995769
0.0 0.3502321
1.0 0.99772125
1.0 0.99749607
1.0 0.9915063
1.0 0.99747187
1.0 0.93580675
1.0 0.99773216
1.0 0.97878116
1.0 0.99538356
0.0 0.5762137
0.0 0.6061225
1.0 0.9972836
1.0 0.9915063
0.0 0.22079514
1.0 0.9372589
1.0 0.97970104
1.0 0.9922903
1.0 0.99749607
1.0 0.97194165
0.0 0.8785051
1.0 0.9450478
1.0 0.9695281
1.0 0.9391926
1.0 0.97380924
1.0 0.99411774
1.0 0.97380924
1.0 0.9973175
0.0 0.5551839
1.0 0.9754126
0.0 0.58021915
0.0 0.34194508
0.0 0.34568903
1.0 0.995769
0.0 0.31809235
1.0 0.99355835
0.0 0.20235264
1.0 0.97705585
1.0 0.97218317
0.0 0.36387292
1.0 0.93905634
1.0 0.97878116
1.0 0.9920248
1.0 0.9974771
1.0 0.97380924
1.0 0.99418604
0.0 0.3703107
0.0 0.8850802
1.0 0.9372589
0.0 0.37788197
1.0 0.9485744
0.0 0.8679613
1.0 0.99506664
1.0 0.9469562
1.0 0.99368817
1.0 0.9922903
1.0 0.99747187
0.0 0.88189924
0.0 0.21271202
1.0 0.992431
1.0 0.9924359
1.0 0.99506664
0.0 0.5490334
1.0 0.995689
1.0 0.9754866
1.0 0.99750596
1.0 0.9957216
1.0 0.9973175
1.0 0.9974727
1.0 0.9973527
1.0 0.9372589
1.0 0.9973888
0.0 0.8768252
1.0 0.99761605
1.0 0.995769
1.0 0.93905634
1.0 0.9924359
0.0 0.5551839
1.0 0.9391926
1.0 0.9957703
1.0 0.9957703
1.0 0.9391926
1.0 0.992431
1.0 0.9924359
1.0 0.99772125
1.0 0.97218317
1.0 0.9937377
1.0 0.99530905
1.0 0.99772125
1.0 0.99775946
1.0 0.99417627
0.0 0.31809235
0.0 0.35458347
1.0 0.99747187
1.0 0.99775946
1.0 0.992431
1.0 0.9922903
1.0 0.9975969
1.0 0.99772125
1.0 0.99411774
0.0 0.8850802
1.0 0.9973098
0.0 0.20006602
1.0 0.99411774
1.0 0.995769
1.0 0.96755713
1.0 0.9954614
0.0 0.19262679
0.0 0.35458347
1.0 0.9973175
1.0 0.9956701
1.0 0.9974727
1.0 0.97187996
1.0 0.97194165
1.0 0.9958066
1.0 0.9915063
1.0 0.97878116
1.0 0.99547714
1.0 0.9933194
1.0 0.99538356
1.0 0.99770457
1.0 0.9797434
0.0 0.5551839
0.0 0.35458347
0.0 0.8679613
1.0 0.94682413
1.0 0.97238886
0.0 0.8785051
1.0 0.9742443
1.0 0.97194165
0.0 0.37869126
0.0 0.34568903
1.0 0.99780196
1.0 0.9754866
0.0 0.5762137
0.0 0.20351255
0.0 0.34568903
1.0 0.9485744
1.0 0.97705585
0.0 0.34568903
0.0 0.8899802
1.0 0.99530905
1.0 0.9973527
0.0 0.58021915
1.0 0.9485744
0.0 0.33585292
1.0 0.9973175
1.0 0.9973527
1.0 0.9974644
0.0 0.31684786
1.0 0.99418604
0.0 0.55709416
1.0 0.97380924
0.0 0.1799429
1.0 0.9973527
1.0 0.9974771
0.0 0.8785051
1.0 0.99770844
1.0 0.9450478
1.0 0.9742443
0.0 0.1799429
1.0 0.9937377
1.0 0.99355835
0.0 0.20006602
0.0 0.22079514
1.0 0.99574983
1.0 0.93905634
0.0 0.31809235
1.0 0.97380924
1.0 0.9754866
1.0 0.97218317
1.0 0.94682413
0.0 0.6061225
0.0 0.20235264
0.0 0.55709416
1.0 0.97187996
1.0 0.9924359
1.0 0.9924359
1.0 0.995689
0.0 0.60839903
0.0 0.3502321
0.0 0.5551839
0.0 0.31481436
0.0 0.2870136
0.0 0.5551839
1.0 0.99761605
1.0 0.99368817
1.0 0.9797434
1.0 0.99747187
1.0 0.992431
0.0 0.60839903
1.0 0.9957172
1.0 0.9922903
1.0 0.99748373
1.0 0.9954614
1.0 0.9377453
1.0 0.9939792
1.0 0.9974859
0.0 0.8785051
0.0 0.1799429
1.0 0.99770457
1.0 0.96755713
1.0 0.9963168
1.0 0.9973175
1.0 0.99547476
1.0 0.9920248
0.0 0.8850802
0.0 0.21271202
1.0 0.9975011
1.0 0.9975969
0.0 0.54621595
0.0 0.2870136
1.0 0.9738391
1.0 0.9975969
1.0 0.995689
1.0 0.99418604
0.0 0.37788197
1.0 0.9972836
1.0 0.9784184
1.0 0.9973883
1.0 0.93905634
0.0 0.30240178
0.0 0.2047496
1.0 0.9372589
1.0 0.9937377
0.0 0.34568903
1.0 0.99411774
0.0 0.35841665
0.0 0.8768252
0.0 0.304288
1.0 0.99538356
0.0 0.8835843
1.0 0.99789906
1.0 0.9975969
0.0 0.20706838
1.0 0.99780196
