true vs pred:
1.0 0.9433058
1.0 0.7648304
0.0 0.008412019
1.0 0.99447834
1.0 0.9612756
1.0 0.9810044
1.0 0.98080176
1.0 0.99473
1.0 0.8780525
0.0 0.040983208
0.0 0.51821816
1.0 0.97439146
1.0 0.9926301
0.0 0.010532182
1.0 0.9952136
1.0 0.99433243
1.0 0.98410875
1.0 0.99271494
1.0 0.7821512
1.0 0.99453235
1.0 0.9880568
1.0 0.9952566
1.0 0.9961355
1.0 0.7226789
0.0 0.014338985
1.0 0.9571666
1.0 0.9961669
1.0 0.99526405
0.0 0.6829003
0.0 0.044251163
0.0 0.6080669
1.0 0.99208635
1.0 0.9948323
1.0 0.9004346
1.0 0.9771508
0.0 0.87292904
1.0 0.9896819
1.0 0.99592113
1.0 0.98103046
1.0 0.9892035
1.0 0.97982466
1.0 0.8863927
1.0 0.9892062
1.0 0.9948612
1.0 0.9850584
0.0 0.088493355
1.0 0.9731188
0.0 0.825586
1.0 0.98702174
1.0 0.93001854
1.0 0.9916468
1.0 0.99018747
1.0 0.9955283
1.0 0.99640286
0.0 0.07581778
1.0 0.35236767
0.0 0.2280893
1.0 0.9948612
0.0 0.035126507
1.0 0.9958911
1.0 0.96153915
1.0 0.99483067
1.0 0.98949814
0.0 0.03968716
1.0 0.901238
1.0 0.9923477
1.0 0.991172
1.0 0.76664907
1.0 0.984999
1.0 0.99131376
1.0 0.99318707
1.0 0.9961355
1.0 0.9626961
1.0 0.9961965
1.0 0.99208635
1.0 0.9952974
1.0 0.97562134
0.0 0.07318302
1.0 0.940065
1.0 0.9949556
1.0 0.8762291
1.0 0.986021
1.0 0.12128525
0.0 0.026786432
1.0 0.7504254
1.0 0.9957689
1.0 0.7219817
1.0 0.983657
1.0 0.9839145
0.0 0.062853806
1.0 0.9514792
0.0 0.08777427
1.0 0.995329
1.0 0.98216623
0.0 0.040983208
0.0 0.3041774
0.0 0.07800965
0.0 0.6005805
1.0 0.78234357
1.0 0.97832197
1.0 0.97766817
1.0 0.9716708
1.0 0.9913276
1.0 0.98861
1.0 0.99629277
0.0 0.13157095
1.0 0.95216674
1.0 0.5989659
1.0 0.99533075
1.0 0.98502594
1.0 0.99491817
1.0 0.91972655
1.0 0.99592614
1.0 0.74523735
1.0 0.91847223
0.0 0.3853943
1.0 0.994578
1.0 0.9937344
1.0 0.9853432
1.0 0.5366271
1.0 0.99254274
0.0 0.040824622
1.0 0.9948578
1.0 0.99158585
1.0 0.99566144
0.0 0.038153857
0.0 0.033606924
1.0 0.99588794
1.0 0.6582726
1.0 0.9959785
0.0 0.54522985
1.0 0.99560934
1.0 0.9314321
0.0 0.13743901
1.0 0.95625955
1.0 0.989537
1.0 0.99602926
1.0 0.9956031
1.0 0.9764488
1.0 0.26716796
1.0 0.9810044
1.0 0.9766192
1.0 0.9943889
1.0 0.99174327
1.0 0.99558276
1.0 0.9958229
1.0 0.99578625
1.0 0.9896679
0.0 0.027147323
0.0 0.13759127
0.0 0.015178247
1.0 0.85829747
1.0 0.9961677
1.0 0.27540985
0.0 0.039129607
1.0 0.9879413
1.0 0.99607027
1.0 0.8572197
1.0 0.99567235
1.0 0.99570906
1.0 0.9864651
0.0 0.30852842
1.0 0.8933943
1.0 0.99366283
0.0 0.53582764
1.0 0.98183364
1.0 0.99409467
1.0 0.98682946
1.0 0.9908869
1.0 0.99622846
0.0 0.017981747
1.0 0.8275758
0.0 0.01746976
1.0 0.9956377
0.0 0.42300683
1.0 0.9962799
1.0 0.99581546
1.0 0.9795656
1.0 0.9881032
1.0 0.98973817
1.0 0.99337786
1.0 0.97765416
1.0 0.99520445
1.0 0.9952696
1.0 0.992572
1.0 0.9826853
1.0 0.9697353
0.0 0.014092954
0.0 0.03566997
1.0 0.99564666
1.0 0.9961738
1.0 0.74149823
1.0 0.9887207
1.0 0.85640895
1.0 0.9906645
1.0 0.9955531
1.0 0.9875157
1.0 0.99524885
0.0 0.1066556
1.0 0.814437
1.0 0.987257
1.0 0.9959312
1.0 0.995719
1.0 0.88654596
1.0 0.9894159
0.0 0.015178247
1.0 0.9936773
0.0 0.024269044
1.0 0.9794707
1.0 0.994263
1.0 0.918358
1.0 0.98207825
1.0 0.9948555
0.0 0.80964357
0.0 0.825586
1.0 0.9945833
1.0 0.99323636
1.0 0.99174327
0.0 0.25441617
0.0 0.4037519
1.0 0.5557075
1.0 0.9957902
1.0 0.9958871
0.0 0.040641125
0.0 0.11856851
0.0 0.044251163
0.0 0.07599831
1.0 0.9955598
1.0 0.97870845
0.0 0.036401924
