true vs pred:
1.0 0.9721325
1.0 0.97424704
1.0 0.99515015
1.0 0.98687994
1.0 0.24390037
1.0 0.5377974
1.0 0.9976381
0.0 0.0063186237
1.0 0.9949626
1.0 0.91359895
1.0 0.9977666
1.0 0.99722517
1.0 0.9970688
1.0 0.96209985
1.0 0.9978672
1.0 0.95437676
1.0 0.97981787
0.0 0.64778936
1.0 0.99763215
1.0 0.995946
1.0 0.9949858
1.0 0.93681115
1.0 0.9970342
0.0 0.003745568
1.0 0.99717194
1.0 0.99722725
1.0 0.99750143
0.0 0.0085364655
0.0 0.003510711
1.0 0.9979479
1.0 0.4032355
1.0 0.9979048
0.0 0.003994974
1.0 0.9979808
1.0 0.97820616
0.0 0.0030130309
1.0 0.8618013
1.0 0.9835069
1.0 0.99792373
1.0 0.99786806
1.0 0.99425226
0.0 0.012066546
0.0 0.17987779
0.0 0.02773009
1.0 0.99741626
1.0 0.9954963
1.0 0.99782217
1.0 0.99789894
1.0 0.9977858
1.0 0.9959187
0.0 0.0034881996
0.0 0.0149881365
0.0 0.0029228302
1.0 0.9345516
1.0 0.9981723
1.0 0.95609766
0.0 0.008053054
1.0 0.995739
1.0 0.9978005
1.0 0.9718326
1.0 0.9978684
1.0 0.99772257
1.0 0.9953367
0.0 0.004386083
1.0 0.9583143
1.0 0.99607605
1.0 0.21875796
1.0 0.9864906
1.0 0.9920826
1.0 0.996351
1.0 0.9918983
1.0 0.9981439
0.0 0.0032821202
1.0 0.95896024
0.0 0.0034206
1.0 0.99791723
1.0 0.9083522
1.0 0.9981521
1.0 0.9977386
1.0 0.98127925
1.0 0.99514943
1.0 0.9969664
1.0 0.99699116
0.0 0.038178973
1.0 0.9979321
1.0 0.9978356
1.0 0.9948984
1.0 0.9915427
1.0 0.984583
0.0 0.0023296215
0.0 0.0024852408
1.0 0.9975115
1.0 0.99811125
1.0 0.98108256
1.0 0.9967848
1.0 0.98091584
1.0 0.9944443
1.0 0.9979961
1.0 0.99608636
1.0 0.9979517
0.0 0.027300837
1.0 0.9604903
1.0 0.99393845
1.0 0.99786997
1.0 0.99712986
1.0 0.987914
1.0 0.99708444
0.0 0.002926484
1.0 0.99607605
0.0 0.004964421
1.0 0.9889865
1.0 0.9976726
0.0 0.0776682
1.0 0.9830678
1.0 0.99759394
0.0 0.9198023
0.0 0.007295667
1.0 0.99637187
1.0 0.9963475
1.0 0.9954963
0.0 0.74958247
0.0 0.5378291
1.0 0.94568884
1.0 0.9980057
1.0 0.9975908
0.0 0.0025701185
0.0 0.0030130309
0.0 0.002370527
0.0 0.124083154
1.0 0.9978073
1.0 0.992224
0.0 0.0024945734
0.0 0.0021501123
1.0 0.99736136
1.0 0.9708255
1.0 0.99723876
1.0 0.9870112
1.0 0.9748307
1.0 0.9977386
1.0 0.9971181
0.0 0.0029407607
1.0 0.9971129
1.0 0.99496526
0.0 0.0061013144
0.0 0.022759568
0.0 0.0023321342
0.0 0.0022762117
1.0 0.99754214
0.0 0.0052436995
1.0 0.9975466
1.0 0.99465066
0.0 0.5727837
1.0 0.9978921
1.0 0.99687445
0.0 0.13273849
0.0 0.002546162
0.0 0.007801861
1.0 0.99624324
1.0 0.9874275
0.0 0.0029007029
1.0 0.99553007
0.0 0.031028004
1.0 0.9981133
0.0 0.013949918
1.0 0.99806744
0.0 0.0033086604
1.0 0.9867975
0.0 0.0038095939
1.0 0.99784005
1.0 0.9672938
1.0 0.9290227
0.0 0.002412602
0.0 0.0126540195
0.0 0.0032821202
0.0 0.004386083
1.0 0.99716383
0.0 0.10416808
1.0 0.996342
1.0 0.97335535
1.0 0.9936279
1.0 0.9965449
0.0 0.0068000853
1.0 0.9979025
1.0 0.9455749
1.0 0.96781397
1.0 0.9872662
1.0 0.99783945
1.0 0.99652594
0.0 0.0030873546
1.0 0.9942379
0.0 0.115605645
1.0 0.99467623
0.0 0.0025955292
0.0 0.011314751
1.0 0.9980242
0.0 0.06116484
0.0 0.002363079
0.0 0.0030518423
0.0 0.36639476
1.0 0.9961463
1.0 0.9961726
0.0 0.024891231
1.0 0.99807215
0.0 0.0056611244
0.0 0.0061259796
1.0 0.9879913
1.0 0.99708587
1.0 0.98743045
0.0 0.10906983
1.0 0.943964
1.0 0.99705017
1.0 0.98903966
0.0 0.0048745433
0.0 0.002623223
1.0 0.9495261
1.0 0.97480696
1.0 0.9976966
1.0 0.9979479
1.0 0.99813485
1.0 0.94666564
1.0 0.997919
1.0 0.9977412
1.0 0.9965454
1.0 0.972151
1.0 0.99787736
0.0 0.009171122
1.0 0.9879374
1.0 0.99393636
0.0 0.002546162
0.0 0.2936839
