true vs pred:
1.0 0.9845821
1.0 0.9736047
1.0 0.99277556
1.0 0.9927626
1.0 0.98457354
1.0 0.98877126
1.0 0.96320707
1.0 0.9886475
1.0 0.98479295
1.0 0.98173887
1.0 0.98107696
1.0 0.9890782
1.0 0.9890782
1.0 0.98432714
1.0 0.97692174
1.0 0.9755224
1.0 0.97705656
1.0 0.9893779
1.0 0.9840254
1.0 0.96483684
1.0 0.9812367
1.0 0.97705656
1.0 0.99062353
1.0 0.98866665
1.0 0.9726078
1.0 0.9735725
1.0 0.9736047
1.0 0.97411525
1.0 0.99062353
1.0 0.98422605
1.0 0.98479295
1.0 0.98909867
1.0 0.99280655
1.0 0.9732377
1.0 0.98479295
1.0 0.972629
1.0 0.9892253
1.0 0.9812367
1.0 0.9890782
1.0 0.9830155
1.0 0.9904131
1.0 0.9631508
1.0 0.9872105
1.0 0.98457354
1.0 0.9890782
1.0 0.96462005
1.0 0.9845821
1.0 0.9817234
1.0 0.99291295
1.0 0.98724383
1.0 0.9840254
1.0 0.9934229
1.0 0.97782177
1.0 0.97711337
1.0 0.99347174
1.0 0.9779579
1.0 0.99190134
1.0 0.9766034
1.0 0.98724383
1.0 0.98457354
1.0 0.97517186
1.0 0.9926167
1.0 0.9907665
1.0 0.9890725
1.0 0.9837795
1.0 0.9904131
1.0 0.97545195
1.0 0.96114707
1.0 0.9736047
1.0 0.9840254
1.0 0.99265915
1.0 0.9917182
1.0 0.98295605
1.0 0.9723423
1.0 0.98457354
1.0 0.98103595
1.0 0.96320707
1.0 0.9931833
1.0 0.9886475
1.0 0.97661865
1.0 0.98107696
1.0 0.98432714
1.0 0.9904321
1.0 0.9934229
1.0 0.9894215
1.0 0.9888765
1.0 0.98295605
1.0 0.99280655
1.0 0.98166144
1.0 0.993186
1.0 0.9901454
1.0 0.9830155
1.0 0.99049336
1.0 0.97355723
1.0 0.9925666
1.0 0.96483684
1.0 0.97486407
1.0 0.9894505
1.0 0.97692174
1.0 0.9767718
1.0 0.9907665
1.0 0.9755224
1.0 0.9886475
1.0 0.98166144
1.0 0.99032354
1.0 0.98479295
1.0 0.9931833
1.0 0.9928402
1.0 0.98921317
1.0 0.9921467
1.0 0.9845821
1.0 0.97366726
1.0 0.972629
1.0 0.97411525
1.0 0.98107696
1.0 0.99247026
1.0 0.9926859
1.0 0.99280655
1.0 0.9723423
1.0 0.9904131
1.0 0.98313177
1.0 0.98432714
1.0 0.9710833
1.0 0.9753175
1.0 0.9845821
1.0 0.97486407
1.0 0.9872105
1.0 0.98379135
1.0 0.97450846
1.0 0.9767718
1.0 0.972629
1.0 0.97509867
1.0 0.97411525
1.0 0.9890455
1.0 0.9894215
1.0 0.99265915
1.0 0.9726078
1.0 0.98877126
1.0 0.97705656
1.0 0.97355723
1.0 0.9636932
1.0 0.9735725
1.0 0.99280655
1.0 0.99291295
1.0 0.9925666
1.0 0.98173887
1.0 0.97486407
1.0 0.97608644
1.0 0.9810321
1.0 0.98103595
1.0 0.9876345
1.0 0.9890455
1.0 0.99207026
1.0 0.99247026
1.0 0.9931833
1.0 0.9710833
1.0 0.99247026
1.0 0.98483735
1.0 0.9767718
1.0 0.99316484
1.0 0.9834171
1.0 0.9894132
1.0 0.9732377
1.0 0.9907665
1.0 0.9753175
1.0 0.9812635
1.0 0.9742133
1.0 0.9886475
1.0 0.9894215
1.0 0.99298906
1.0 0.9837795
1.0 0.97705656
1.0 0.9930951
1.0 0.97307366
1.0 0.96500045
1.0 0.97486407
1.0 0.9631508
1.0 0.99291295
1.0 0.9723423
1.0 0.9888765
1.0 0.99347174
1.0 0.96500045
1.0 0.97296166
1.0 0.9925149
1.0 0.98422605
1.0 0.98432714
1.0 0.98166144
1.0 0.9927626
1.0 0.99207026
1.0 0.97509867
1.0 0.9636932
1.0 0.98103595
1.0 0.9732377
1.0 0.98966205
1.0 0.98457354
1.0 0.9837795
1.0 0.97181374
1.0 0.97517186
1.0 0.98921317
1.0 0.99207026
1.0 0.98103595
1.0 0.9904569
1.0 0.993186
1.0 0.9817234
1.0 0.98966205
1.0 0.9907665
1.0 0.9921467
1.0 0.9894505
1.0 0.9890455
1.0 0.99247026
1.0 0.973215
1.0 0.96462005
1.0 0.98877126
1.0 0.98926395
1.0 0.9755224
1.0 0.9821653
1.0 0.9890455
1.0 0.9866573
1.0 0.99301004
1.0 0.97411525
1.0 0.9812635
1.0 0.9834171
1.0 0.97304285
1.0 0.9894132
1.0 0.97366726
1.0 0.973215
1.0 0.9886475
1.0 0.9631508
1.0 0.9812367
1.0 0.9709363
1.0 0.9893779
1.0 0.98921317
1.0 0.99190134
1.0 0.98724383
1.0 0.9904569
1.0 0.98422617
1.0 0.9723423
1.0 0.9735725
1.0 0.9803201
1.0 0.9709363
1.0 0.97192895
1.0 0.96084255
1.0 0.9636932
1.0 0.98909867
1.0 0.9886475
1.0 0.9905715
1.0 0.96114707
1.0 0.9726078
1.0 0.98103595
1.0 0.98379135
1.0 0.9866573
1.0 0.972629
1.0 0.97653586
1.0 0.9891027
1.0 0.97748876
1.0 0.98107696
1.0 0.98173887
1.0 0.96320707
1.0 0.9875115
1.0 0.9926167
1.0 0.9872105
1.0 0.9625604
1.0 0.97738826
1.0 0.9876345
1.0 0.97304285
1.0 0.98295605
1.0 0.9842461
1.0 0.97661865
1.0 0.97608644
1.0 0.9894505
1.0 0.98379135
1.0 0.99291295
1.0 0.99207026
1.0 0.9631508
1.0 0.99190134
1.0 0.99049336
1.0 0.96483684
1.0 0.97748876
1.0 0.98379135
1.0 0.98103595
1.0 0.98295605
1.0 0.97509867
1.0 0.98877126
1.0 0.97307366
1.0 0.9830155
1.0 0.98379135
1.0 0.9904569
1.0 0.98909867
1.0 0.98103595
1.0 0.9732377
1.0 0.98866665
1.0 0.9631508
1.0 0.97307366
1.0 0.98479295
1.0 0.98769844
1.0 0.9812635
1.0 0.96462005
1.0 0.98724383
1.0 0.99032354
1.0 0.97181374
1.0 0.98769844
1.0 0.97307366
1.0 0.9810321
1.0 0.97253114
1.0 0.97748876
1.0 0.9872105
1.0 0.98724383
1.0 0.97517186
1.0 0.9755224
1.0 0.972629
1.0 0.9894505
1.0 0.9810321
1.0 0.97653586
1.0 0.9919699
1.0 0.97683287
1.0 0.96500045
1.0 0.9890782
1.0 0.9901454
1.0 0.9934229
1.0 0.97692174
1.0 0.9892855
1.0 0.9888765
1.0 0.99145246
1.0 0.9904569
1.0 0.97181374
1.0 0.9876345
1.0 0.9886475
1.0 0.98299557
1.0 0.9709363
1.0 0.9900191
1.0 0.9893779
1.0 0.9892253
1.0 0.972629
1.0 0.973215
1.0 0.98313177
1.0 0.9736047
1.0 0.99265915
1.0 0.9925666
1.0 0.98921317
1.0 0.97181374
1.0 0.96114707
1.0 0.9894132
1.0 0.9900191
1.0 0.9821653
1.0 0.9636932
1.0 0.98422605
1.0 0.97661865
1.0 0.9872105
1.0 0.99265915
1.0 0.9907665
1.0 0.9930951
1.0 0.99190134
1.0 0.9927626
1.0 0.98928285
1.0 0.9926859
1.0 0.9834171
1.0 0.99277556
1.0 0.9919699
1.0 0.9892855
1.0 0.9742133
1.0 0.99062353
1.0 0.99347174
1.0 0.9871934
1.0 0.98422605
1.0 0.9872808
1.0 0.97782177
1.0 0.9709363
1.0 0.97608644
1.0 0.973215
1.0 0.97192895
1.0 0.9871934
1.0 0.97192895
1.0 0.9723423
1.0 0.99247026
1.0 0.9894132
1.0 0.9891027
1.0 0.98379135
1.0 0.9636932
1.0 0.99291295
1.0 0.9709363
1.0 0.96114707
1.0 0.9837578
1.0 0.9886475
1.0 0.9735725
1.0 0.97411525
1.0 0.9726078
1.0 0.98422605
1.0 0.98422605
1.0 0.98866665
1.0 0.993186
1.0 0.9723423
1.0 0.9894132
1.0 0.9817234
1.0 0.9894215
1.0 0.992015
1.0 0.9779579
1.0 0.9821653
1.0 0.97307366
1.0 0.972629
1.0 0.97705656
1.0 0.9876345
1.0 0.9812367
1.0 0.99298906
1.0 0.9709363
1.0 0.9919288
1.0 0.99277556
1.0 0.98724383
1.0 0.9723423
1.0 0.9926859
1.0 0.9723423
1.0 0.9779579
1.0 0.9905715
1.0 0.9888765
1.0 0.97661865
1.0 0.99280655
1.0 0.97450846
1.0 0.9834171
1.0 0.9872808
1.0 0.9891027
1.0 0.9812367
1.0 0.98379135
1.0 0.9886475
1.0 0.98299557
1.0 0.99265915
1.0 0.9837795
1.0 0.9918452
1.0 0.9735725
1.0 0.99291295
1.0 0.9736047
1.0 0.9766034
1.0 0.98173887
1.0 0.98107696
1.0 0.98173887
1.0 0.9631552
1.0 0.9900191
1.0 0.9919288
1.0 0.98313177
1.0 0.9779579
1.0 0.9930951
1.0 0.98877126
1.0 0.9876345
1.0 0.9837795
1.0 0.97307366
1.0 0.98432714
1.0 0.98299557
1.0 0.99190134
1.0 0.97517186
1.0 0.98295605
1.0 0.99049336
1.0 0.97705656
1.0 0.9866573
1.0 0.9735725
1.0 0.9893779
1.0 0.9934229
1.0 0.99190134
1.0 0.9901454
1.0 0.9904131
1.0 0.98966205
1.0 0.9625604
1.0 0.9872808
1.0 0.98457354
1.0 0.98295605
1.0 0.9779579
1.0 0.99347174
1.0 0.9904321
1.0 0.99328303
1.0 0.9845821
1.0 0.9917182
1.0 0.9931833
1.0 0.97509867
1.0 0.99207026
1.0 0.9753175
1.0 0.9723423
1.0 0.99249506
1.0 0.9934229
1.0 0.993186
1.0 0.9834171
1.0 0.97509867
1.0 0.9905715
1.0 0.98909867
1.0 0.98309326
1.0 0.98909867
1.0 0.9900191
1.0 0.9636932
1.0 0.97355723
1.0 0.97486407
1.0 0.97738826
1.0 0.98422605
1.0 0.9918452
1.0 0.9930951
1.0 0.9866573
1.0 0.97307366
1.0 0.9636932
1.0 0.9735725
1.0 0.97661865
1.0 0.9767718
1.0 0.98457354
1.0 0.97653586
1.0 0.98422617
1.0 0.9907665
1.0 0.98107696
1.0 0.9905715
1.0 0.97450846
1.0 0.97304285
1.0 0.97411525
1.0 0.9926167
1.0 0.98173887
1.0 0.9871934
1.0 0.99049336
1.0 0.98299557
1.0 0.9925666
1.0 0.96500045
1.0 0.9888765
1.0 0.97366726
1.0 0.9631508
1.0 0.97545195
1.0 0.9710833
1.0 0.97738826
1.0 0.98166144
1.0 0.9925149
