true vs pred:
1.0 0.9985916
1.0 0.9951742
1.0 0.99560416
1.0 0.9945035
1.0 0.99860245
1.0 0.97568
1.0 0.9894174
1.0 0.99772686
1.0 0.9988991
1.0 0.9988433
1.0 0.9988433
1.0 0.9992015
1.0 0.9893885
1.0 0.974259
0.0 0.636237
1.0 0.99668014
1.0 0.98874974
1.0 0.99689996
1.0 0.99558496
1.0 0.9950118
1.0 0.974259
1.0 0.9988926
1.0 0.9991905
1.0 0.9897243
1.0 0.99772686
1.0 0.99878997
1.0 0.9986506
1.0 0.99924195
1.0 0.9893885
1.0 0.99668014
1.0 0.99924195
1.0 0.98925924
1.0 0.9968845
1.0 0.9992106
1.0 0.99883264
1.0 0.99772686
0.0 0.648726
1.0 0.9985511
1.0 0.998934
1.0 0.9989668
1.0 0.99573886
1.0 0.99883276
1.0 0.99857116
1.0 0.99570256
1.0 0.99767977
1.0 0.9984806
1.0 0.9990175
1.0 0.9988926
1.0 0.99860245
1.0 0.99455607
1.0 0.9984018
1.0 0.97568
1.0 0.9989209
1.0 0.99920124
1.0 0.9991905
1.0 0.9989209
1.0 0.998863
1.0 0.9945603
1.0 0.9955006
1.0 0.9991905
1.0 0.99767977
1.0 0.98836446
1.0 0.9893885
1.0 0.99890435
1.0 0.9758617
1.0 0.9992217
1.0 0.9985247
1.0 0.99860245
1.0 0.9945603
1.0 0.9987967
1.0 0.9897243
1.0 0.99903226
1.0 0.9988821
1.0 0.99923193
1.0 0.99860245
1.0 0.9991905
1.0 0.99889636
1.0 0.9987967
1.0 0.9990119
1.0 0.99889934
1.0 0.9989146
1.0 0.998863
1.0 0.9990151
1.0 0.9987967
1.0 0.9966298
1.0 0.9975592
1.0 0.9976593
1.0 0.9976738
0.0 0.6173007
1.0 0.99902177
1.0 0.9986405
1.0 0.9991849
1.0 0.9749503
1.0 0.99890614
1.0 0.9985511
1.0 0.99558496
1.0 0.99460286
1.0 0.99900705
1.0 0.9985247
1.0 0.9985247
1.0 0.97634286
1.0 0.99560416
1.0 0.9989668
1.0 0.99857116
0.0 0.6173007
1.0 0.9992015
1.0 0.9984018
1.0 0.9894174
1.0 0.9988605
1.0 0.98836446
1.0 0.9966898
1.0 0.9990119
1.0 0.9984806
1.0 0.9985304
1.0 0.9951742
1.0 0.99876773
1.0 0.99558496
1.0 0.9945035
1.0 0.99887234
1.0 0.98925924
1.0 0.99921167
1.0 0.99867463
1.0 0.99570256
1.0 0.9989146
1.0 0.99890614
1.0 0.974259
1.0 0.9985482
1.0 0.9954209
1.0 0.9954336
1.0 0.998607
1.0 0.97634286
1.0 0.99917406
1.0 0.99883276
1.0 0.97634286
1.0 0.99857116
1.0 0.99573886
1.0 0.99924195
1.0 0.9954336
1.0 0.9985532
1.0 0.97634286
1.0 0.99926406
1.0 0.9976738
1.0 0.9988926
1.0 0.99855703
1.0 0.9976593
1.0 0.9989146
1.0 0.97552764
1.0 0.9948147
0.0 0.639822
1.0 0.9976284
1.0 0.9749503
1.0 0.99883276
1.0 0.9951742
1.0 0.9991905
1.0 0.9894174
1.0 0.99759126
1.0 0.99860245
1.0 0.99855703
1.0 0.9894174
0.0 0.6658678
1.0 0.9966652
1.0 0.9897418
1.0 0.99877137
1.0 0.98925924
1.0 0.99923766
0.0 0.648726
1.0 0.9990151
1.0 0.9984806
1.0 0.99855703
1.0 0.9954336
1.0 0.998934
1.0 0.974259
1.0 0.99867463
1.0 0.99900705
1.0 0.99886924
1.0 0.9954209
1.0 0.9948147
1.0 0.99455607
1.0 0.99886924
1.0 0.9968845
1.0 0.99876773
1.0 0.99570256
1.0 0.99538994
1.0 0.9990119
0.0 0.6658678
1.0 0.99866104
1.0 0.9946944
1.0 0.9988809
1.0 0.9893885
1.0 0.9988433
1.0 0.99900705
1.0 0.99570256
1.0 0.9755147
1.0 0.99921453
1.0 0.99883264
1.0 0.9990175
1.0 0.99573886
1.0 0.99890614
1.0 0.98874974
0.0 0.6173007
1.0 0.9976738
1.0 0.99860245
1.0 0.9966898
0.0 0.6173007
0.0 0.6458193
1.0 0.99900204
1.0 0.99886924
1.0 0.97552764
1.0 0.99455607
0.0 0.648726
1.0 0.9975381
1.0 0.9990263
1.0 0.99657553
1.0 0.99689996
1.0 0.998863
1.0 0.9758617
1.0 0.9986713
1.0 0.99869734
1.0 0.99460286
1.0 0.99923396
1.0 0.99538994
0.0 0.6757811
1.0 0.98836446
1.0 0.99923193
0.0 0.6475047
1.0 0.99869734
1.0 0.99886924
1.0 0.99877137
1.0 0.9992217
1.0 0.9894174
1.0 0.9985532
1.0 0.99455607
1.0 0.9975592
1.0 0.9893885
0.0 0.67364275
1.0 0.9897243
1.0 0.99887234
1.0 0.99923396
1.0 0.9988605
1.0 0.99857116
1.0 0.9990151
1.0 0.99768794
1.0 0.99880993
1.0 0.99668014
0.0 0.6757811
1.0 0.99917406
1.0 0.9975381
1.0 0.99570256
1.0 0.99917406
1.0 0.99886924
1.0 0.9954283
1.0 0.99886924
1.0 0.99570256
1.0 0.99883264
1.0 0.99865746
1.0 0.9988433
1.0 0.9988991
1.0 0.994786
1.0 0.998934
1.0 0.97634286
1.0 0.99460286
1.0 0.99865746
1.0 0.98944396
1.0 0.99889636
1.0 0.9968845
1.0 0.9990263
1.0 0.9985089
1.0 0.99867463
0.0 0.67364275
1.0 0.99890435
1.0 0.9976284
1.0 0.9749503
1.0 0.9986506
1.0 0.99900204
1.0 0.9991905
1.0 0.99538994
1.0 0.9989209
1.0 0.9975381
0.0 0.6458193
1.0 0.998863
1.0 0.99887234
1.0 0.9893885
1.0 0.9954209
1.0 0.9968845
1.0 0.99860245
1.0 0.97552764
1.0 0.99883276
1.0 0.9988991
1.0 0.9989209
1.0 0.99689996
1.0 0.9985916
1.0 0.9992106
1.0 0.97634286
1.0 0.9758617
1.0 0.9992204
1.0 0.9893885
1.0 0.9966898
1.0 0.99924195
1.0 0.9975381
1.0 0.9976738
1.0 0.998863
1.0 0.9990175
1.0 0.9951742
1.0 0.974259
1.0 0.9990175
1.0 0.9954283
1.0 0.99570256
1.0 0.99672407
1.0 0.9945035
1.0 0.98944396
1.0 0.9990151
0.0 0.6173007
1.0 0.9975592
1.0 0.99889934
1.0 0.99900705
1.0 0.9990151
1.0 0.99455607
1.0 0.9990119
1.0 0.99917406
1.0 0.99883264
1.0 0.99876773
1.0 0.9954209
1.0 0.99889934
1.0 0.9945035
1.0 0.9992411
1.0 0.9969043
1.0 0.99903226
1.0 0.9955006
1.0 0.9966652
0.0 0.6173007
1.0 0.99885595
1.0 0.99880993
1.0 0.9954283
1.0 0.9984018
1.0 0.9991905
1.0 0.99855703
1.0 0.99923193
1.0 0.998863
1.0 0.9749503
1.0 0.97568
0.0 0.6173007
1.0 0.9976593
1.0 0.99866104
1.0 0.99767977
1.0 0.9985532
1.0 0.9992411
1.0 0.99889934
1.0 0.9989668
1.0 0.9954283
1.0 0.99767977
1.0 0.99880993
1.0 0.9985247
1.0 0.99573886
0.0 0.6475047
1.0 0.99689996
1.0 0.97655755
1.0 0.9985916
1.0 0.9743465
1.0 0.99856997
1.0 0.9988809
1.0 0.9969043
1.0 0.9945035
1.0 0.9946944
1.0 0.99866104
1.0 0.9991849
1.0 0.9984806
1.0 0.99867463
1.0 0.99924195
1.0 0.99886924
1.0 0.9991905
1.0 0.99920124
1.0 0.9992204
1.0 0.9977034
1.0 0.99924195
1.0 0.99902177
1.0 0.99900204
1.0 0.97568
1.0 0.99883264
1.0 0.99772686
1.0 0.99759126
1.0 0.9988991
1.0 0.99866104
1.0 0.99880993
1.0 0.9988821
1.0 0.9893885
1.0 0.9749503
1.0 0.99885595
1.0 0.99866104
1.0 0.9976284
1.0 0.99668014
1.0 0.9954209
1.0 0.9984806
1.0 0.99921453
1.0 0.9946944
1.0 0.9755147
1.0 0.99865746
1.0 0.9976738
1.0 0.99903226
1.0 0.99920964
1.0 0.9897243
1.0 0.99876773
1.0 0.99886924
1.0 0.9758617
1.0 0.9968845
1.0 0.99880993
1.0 0.97568
0.0 0.67364275
1.0 0.99867463
1.0 0.9954209
1.0 0.9945874
1.0 0.998934
1.0 0.9990119
1.0 0.99560416
1.0 0.9985916
1.0 0.9992411
1.0 0.9984018
1.0 0.99856997
1.0 0.9985532
1.0 0.9990175
1.0 0.9975381
1.0 0.9954336
1.0 0.9990119
1.0 0.974259
1.0 0.97496355
1.0 0.9985089
1.0 0.998934
1.0 0.9986506
1.0 0.97552764
1.0 0.9948147
1.0 0.9986506
1.0 0.99869734
1.0 0.9992015
1.0 0.99877137
1.0 0.9749503
1.0 0.99889934
1.0 0.99772686
1.0 0.99866104
1.0 0.9950118
1.0 0.9954209
1.0 0.9985532
1.0 0.99890435
0.0 0.636237
1.0 0.97634286
1.0 0.9976738
1.0 0.99921167
1.0 0.99672407
1.0 0.9985247
1.0 0.99903226
1.0 0.99889934
1.0 0.99857116
1.0 0.9990119
1.0 0.99860245
1.0 0.9946944
1.0 0.9990151
1.0 0.99924195
1.0 0.99856997
1.0 0.9966898
1.0 0.99900204
0.0 0.648726
1.0 0.99921167
1.0 0.9897418
1.0 0.9976284
1.0 0.99668014
1.0 0.99878997
1.0 0.98944396
1.0 0.97496355
1.0 0.99689996
1.0 0.9966898
1.0 0.99872905
1.0 0.9954209
1.0 0.9966652
1.0 0.97496355
1.0 0.9758617
1.0 0.9893115
1.0 0.9989146
1.0 0.99889934
1.0 0.9893885
1.0 0.9985532
1.0 0.9968424
1.0 0.98874974
1.0 0.99768794
1.0 0.99903226
1.0 0.97496355
1.0 0.99917406
1.0 0.9966898
1.0 0.9755147
1.0 0.9945603
1.0 0.9991849
1.0 0.99926406
1.0 0.9893115
1.0 0.9989668
1.0 0.9975381
1.0 0.99872905
1.0 0.99877137
1.0 0.99921453
1.0 0.99460286
1.0 0.99889636
1.0 0.9985247
0.0 0.6458193
1.0 0.99860245
1.0 0.99920124
1.0 0.9985089
1.0 0.9966898
1.0 0.9950118
1.0 0.99872905
1.0 0.98944396
0.0 0.6173007
1.0 0.9992411
1.0 0.99926406
0.0 0.6346244
1.0 0.998934
1.0 0.99890435
1.0 0.99886924
1.0 0.99772686
0.0 0.6658678
1.0 0.9989668
1.0 0.998863
1.0 0.9975381
0.0 0.636237
1.0 0.9989209
