true vs pred:
1.0 0.9871597
1.0 0.97952545
1.0 0.992361
1.0 0.99295676
1.0 0.98694396
1.0 0.988052
1.0 0.9681082
1.0 0.9890905
1.0 0.9874534
1.0 0.9834688
1.0 0.9820941
1.0 0.9898694
1.0 0.9898694
1.0 0.98634934
1.0 0.97830665
1.0 0.9809374
1.0 0.9790571
1.0 0.98944384
1.0 0.9862031
1.0 0.97071594
1.0 0.9827946
1.0 0.9790571
1.0 0.9917361
1.0 0.98744255
1.0 0.97720283
1.0 0.97873574
1.0 0.97952545
1.0 0.97974044
1.0 0.9917361
1.0 0.9865914
1.0 0.9874534
1.0 0.9900619
1.0 0.9931103
1.0 0.97794104
1.0 0.9874534
1.0 0.97858137
1.0 0.9903064
1.0 0.9827946
1.0 0.9898694
1.0 0.9859505
1.0 0.99146795
1.0 0.966929
1.0 0.98683524
1.0 0.98694396
1.0 0.9898694
1.0 0.9696098
1.0 0.9871597
1.0 0.9829963
1.0 0.99281573
1.0 0.98723364
1.0 0.9862031
1.0 0.99372345
1.0 0.9800655
1.0 0.97856003
1.0 0.99365604
1.0 0.9800733
1.0 0.99180084
1.0 0.97712153
1.0 0.98723364
1.0 0.98694396
1.0 0.97641796
1.0 0.9924609
1.0 0.99164224
1.0 0.9885768
1.0 0.98705614
1.0 0.99146795
1.0 0.9771099
1.0 0.9653994
1.0 0.97952545
1.0 0.9862031
1.0 0.9925719
1.0 0.99137866
1.0 0.98620725
1.0 0.9770865
1.0 0.98694396
1.0 0.9821535
1.0 0.9681082
1.0 0.99326223
1.0 0.9890905
1.0 0.979318
1.0 0.9820941
1.0 0.98634934
1.0 0.99142015
1.0 0.99372345
1.0 0.9905523
1.0 0.990033
1.0 0.98620725
1.0 0.9931103
1.0 0.9833651
1.0 0.99321026
1.0 0.9908626
1.0 0.9859505
1.0 0.9911851
1.0 0.97450477
1.0 0.99230814
1.0 0.97071594
1.0 0.97710663
1.0 0.98897505
1.0 0.97830665
1.0 0.97797704
1.0 0.99164224
1.0 0.9809374
1.0 0.9890905
1.0 0.9833651
1.0 0.99112284
1.0 0.9874534
1.0 0.99326223
1.0 0.99262094
1.0 0.98876965
1.0 0.9920893
1.0 0.9871597
1.0 0.9786599
1.0 0.97858137
1.0 0.97974044
1.0 0.9820941
1.0 0.9927651
1.0 0.9926307
1.0 0.9931103
1.0 0.9770865
1.0 0.99146795
1.0 0.98560274
1.0 0.98634934
1.0 0.9756817
1.0 0.977197
1.0 0.9871597
1.0 0.97710663
1.0 0.98683524
1.0 0.986883
1.0 0.979218
1.0 0.97797704
1.0 0.97858137
1.0 0.9761404
1.0 0.97974044
1.0 0.9899727
1.0 0.9905523
1.0 0.9925719
1.0 0.97720283
1.0 0.988052
1.0 0.9790571
1.0 0.97450477
1.0 0.9683312
1.0 0.97873574
1.0 0.9931103
1.0 0.99281573
1.0 0.99230814
1.0 0.9834688
1.0 0.97710663
1.0 0.9771285
1.0 0.9817878
1.0 0.9821535
1.0 0.98773384
1.0 0.9899727
1.0 0.9917572
1.0 0.9927651
1.0 0.99326223
1.0 0.9756817
1.0 0.9927651
1.0 0.9875256
1.0 0.97797704
1.0 0.99310875
1.0 0.986068
1.0 0.9891962
1.0 0.97794104
1.0 0.99164224
1.0 0.977197
1.0 0.98245114
1.0 0.97949445
1.0 0.9890905
1.0 0.9905523
1.0 0.99298006
1.0 0.98705614
1.0 0.9790571
1.0 0.99308175
1.0 0.97750163
1.0 0.97124666
1.0 0.97710663
1.0 0.966929
1.0 0.99281573
1.0 0.9770865
1.0 0.990033
1.0 0.99365604
1.0 0.97124666
1.0 0.9785936
1.0 0.9922347
1.0 0.9865914
1.0 0.98634934
1.0 0.9833651
1.0 0.99295676
1.0 0.9917572
1.0 0.9761404
1.0 0.9683312
1.0 0.9821535
1.0 0.97794104
1.0 0.98956245
1.0 0.98694396
1.0 0.98705614
1.0 0.9761588
1.0 0.97641796
1.0 0.98876965
1.0 0.9917572
1.0 0.9821535
1.0 0.9913066
1.0 0.99321026
1.0 0.9829963
1.0 0.98956245
1.0 0.99164224
1.0 0.9920893
1.0 0.98897505
1.0 0.9899727
1.0 0.9927651
1.0 0.97807205
1.0 0.9696098
1.0 0.988052
1.0 0.9904574
1.0 0.9809374
1.0 0.98475325
1.0 0.9899727
1.0 0.98609746
1.0 0.9931399
1.0 0.97974044
1.0 0.98245114
1.0 0.986068
1.0 0.97799647
1.0 0.9891962
1.0 0.9786599
1.0 0.97807205
1.0 0.9890905
1.0 0.966929
1.0 0.9827946
1.0 0.97539586
1.0 0.98944384
1.0 0.98876965
1.0 0.99180084
1.0 0.98723364
1.0 0.9913066
1.0 0.9864754
1.0 0.9770865
1.0 0.97873574
1.0 0.98121166
1.0 0.97539586
1.0 0.97653276
1.0 0.9652102
1.0 0.9683312
1.0 0.9900619
1.0 0.9890905
1.0 0.9914425
1.0 0.9653994
1.0 0.97720283
1.0 0.9821535
1.0 0.986883
1.0 0.98609746
1.0 0.97858137
1.0 0.9774689
1.0 0.98995066
1.0 0.9795054
1.0 0.9820941
1.0 0.9834688
1.0 0.9681082
1.0 0.98729753
1.0 0.9924609
1.0 0.98683524
1.0 0.96731323
1.0 0.98021233
1.0 0.98773384
1.0 0.97799647
1.0 0.98620725
1.0 0.9859455
1.0 0.979318
1.0 0.9771285
1.0 0.98897505
1.0 0.986883
1.0 0.99281573
1.0 0.9917572
1.0 0.966929
1.0 0.99180084
1.0 0.9911851
1.0 0.97071594
1.0 0.9795054
1.0 0.986883
1.0 0.9821535
1.0 0.98620725
1.0 0.9761404
1.0 0.988052
1.0 0.97750163
1.0 0.9859505
1.0 0.986883
1.0 0.9913066
1.0 0.9900619
1.0 0.9821535
1.0 0.97794104
1.0 0.98744255
1.0 0.966929
1.0 0.97750163
1.0 0.9874534
1.0 0.98774743
1.0 0.98245114
1.0 0.9696098
1.0 0.98723364
1.0 0.99112284
1.0 0.9761588
1.0 0.98774743
1.0 0.97750163
1.0 0.9817878
1.0 0.977439
1.0 0.9795054
1.0 0.98683524
1.0 0.98723364
1.0 0.97641796
1.0 0.9809374
1.0 0.97858137
1.0 0.98897505
1.0 0.9817878
1.0 0.9774689
1.0 0.991392
1.0 0.97815895
1.0 0.97124666
1.0 0.9898694
1.0 0.9908626
1.0 0.99372345
1.0 0.97830665
1.0 0.98879695
1.0 0.990033
1.0 0.9908269
1.0 0.9913066
1.0 0.9761588
1.0 0.98773384
1.0 0.9890905
1.0 0.9853194
1.0 0.97539586
1.0 0.9904565
1.0 0.98944384
1.0 0.9903064
1.0 0.97858137
1.0 0.97807205
1.0 0.98560274
1.0 0.97952545
1.0 0.9925719
1.0 0.99230814
1.0 0.98876965
1.0 0.9761588
1.0 0.9653994
1.0 0.9891962
1.0 0.9904565
1.0 0.98475325
1.0 0.9683312
1.0 0.9865914
1.0 0.979318
1.0 0.98683524
1.0 0.9925719
1.0 0.99164224
1.0 0.99308175
1.0 0.99180084
1.0 0.99295676
1.0 0.98932844
1.0 0.9926307
1.0 0.986068
1.0 0.992361
1.0 0.991392
1.0 0.98879695
1.0 0.97949445
1.0 0.9917361
1.0 0.99365604
1.0 0.9868227
1.0 0.9865914
1.0 0.98688227
1.0 0.9800655
1.0 0.97539586
1.0 0.9771285
1.0 0.97807205
1.0 0.97653276
1.0 0.9868227
1.0 0.97653276
1.0 0.9770865
1.0 0.9927651
1.0 0.9891962
1.0 0.98995066
1.0 0.986883
1.0 0.9683312
1.0 0.99281573
1.0 0.97539586
1.0 0.9653994
1.0 0.9859752
1.0 0.9890905
1.0 0.97873574
1.0 0.97974044
1.0 0.97720283
1.0 0.9865914
1.0 0.9865914
1.0 0.98744255
1.0 0.99321026
1.0 0.9770865
1.0 0.9891962
1.0 0.9829963
1.0 0.9905523
1.0 0.99160814
1.0 0.9800733
1.0 0.98475325
1.0 0.97750163
1.0 0.97858137
1.0 0.9790571
1.0 0.98773384
1.0 0.9827946
1.0 0.99298006
1.0 0.97539586
1.0 0.99174094
1.0 0.992361
1.0 0.98723364
1.0 0.9770865
1.0 0.9926307
1.0 0.9770865
1.0 0.9800733
1.0 0.9914425
1.0 0.990033
1.0 0.979318
1.0 0.9931103
1.0 0.979218
1.0 0.986068
1.0 0.98688227
1.0 0.98995066
1.0 0.9827946
1.0 0.986883
1.0 0.9890905
1.0 0.9853194
1.0 0.9925719
1.0 0.98705614
1.0 0.9921332
1.0 0.97873574
1.0 0.99281573
1.0 0.97952545
1.0 0.97712153
1.0 0.9834688
1.0 0.9820941
1.0 0.9834688
1.0 0.969262
1.0 0.9904565
1.0 0.99174094
1.0 0.98560274
1.0 0.9800733
1.0 0.99308175
1.0 0.988052
1.0 0.98773384
1.0 0.98705614
1.0 0.97750163
1.0 0.98634934
1.0 0.9853194
1.0 0.99180084
1.0 0.97641796
1.0 0.98620725
1.0 0.9911851
1.0 0.9790571
1.0 0.98609746
1.0 0.97873574
1.0 0.98944384
1.0 0.99372345
1.0 0.99180084
1.0 0.9908626
1.0 0.99146795
1.0 0.98956245
1.0 0.96731323
1.0 0.98688227
1.0 0.98694396
1.0 0.98620725
1.0 0.9800733
1.0 0.99365604
1.0 0.99142015
1.0 0.9935899
1.0 0.9871597
1.0 0.99137866
1.0 0.99326223
1.0 0.9761404
1.0 0.9917572
1.0 0.977197
1.0 0.9770865
1.0 0.99258375
1.0 0.99372345
1.0 0.99321026
1.0 0.986068
1.0 0.9761404
1.0 0.9914425
1.0 0.9900619
1.0 0.98583627
1.0 0.9900619
1.0 0.9904565
1.0 0.9683312
1.0 0.97450477
1.0 0.97710663
1.0 0.98021233
1.0 0.9865914
1.0 0.9921332
1.0 0.99308175
1.0 0.98609746
1.0 0.97750163
1.0 0.9683312
1.0 0.97873574
1.0 0.979318
1.0 0.97797704
1.0 0.98694396
1.0 0.9774689
1.0 0.9864754
1.0 0.99164224
1.0 0.9820941
1.0 0.9914425
1.0 0.979218
1.0 0.97799647
1.0 0.97974044
1.0 0.9924609
1.0 0.9834688
1.0 0.9868227
1.0 0.9911851
1.0 0.9853194
1.0 0.99230814
1.0 0.97124666
1.0 0.990033
1.0 0.9786599
1.0 0.966929
1.0 0.9771099
1.0 0.9756817
1.0 0.98021233
1.0 0.9833651
1.0 0.9922347
