true vs pred:
0.0 0.16060166
1.0 0.99716467
0.0 0.00274554
0.0 0.32633752
1.0 0.9959538
1.0 0.9968182
0.0 0.0027975943
0.0 0.0026347071
1.0 0.99280906
1.0 0.925945
1.0 0.996644
0.0 0.0055258516
1.0 0.9972109
1.0 0.70243764
1.0 0.99732
0.0 0.0034256966
0.0 0.003249171
0.0 0.0030597202
1.0 0.99652857
0.0 0.0034316073
0.0 0.0034681382
1.0 0.99679935
0.0 0.0031923023
1.0 0.99686325
1.0 0.99747723
0.0 0.005831252
1.0 0.9934956
1.0 0.9974613
0.0 0.0064369314
0.0 0.009419928
1.0 0.99730825
1.0 0.99723995
0.0 0.11344257
1.0 0.9915814
1.0 0.91857463
1.0 0.99658066
0.0 0.0070954175
0.0 0.21271558
0.0 0.007824991
1.0 0.99719006
1.0 0.9962812
0.0 0.003986649
0.0 0.0035049787
1.0 0.04717935
1.0 0.9970505
0.0 0.0033480215
1.0 0.9973213
1.0 0.9974981
1.0 0.99725074
1.0 0.9971308
1.0 0.9972223
0.0 0.0038686227
1.0 0.989782
0.0 0.004070205
1.0 0.99600667
0.0 0.0031204177
0.0 0.0033696843
1.0 0.99757546
0.0 0.0030992709
0.0 0.01027198
0.0 0.007953872
0.0 0.0030811646
1.0 0.9946268
1.0 0.9971685
0.0 0.0028497954
0.0 0.005543875
0.0 0.0033480215
1.0 0.99633646
0.0 0.0026671877
0.0 0.033863552
1.0 0.9956591
1.0 0.9913931
1.0 0.99554825
1.0 0.9968972
0.0 0.0034104916
0.0 0.007057113
1.0 0.9964283
1.0 0.99715173
1.0 0.99243414
0.0 0.0046103536
1.0 0.9974005
1.0 0.9906047
1.0 0.9970884
0.0 0.032041933
1.0 0.99658114
0.0 0.003960406
1.0 0.8110158
1.0 0.95731634
0.0 0.0030518756
1.0 0.9959092
0.0 0.0034256966
1.0 0.92160815
1.0 0.99647444
1.0 0.9973024
0.0 0.0066238497
1.0 0.99674845
0.0 0.018341642
1.0 0.9973016
1.0 0.97930604
0.0 0.0065412666
1.0 0.99678075
1.0 0.5000498
0.0 0.0035399087
1.0 0.9912004
0.0 0.0035048288
0.0 0.0065027047
1.0 0.9952301
1.0 0.97189933
1.0 0.9958028
1.0 0.9845503
1.0 0.9973072
0.0 0.03133618
1.0 0.9966989
1.0 0.996789
0.0 0.0064224773
1.0 0.7240521
1.0 0.99725795
1.0 0.9973091
0.0 0.0045388737
1.0 0.99753976
0.0 0.003250702
1.0 0.9806426
1.0 0.99703825
1.0 0.99687344
1.0 0.997092
0.0 0.0067994413
0.0 0.0065684393
1.0 0.9957982
1.0 0.9962394
0.0 0.006331498
0.0 0.0036072242
1.0 0.99714667
1.0 0.992671
0.0 0.11689798
0.0 0.0033016987
0.0 0.0076837162
1.0 0.98133665
0.0 0.005623579
1.0 0.99691004
0.0 0.0027581903
1.0 0.99593735
1.0 0.9964496
0.0 0.0659323
0.0 0.24384737
1.0 0.9946345
0.0 0.0049484745
0.0 0.003090456
1.0 0.9964127
1.0 0.9929792
0.0 0.0034217073
0.0 0.0030811646
1.0 0.9971246
0.0 0.0027326609
1.0 0.9969117
1.0 0.9964843
0.0 0.003250702
0.0 0.009975297
0.0 0.003087281
1.0 0.99664825
1.0 0.99706405
0.0 0.003268442
1.0 0.92823684
1.0 0.9954725
1.0 0.9967417
1.0 0.9973846
1.0 0.9941848
0.0 0.0036634787
1.0 0.9969073
0.0 0.0061025494
0.0 0.1844966
1.0 0.9937261
0.0 0.006698337
1.0 0.97633743
1.0 0.8110158
0.0 0.0031368244
1.0 0.9853269
0.0 0.0027359154
1.0 0.99644583
0.0 0.025573868
0.0 0.0036539896
1.0 0.9930814
0.0 0.0074258735
1.0 0.976275
1.0 0.9972024
0.0 0.012038968
1.0 0.9971264
1.0 0.9970734
0.0 0.0036018589
1.0 0.99517196
1.0 0.99746764
0.0 0.28172967
0.0 0.0027873802
0.0 0.020930514
1.0 0.99724615
0.0 0.003518276
1.0 0.9973762
1.0 0.9966564
1.0 0.9973592
0.0 0.005370945
0.0 0.094831005
1.0 0.9972596
0.0 0.0033453875
0.0 0.0034057184
1.0 0.9766228
0.0 0.21271558
0.0 0.054286648
0.0 0.011836992
1.0 0.996005
1.0 0.9934801
1.0 0.99715173
0.0 0.009994058
1.0 0.9961211
1.0 0.99730057
0.0 0.0040003657
1.0 0.99431026
1.0 0.9973705
1.0 0.9958383
1.0 0.9974353
0.0 0.19045381
1.0 0.995732
1.0 0.74059117
0.0 0.03228084
1.0 0.81023693
0.0 0.0036018589
0.0 0.9911307
1.0 0.9966667
1.0 0.9201628
1.0 0.99330103
1.0 0.9968053
0.0 0.0040097316
