true vs pred:
1.0 0.99623233
1.0 0.99518013
0.0 0.0041700425
1.0 0.83867896
1.0 0.90430784
1.0 0.99536824
0.0 0.009900537
0.0 0.009199629
1.0 0.9969193
1.0 0.06487063
1.0 0.9894879
1.0 0.98091745
0.0 0.19170466
1.0 0.97469133
1.0 0.9955514
0.0 0.029886218
0.0 0.0051485426
0.0 0.0077958647
1.0 0.9933002
0.0 0.0066021197
0.0 0.010729593
1.0 0.851427
1.0 0.97588867
1.0 0.99530494
1.0 0.9956727
0.0 0.46336356
0.0 0.004759555
1.0 0.9907686
1.0 0.9961655
1.0 0.95634633
1.0 0.9487303
1.0 0.9960998
1.0 0.98914415
1.0 0.99300355
1.0 0.99539953
1.0 0.99092823
0.0 0.17801529
1.0 0.9963607
0.0 0.38950497
0.0 0.2085391
1.0 0.99686193
0.0 0.09592613
1.0 0.41835323
1.0 0.9921634
1.0 0.99661595
0.0 0.0069225337
1.0 0.99492353
0.0 0.015265593
1.0 0.99585944
0.0 0.100163154
0.0 0.005761093
1.0 0.99042296
1.0 0.9955878
0.0 0.01710526
1.0 0.96429205
0.0 0.44932824
0.0 0.004232098
1.0 0.96974117
1.0 0.87761056
1.0 0.92273927
0.0 0.31865647
1.0 0.9948572
1.0 0.99539953
1.0 0.99321437
1.0 0.9939843
1.0 0.97632504
0.0 0.07160918
1.0 0.99585176
1.0 0.99328506
1.0 0.9487303
1.0 0.99639696
0.0 0.008909523
1.0 0.93254524
1.0 0.99652666
1.0 0.99394786
1.0 0.9949351
1.0 0.9879538
0.0 0.013123704
1.0 0.9919389
1.0 0.98573875
1.0 0.9713349
0.0 0.004128244
1.0 0.9957241
1.0 0.9899582
1.0 0.9951208
0.0 0.008619043
0.0 0.039099086
0.0 0.124432854
0.0 0.005186573
1.0 0.9942683
0.0 0.004264574
1.0 0.9939182
1.0 0.9942603
0.0 0.021618329
1.0 0.99610496
1.0 0.86961097
0.0 0.0061262907
0.0 0.40912193
1.0 0.9897371
1.0 0.9519555
0.0 0.0036522544
0.0 0.19452547
1.0 0.99496716
0.0 0.0061185923
1.0 0.993383
1.0 0.99645174
0.0 0.009323006
0.0 0.0056125238
0.0 0.0055647166
1.0 0.99220896
1.0 0.99635893
0.0 0.0038427229
1.0 0.9950465
1.0 0.9956654
1.0 0.99508226
1.0 0.9961075
1.0 0.9616304
1.0 0.7096278
1.0 0.99554056
1.0 0.9886058
1.0 0.99576914
1.0 0.98347306
0.0 0.004284071
1.0 0.99119085
1.0 0.9963258
0.0 0.3454061
1.0 0.5991274
0.0 0.0036364864
0.0 0.9336316
1.0 0.93792886
1.0 0.67969066
1.0 0.9884744
0.0 0.04865508
1.0 0.8895228
1.0 0.99592835
1.0 0.9901301
1.0 0.9954277
1.0 0.995539
0.0 0.025873672
1.0 0.9828083
1.0 0.9962488
1.0 0.99304515
0.0 0.026872974
0.0 0.015470116
1.0 0.99498016
0.0 0.007075431
1.0 0.99545765
1.0 0.9826194
1.0 0.995965
0.0 0.108802415
1.0 0.99330807
1.0 0.9970086
0.0 0.00452252
0.0 0.007828416
0.0 0.36494845
1.0 0.9929604
0.0 0.017895276
1.0 0.99274504
1.0 0.9921191
1.0 0.9961952
1.0 0.9959953
0.0 0.0056125238
1.0 0.98035985
1.0 0.9960276
0.0 0.03028004
1.0 0.9752041
1.0 0.9951761
1.0 0.99495536
1.0 0.99635786
1.0 0.9959424
1.0 0.9907774
1.0 0.99645776
1.0 0.9586788
1.0 0.9943006
0.0 0.027909292
0.0 0.43688846
1.0 0.99251306
1.0 0.99488515
1.0 0.9763165
1.0 0.9938923
0.0 0.006892859
0.0 0.0044876966
1.0 0.9537299
1.0 0.9967359
1.0 0.97379726
1.0 0.9938793
1.0 0.9947184
1.0 0.48672736
1.0 0.99217963
0.0 0.011463997
1.0 0.9879538
1.0 0.9927428
0.0 0.006011668
1.0 0.9513957
0.0 0.83805484
1.0 0.71108073
1.0 0.9491787
0.0 0.032871008
1.0 0.9939767
1.0 0.99466574
0.0 0.03472106
0.0 0.011321341
1.0 0.99662787
0.0 0.0063101356
1.0 0.99344736
1.0 0.41495627
1.0 0.39488778
1.0 0.9954299
1.0 0.8507445
1.0 0.97558314
1.0 0.996615
1.0 0.92266953
1.0 0.9725115
0.0 0.87908876
1.0 0.99660456
1.0 0.9961851
1.0 0.9950428
1.0 0.98447394
1.0 0.996447
0.0 0.022564108
1.0 0.74963665
1.0 0.99621105
1.0 0.95863616
0.0 0.043057926
0.0 0.016930794
1.0 0.9902468
1.0 0.96546394
1.0 0.9956261
0.0 0.0055033984
1.0 0.9903115
