true vs pred:
0.0 0.014489
1.0 0.994507
0.0 0.70818835
0.0 0.027521305
1.0 0.9744992
1.0 0.93849343
1.0 0.89040107
0.0 0.017739333
1.0 0.983515
0.0 0.009085171
1.0 0.9833197
0.0 0.006898818
1.0 0.98601866
0.0 0.013319268
1.0 0.9911713
0.0 0.0070390655
1.0 0.9941679
0.0 0.009907657
0.0 0.016217755
0.0 0.012386099
0.0 0.013949
0.0 0.026217785
0.0 0.02286436
0.0 0.7596924
1.0 0.98842746
1.0 0.9895168
1.0 0.993747
1.0 0.9888325
0.0 0.008970253
1.0 0.9935948
1.0 0.9705833
1.0 0.985415
1.0 0.95846057
1.0 0.8973595
0.0 0.09605118
0.0 0.027923247
1.0 0.99238634
1.0 0.9934417
1.0 0.6158174
1.0 0.97182536
1.0 0.993764
1.0 0.99416554
1.0 0.57153654
0.0 0.007828008
0.0 0.0068712444
1.0 0.8692912
0.0 0.007491132
1.0 0.99332035
1.0 0.98554623
0.0 0.013076581
1.0 0.84834987
1.0 0.9937994
0.0 0.007926238
1.0 0.9831812
1.0 0.99498016
0.0 0.01591907
1.0 0.99284124
1.0 0.9896842
0.0 0.009754736
1.0 0.982251
1.0 0.96444726
1.0 0.9912039
0.0 0.9330509
0.0 0.00892806
1.0 0.98190445
1.0 0.9911122
1.0 0.99049133
1.0 0.95975035
1.0 0.99347585
0.0 0.24473867
1.0 0.9936978
0.0 0.012131159
0.0 0.012779289
0.0 0.01550345
1.0 0.9828773
0.0 0.031211598
1.0 0.993721
1.0 0.9393518
0.0 0.07083991
1.0 0.9925534
1.0 0.9804639
1.0 0.99151796
1.0 0.99206525
1.0 0.9937192
0.0 0.015326928
1.0 0.9899787
0.0 0.060768787
1.0 0.9827168
1.0 0.981862
1.0 0.7452915
0.0 0.024508787
0.0 0.24868822
1.0 0.98999447
0.0 0.006389069
0.0 0.010015798
1.0 0.9927867
1.0 0.99366176
1.0 0.95776373
1.0 0.98278046
1.0 0.9933268
0.0 0.009752531
0.0 0.04527581
1.0 0.9858867
1.0 0.992273
0.0 0.007502791
0.0 0.007750343
0.0 0.9468442
0.0 0.32641065
1.0 0.9943105
0.0 0.01488859
1.0 0.9943257
1.0 0.16447677
1.0 0.99393964
0.0 0.040743858
0.0 0.027061202
0.0 0.006389256
1.0 0.99054784
0.0 0.036178555
0.0 0.0078679025
1.0 0.992841
0.0 0.047273085
1.0 0.9937403
1.0 0.99504507
0.0 0.0101580825
1.0 0.9444648
1.0 0.99493176
0.0 0.0101299295
1.0 0.8724102
1.0 0.9938885
1.0 0.9945044
1.0 0.9819548
1.0 0.9624093
1.0 0.3824468
1.0 0.99109554
1.0 0.9149109
1.0 0.9501494
0.0 0.13178532
1.0 0.993036
1.0 0.98969215
0.0 0.08493919
0.0 0.014930751
1.0 0.9702932
1.0 0.992669
0.0 0.011815046
1.0 0.99379927
1.0 0.99462897
1.0 0.9934529
1.0 0.99376655
1.0 0.9941989
0.0 0.008778826
1.0 0.8835447
0.0 0.19526435
1.0 0.9925447
0.0 0.009446949
0.0 0.018392986
1.0 0.9949333
0.0 0.038195025
1.0 0.83410233
1.0 0.8724102
0.0 0.081600584
1.0 0.9823742
1.0 0.99314404
0.0 0.016217755
0.0 0.009745828
0.0 0.011509065
1.0 0.98988605
0.0 0.009392546
0.0 0.03183505
1.0 0.98138076
1.0 0.95839095
1.0 0.9908221
1.0 0.99293846
0.0 0.051012505
0.0 0.013335501
1.0 0.9888721
1.0 0.9942708
1.0 0.97744966
0.0 0.5252389
1.0 0.9940387
1.0 0.97927696
1.0 0.99281055
1.0 0.9789089
1.0 0.9909533
0.0 0.065477856
1.0 0.99186933
1.0 0.2159148
0.0 0.08618154
1.0 0.9945478
0.0 0.03774831
1.0 0.17432866
1.0 0.9903881
1.0 0.9944946
0.0 0.013276073
1.0 0.9928848
0.0 0.02286436
1.0 0.99403304
0.0 0.8247478
0.0 0.010121401
1.0 0.9911724
1.0 0.9873251
0.0 0.01508524
1.0 0.9714245
0.0 0.058558118
0.0 0.010356128
1.0 0.9853624
1.0 0.86092013
1.0 0.980438
0.0 0.81067115
1.0 0.9943376
1.0 0.9791445
1.0 0.9912475
1.0 0.9914619
1.0 0.7155749
0.0 0.12133086
1.0 0.9940601
1.0 0.9935761
0.0 0.49013823
1.0 0.994532
0.0 0.009446949
1.0 0.8850412
1.0 0.9941215
1.0 0.9929756
1.0 0.99342525
1.0 0.8914239
0.0 0.01677299
1.0 0.98056066
1.0 0.98766035
1.0 0.72453403
0.0 0.007778015
1.0 0.99392843
