true vs pred:
1.0 0.68098843
1.0 0.91037387
1.0 0.851179
0.0 0.6463478
0.0 0.5373421
1.0 0.8815737
1.0 0.9915222
1.0 0.9545674
1.0 0.8401579
1.0 0.9123822
1.0 0.9898336
1.0 0.617946
1.0 0.98325413
0.0 0.6354575
1.0 0.97299904
1.0 0.6748353
1.0 0.61855465
1.0 0.9860577
0.0 0.59911925
0.0 0.47221828
1.0 0.7769893
1.0 0.9893612
1.0 0.9081605
1.0 0.9833092
1.0 0.9856134
1.0 0.9786566
0.0 0.43084574
1.0 0.99180424
1.0 0.45207775
1.0 0.9834378
1.0 0.9138845
1.0 0.9898449
1.0 0.98877525
1.0 0.9442033
0.0 0.75574964
0.0 0.87111443
1.0 0.9837023
1.0 0.92621166
1.0 0.9786926
1.0 0.9207986
1.0 0.8939764
1.0 0.975931
1.0 0.9875558
1.0 0.9655727
1.0 0.95285904
1.0 0.990148
1.0 0.9805993
1.0 0.990148
1.0 0.99066216
0.0 0.48779923
1.0 0.9904661
1.0 0.9341902
0.0 0.45243576
1.0 0.9767741
1.0 0.97299904
1.0 0.9016215
1.0 0.76137275
1.0 0.97669584
1.0 0.8555242
1.0 0.9883646
1.0 0.9752064
1.0 0.35157496
1.0 0.9885075
1.0 0.95038444
0.0 0.82420254
1.0 0.94080913
1.0 0.9896533
1.0 0.6330155
1.0 0.47427252
1.0 0.95003396
1.0 0.97353786
1.0 0.9413915
1.0 0.9803602
1.0 0.84188604
0.0 0.5187104
1.0 0.8529818
0.0 0.6251155
1.0 0.990103
1.0 0.75856805
1.0 0.9842324
1.0 0.988724
1.0 0.77659595
1.0 0.7765579
1.0 0.99012125
1.0 0.90384454
1.0 0.8955912
1.0 0.97601897
1.0 0.8980901
0.0 0.39763892
1.0 0.7064838
1.0 0.9488799
1.0 0.9773096
1.0 0.9848401
0.0 0.47450185
1.0 0.96828485
1.0 0.26972678
0.0 0.21529488
1.0 0.832581
1.0 0.8201027
0.0 0.53168184
1.0 0.97214836
1.0 0.9735033
1.0 0.9735033
1.0 0.8239239
1.0 0.9911032
1.0 0.6681969
1.0 0.49954468
1.0 0.33582395
1.0 0.90381896
0.0 0.80895597
1.0 0.94080913
1.0 0.96183914
1.0 0.8197253
1.0 0.8514455
1.0 0.9905406
1.0 0.992281
1.0 0.9904512
1.0 0.7981071
1.0 0.9677541
1.0 0.9622229
1.0 0.9909807
1.0 0.9867453
1.0 0.92673165
0.0 0.2655983
1.0 0.90734285
0.0 0.72924626
1.0 0.9777019
1.0 0.12880054
1.0 0.99088556
1.0 0.9429667
1.0 0.97614187
1.0 0.67976475
1.0 0.74646455
1.0 0.92396563
1.0 0.97386837
1.0 0.99252
1.0 0.95681417
1.0 0.6595703
1.0 0.9914512
0.0 0.8955948
1.0 0.95097864
0.0 0.2632611
1.0 0.84173447
1.0 0.8898216
1.0 0.99054784
1.0 0.99168503
1.0 0.75064915
1.0 0.99047464
1.0 0.91966337
1.0 0.9837997
1.0 0.9890838
1.0 0.9886756
1.0 0.97894233
1.0 0.98994875
1.0 0.95285904
1.0 0.9910706
1.0 0.975204
1.0 0.6598334
1.0 0.81368506
1.0 0.9900837
1.0 0.92709833
1.0 0.730433
1.0 0.90409964
1.0 0.9905814
1.0 0.76406795
1.0 0.99089277
0.0 0.66528594
1.0 0.9915475
1.0 0.985941
1.0 0.87878174
1.0 0.7525489
1.0 0.9812097
1.0 0.9920364
1.0 0.9825278
1.0 0.80613834
1.0 0.98630685
1.0 0.9902081
1.0 0.98901296
1.0 0.98975974
1.0 0.9872185
1.0 0.66382885
1.0 0.90137464
1.0 0.9905748
1.0 0.9896696
1.0 0.97614187
1.0 0.6096609
1.0 0.9840769
1.0 0.8436607
1.0 0.990148
1.0 0.99214137
1.0 0.9892944
1.0 0.89815444
1.0 0.99170613
1.0 0.99014646
1.0 0.9844983
0.0 0.48176143
1.0 0.9896528
0.0 0.9663106
1.0 0.99168503
1.0 0.99090064
0.0 0.722494
1.0 0.68317175
0.0 0.57416403
1.0 0.9743559
1.0 0.7000007
1.0 0.97705793
0.0 0.1676748
1.0 0.96625507
1.0 0.98913515
1.0 0.97756976
1.0 0.7784661
1.0 0.98566264
1.0 0.82445914
1.0 0.97574735
1.0 0.9915454
1.0 0.97515476
1.0 0.9413915
1.0 0.9908847
1.0 0.9711468
1.0 0.9878269
1.0 0.9075268
1.0 0.8816995
0.0 0.40170488
1.0 0.79551584
1.0 0.9669261
1.0 0.957747
1.0 0.9893612
1.0 0.9867801
1.0 0.9904675
1.0 0.8707559
