true vs pred:
1.0 0.93975157
1.0 0.9990195
1.0 0.998771
1.0 0.99894315
1.0 0.9990326
0.0 0.42950505
1.0 0.9990447
1.0 0.9989084
1.0 0.9990308
0.0 0.26961353
1.0 0.9952691
1.0 0.9988986
1.0 0.997422
1.0 0.9882655
1.0 0.99864095
1.0 0.9986078
0.0 0.09545557
1.0 0.99851376
1.0 0.88778806
1.0 0.9989796
1.0 0.9989691
1.0 0.99437475
1.0 0.9990075
1.0 0.9957411
1.0 0.9983358
0.0 0.0043826634
0.0 0.012463591
0.0 0.12421046
1.0 0.92241096
1.0 0.99901855
1.0 0.9984681
1.0 0.99698764
1.0 0.9989795
0.0 0.42049593
1.0 0.98719275
1.0 0.99825925
1.0 0.99902785
1.0 0.8029671
1.0 0.99904495
1.0 0.9629091
1.0 0.9417244
1.0 0.99192965
0.0 0.019957064
1.0 0.99904555
1.0 0.9988726
1.0 0.9976446
1.0 0.99833125
1.0 0.9989795
1.0 0.9989291
1.0 0.99744534
1.0 0.94502413
1.0 0.9987796
1.0 0.9990477
1.0 0.99898165
0.0 0.35798565
1.0 0.99880826
1.0 0.90246665
1.0 0.9990711
1.0 0.9988996
1.0 0.994831
1.0 0.99823064
1.0 0.99905807
0.0 0.012589211
1.0 0.9989178
1.0 0.99906355
1.0 0.998309
1.0 0.99861574
1.0 0.9963676
1.0 0.9990451
1.0 0.97720873
1.0 0.99908864
1.0 0.99776113
1.0 0.99889237
1.0 0.99905354
1.0 0.99895895
1.0 0.99907076
1.0 0.9959124
1.0 0.9978023
1.0 0.9988832
1.0 0.9989906
1.0 0.9989127
1.0 0.9777721
1.0 0.99813604
1.0 0.9989035
1.0 0.9990305
1.0 0.9984101
1.0 0.9990489
1.0 0.99906605
0.0 0.0024416079
1.0 0.9975356
1.0 0.9906533
1.0 0.99903584
1.0 0.999067
0.0 0.025867276
1.0 0.9990439
0.0 0.37102374
1.0 0.9990158
1.0 0.99903417
1.0 0.99794406
1.0 0.9989801
0.0 0.0061389767
1.0 0.9978976
1.0 0.99905676
0.0 0.21917035
1.0 0.9232828
1.0 0.9982829
1.0 0.9896074
0.0 0.013036303
1.0 0.9990376
1.0 0.9990656
1.0 0.9987619
0.0 0.5439296
1.0 0.999067
1.0 0.99016494
1.0 0.9986619
1.0 0.998628
1.0 0.9990269
1.0 0.99907184
1.0 0.9044961
1.0 0.9989801
1.0 0.9990853
0.0 0.004979141
1.0 0.9990415
1.0 0.99823064
1.0 0.99904233
1.0 0.99803203
1.0 0.9989968
1.0 0.9760577
1.0 0.99895895
1.0 0.9970536
1.0 0.992673
1.0 0.99907327
1.0 0.9988128
1.0 0.99839586
1.0 0.99875987
1.0 0.9984831
1.0 0.99906474
1.0 0.9986545
1.0 0.9990552
1.0 0.9990158
1.0 0.99906
1.0 0.9982829
1.0 0.9880029
1.0 0.9529783
1.0 0.9990019
1.0 0.99218917
1.0 0.9964244
1.0 0.99891424
1.0 0.9988494
0.0 0.020651003
1.0 0.9988238
0.0 0.06333663
1.0 0.99646854
1.0 0.9924805
0.0 0.038990524
1.0 0.8797105
0.0 0.48729455
1.0 0.9990477
1.0 0.99880874
1.0 0.9989844
0.0 0.022756094
0.0 0.08050547
0.0 0.014568217
1.0 0.9985033
1.0 0.99854976
1.0 0.9987675
1.0 0.9985782
1.0 0.9990753
1.0 0.99907076
1.0 0.9989895
1.0 0.99899906
1.0 0.9987212
1.0 0.98983204
1.0 0.9990422
1.0 0.9989052
1.0 0.99907637
1.0 0.9977584
1.0 0.9990023
0.0 0.003971572
1.0 0.9955635
1.0 0.6171274
1.0 0.99789953
1.0 0.9982869
1.0 0.9987777
0.0 0.016208071
1.0 0.99270827
1.0 0.8874055
1.0 0.99907625
1.0 0.99851865
1.0 0.99908006
0.0 0.0758058
1.0 0.5655217
1.0 0.99907637
0.0 0.002268985
1.0 0.9989761
1.0 0.99906904
1.0 0.99907875
1.0 0.9979961
1.0 0.99903166
1.0 0.9977143
1.0 0.9988814
1.0 0.9987796
1.0 0.99899656
0.0 0.010475044
1.0 0.9989453
1.0 0.999086
1.0 0.99906117
1.0 0.9971872
1.0 0.9990607
1.0 0.999073
1.0 0.9990761
1.0 0.99904877
1.0 0.98423195
1.0 0.1717063
0.0 0.39375553
1.0 0.99851376
0.0 0.0025576048
1.0 0.99902165
1.0 0.99262804
1.0 0.9990207
1.0 0.9988663
1.0 0.99905425
1.0 0.99845123
1.0 0.99907565
1.0 0.99904925
1.0 0.99490285
1.0 0.9987495
1.0 0.998285
1.0 0.99907637
0.0 0.01413514
