true vs pred:
1.0 0.9950294
0.0 0.005973129
1.0 0.99494064
1.0 0.994833
0.0 0.0062379777
0.0 0.007406319
0.0 0.0068937857
1.0 0.9926543
1.0 0.9954934
0.0 0.0046146945
1.0 0.98925203
1.0 0.99459356
1.0 0.993457
1.0 0.99589324
1.0 0.9865774
0.0 0.04172017
1.0 0.9944372
0.0 0.44646397
1.0 0.97372514
1.0 0.98330355
0.0 0.007003006
1.0 0.95895505
1.0 0.99020886
0.0 0.026970917
1.0 0.8930341
0.0 0.0044688853
1.0 0.9869083
0.0 0.25146118
0.0 0.040266138
1.0 0.9770074
0.0 0.01591621
1.0 0.97096217
1.0 0.99552923
1.0 0.48074466
1.0 0.99497163
1.0 0.9954106
0.0 0.010520004
1.0 0.9900041
1.0 0.9960639
1.0 0.9175784
0.0 0.0071155643
0.0 0.017984258
1.0 0.9950991
0.0 0.007712408
1.0 0.9959288
1.0 0.993389
1.0 0.99583685
0.0 0.02956913
1.0 0.8306265
1.0 0.99607253
0.0 0.006180908
0.0 0.0064914427
1.0 0.83411574
1.0 0.9182443
0.0 0.029534334
1.0 0.77296865
1.0 0.99112916
1.0 0.9925567
1.0 0.99549615
0.0 0.007714426
1.0 0.9909903
1.0 0.9959759
0.0 0.020826362
1.0 0.98325837
1.0 0.9957059
1.0 0.9946181
1.0 0.99596345
1.0 0.97161174
1.0 0.9927806
1.0 0.99118114
0.0 0.25146118
1.0 0.9698639
0.0 0.010520004
0.0 0.9409928
1.0 0.993893
1.0 0.98887116
1.0 0.9746259
1.0 0.9945582
0.0 0.010002869
0.0 0.0065472526
1.0 0.9884431
1.0 0.99605274
1.0 0.9906544
1.0 0.9862053
1.0 0.99413127
1.0 0.92007124
1.0 0.97548974
0.0 0.080678724
0.0 0.42761844
1.0 0.9941742
0.0 0.007714426
1.0 0.97919923
0.0 0.9587631
1.0 0.9193016
1.0 0.9715926
0.0 0.010520004
1.0 0.995048
1.0 0.9947373
0.0 0.020826362
0.0 0.007198261
1.0 0.99516416
0.0 0.0074055474
1.0 0.9944418
1.0 0.7556522
0.0 0.041972227
1.0 0.99408203
0.0 0.056903597
1.0 0.9892012
1.0 0.9949904
1.0 0.97965986
1.0 0.98330843
0.0 0.97043365
1.0 0.99570787
1.0 0.99585503
1.0 0.99417084
1.0 0.985407
1.0 0.9955597
0.0 0.19683525
0.0 0.019591648
1.0 0.9951309
0.0 0.29046124
0.0 0.15451115
0.0 0.29219475
0.0 0.084412456
1.0 0.99148625
1.0 0.98879737
0.0 0.006723521
0.0 0.24612094
1.0 0.9860502
0.0 0.0046434435
1.0 0.99547774
0.0 0.01900532
1.0 0.9801635
1.0 0.9659805
1.0 0.99539065
0.0 0.0063300314
0.0 0.005785768
0.0 0.0062667155
1.0 0.99553865
0.0 0.050531186
1.0 0.89502895
1.0 0.46403328
1.0 0.4312028
1.0 0.99486357
0.0 0.03990446
1.0 0.8434253
0.0 0.009317128
1.0 0.9937111
1.0 0.9076437
1.0 0.93285996
0.0 0.0076461537
1.0 0.99023366
1.0 0.9877864
1.0 0.9599363
1.0 0.5819925
1.0 0.42828843
1.0 0.9948007
0.0 0.005798699
1.0 0.99388474
0.0 0.012600287
1.0 0.81089175
1.0 0.99489814
0.0 0.010414554
1.0 0.9951355
0.0 0.012040522
1.0 0.9894421
0.0 0.009381292
1.0 0.98345953
0.0 0.008758597
0.0 0.45664605
1.0 0.91353965
1.0 0.96753556
1.0 0.9809201
1.0 0.9952923
1.0 0.9951923
1.0 0.99469274
1.0 0.9946814
0.0 0.0062667155
0.0 0.055677947
1.0 0.9633446
1.0 0.99575716
1.0 0.99377406
0.0 0.012491817
0.0 0.006989659
0.0 0.0052324263
0.0 0.2913391
1.0 0.9645349
1.0 0.9580329
1.0 0.9937226
1.0 0.9915946
1.0 0.9958989
0.0 0.17654859
1.0 0.99548537
1.0 0.61307245
0.0 0.65001535
1.0 0.9878449
1.0 0.9954075
1.0 0.9945897
1.0 0.9961184
1.0 0.9920744
1.0 0.9952304
0.0 0.009739134
0.0 0.012600287
0.0 0.027356599
1.0 0.9930855
1.0 0.99584156
0.0 0.010210644
1.0 0.9955171
1.0 0.98925203
1.0 0.97897285
0.0 0.007702751
1.0 0.99616855
1.0 0.99576217
0.0 0.048229236
1.0 0.6948173
1.0 0.9835486
1.0 0.68862003
1.0 0.94177634
1.0 0.9961299
0.0 0.0052324263
0.0 0.004606882
0.0 0.0045527285
1.0 0.79906225
1.0 0.54243714
1.0 0.9955512
0.0 0.0053826934
0.0 0.0047978596
0.0 0.55869985
0.0 0.012859201
1.0 0.9953322
