true vs pred:
0.0 0.5027372
1.0 0.99560165
1.0 0.9915906
0.0 0.5145456
0.0 0.0106100645
0.0 0.0871029
1.0 0.9906026
1.0 0.94453126
0.0 0.0074952524
1.0 0.99252045
1.0 0.36804438
1.0 0.99623007
0.0 0.02673379
1.0 0.9959818
0.0 0.011202967
1.0 0.9102402
0.0 0.01527815
1.0 0.99533147
1.0 0.80556405
1.0 0.9779546
0.0 0.0058151446
0.0 0.07965143
0.0 0.0072641503
0.0 0.071305476
1.0 0.99280834
0.0 0.022558196
1.0 0.99015325
1.0 0.94398654
1.0 0.99085134
1.0 0.9889206
0.0 0.042618826
1.0 0.99531835
1.0 0.94732326
1.0 0.82739645
1.0 0.9829285
1.0 0.9954982
1.0 0.99273384
0.0 0.008057542
1.0 0.9897277
0.0 0.51159745
1.0 0.9836858
0.0 0.0060242643
0.0 0.06840106
1.0 0.9956642
0.0 0.048915636
0.0 0.0063011246
0.0 0.008885688
0.0 0.70320696
1.0 0.9902457
1.0 0.98908013
0.0 0.05498663
1.0 0.9958255
0.0 0.039877728
0.0 0.03580519
1.0 0.96163034
1.0 0.9939481
1.0 0.97972864
0.0 0.23440242
1.0 0.9788352
1.0 0.9949162
1.0 0.9612171
0.0 0.01527815
0.0 0.0070247054
1.0 0.9356992
1.0 0.9696624
1.0 0.9950105
1.0 0.99592113
1.0 0.9959151
1.0 0.9570538
1.0 0.99569476
1.0 0.99530065
1.0 0.99329245
1.0 0.9890259
1.0 0.995618
0.0 0.020420544
1.0 0.9677477
1.0 0.9907135
0.0 0.00993846
0.0 0.3742371
1.0 0.99609804
1.0 0.99482167
0.0 0.013090249
0.0 0.22534668
1.0 0.70889676
1.0 0.9606757
0.0 0.024255455
1.0 0.99577063
0.0 0.03339761
1.0 0.91992736
1.0 0.97954434
1.0 0.96224475
1.0 0.9929087
0.0 0.29662958
1.0 0.94162315
1.0 0.98539436
1.0 0.9922391
1.0 0.994753
1.0 0.92037046
1.0 0.9954129
1.0 0.99408215
1.0 0.99468744
1.0 0.97502816
0.0 0.32668093
0.0 0.008173251
1.0 0.36970735
0.0 0.007430345
1.0 0.99310243
0.0 0.019270523
1.0 0.99005884
1.0 0.98568755
1.0 0.9957171
1.0 0.9933286
1.0 0.9504404
1.0 0.9907398
1.0 0.9959776
1.0 0.97836226
1.0 0.9939481
0.0 0.9318225
1.0 0.9945009
0.0 0.030617299
1.0 0.9936172
1.0 0.9909155
1.0 0.9953792
1.0 0.99300236
1.0 0.28464618
1.0 0.98942554
0.0 0.6349438
1.0 0.9957171
0.0 0.3827717
1.0 0.9847407
1.0 0.059432365
1.0 0.9883712
1.0 0.9841398
1.0 0.9875151
1.0 0.99523157
0.0 0.01418909
0.0 0.01640848
1.0 0.9943719
1.0 0.9862635
1.0 0.9949208
1.0 0.99587905
0.0 0.035806525
1.0 0.96874845
1.0 0.9954507
1.0 0.99454015
0.0 0.06308223
0.0 0.011128539
1.0 0.3799584
1.0 0.99604636
1.0 0.99489814
1.0 0.9865737
1.0 0.9658916
1.0 0.9186127
0.0 0.32750037
0.0 0.07965143
1.0 0.964518
0.0 0.016928786
0.0 0.34972516
0.0 0.0060131242
1.0 0.995893
0.0 0.08831822
1.0 0.9705771
0.0 0.027018866
1.0 0.9900621
0.0 0.025309404
1.0 0.98178226
0.0 0.022916619
0.0 0.0069386316
1.0 0.98658353
0.0 0.055455998
1.0 0.993852
1.0 0.98864657
1.0 0.9823629
1.0 0.9931617
1.0 0.9792716
0.0 0.007872393
1.0 0.9958054
1.0 0.9956827
1.0 0.9955042
1.0 0.9950105
1.0 0.9832444
1.0 0.9921256
1.0 0.96646523
1.0 0.99215525
1.0 0.99421835
1.0 0.995426
1.0 0.96624005
1.0 0.9917675
1.0 0.9914711
0.0 0.24601196
0.0 0.009118155
0.0 0.006126383
1.0 0.9947976
0.0 0.033281356
1.0 0.9940544
1.0 0.9947813
1.0 0.97567266
1.0 0.7942586
1.0 0.9892184
0.0 0.005094032
1.0 0.9491231
1.0 0.9951637
0.0 0.018465428
1.0 0.9915422
1.0 0.9959959
0.0 0.032963697
1.0 0.9792753
1.0 0.9953538
1.0 0.9933843
0.0 0.059568223
1.0 0.059432365
1.0 0.96477324
1.0 0.99545974
1.0 0.88976383
1.0 0.9953241
1.0 0.9916044
1.0 0.9929975
1.0 0.99000216
0.0 0.06308223
1.0 0.8109618
0.0 0.6349438
1.0 0.9955966
0.0 0.02160181
1.0 0.9948053
0.0 0.66612136
1.0 0.97556055
1.0 0.9865258
1.0 0.9285804
1.0 0.8635212
1.0 0.9943573
