true vs pred:
1.0 0.9909657
0.0 0.010280555
1.0 0.9914472
1.0 0.6573603
0.0 0.8809537
1.0 0.9959403
1.0 0.9941169
0.0 0.6748138
0.0 0.005792569
0.0 0.012389035
1.0 0.9940408
1.0 0.97854793
0.0 0.0054945275
1.0 0.99527717
0.0 0.031039966
1.0 0.9967006
0.0 0.036652125
1.0 0.99622846
0.0 0.007074657
1.0 0.97139883
0.0 0.010431384
1.0 0.9930118
1.0 0.8936483
1.0 0.99375445
0.0 0.0040661097
0.0 0.023117011
0.0 0.0060078884
0.0 0.012580321
1.0 0.9955446
1.0 0.020858211
1.0 0.99466383
1.0 0.9872311
1.0 0.7053244
1.0 0.993895
0.0 0.019360827
1.0 0.9947207
1.0 0.9194054
1.0 0.95110035
0.0 0.96204567
1.0 0.99618727
1.0 0.99485
0.0 0.00534536
1.0 0.99460584
0.0 0.920805
1.0 0.99184227
0.0 0.0045639644
0.0 0.01118807
1.0 0.99566585
0.0 0.1693015
0.0 0.004947775
0.0 0.008541379
0.0 0.9586444
1.0 0.99288017
1.0 0.9922655
0.0 0.20152405
1.0 0.9961351
0.0 0.0075952373
0.0 0.008836056
1.0 0.9848298
1.0 0.9797062
1.0 0.99352247
0.0 0.40486452
1.0 0.9942457
1.0 0.99609214
1.0 0.9890043
0.0 0.014542958
0.0 0.0048664333
1.0 0.95802635
1.0 0.9804519
1.0 0.9946069
1.0 0.992822
1.0 0.9953446
1.0 0.9885794
1.0 0.99623895
1.0 0.9961158
1.0 0.9544707
0.0 0.8545838
1.0 0.9963419
0.0 0.03575056
1.0 0.98371303
1.0 0.994739
0.0 0.0059322473
0.0 0.9348791
1.0 0.9959985
1.0 0.99608564
0.0 0.0059356196
0.0 0.53369844
1.0 0.90350455
1.0 0.97646505
0.0 0.008581424
1.0 0.99341595
0.0 0.032829
1.0 0.97309077
0.0 0.039312955
1.0 0.97698325
1.0 0.9950113
1.0 0.67883277
1.0 0.9632574
1.0 0.99044
1.0 0.9415536
1.0 0.98168784
1.0 0.9744305
1.0 0.9949721
1.0 0.99496067
1.0 0.9956762
1.0 0.34412122
0.0 0.010468601
0.0 0.0045075393
0.0 0.019303435
0.0 0.0057633054
1.0 0.9544707
0.0 0.008894566
1.0 0.99513865
1.0 0.9905573
1.0 0.9950612
1.0 0.99549884
1.0 0.9847371
1.0 0.99265325
1.0 0.99549675
1.0 0.9898864
1.0 0.981296
1.0 0.98184377
1.0 0.99212354
0.0 0.0048371693
1.0 0.9951233
1.0 0.995271
1.0 0.9959413
1.0 0.5584571
0.0 0.01209009
1.0 0.99459654
0.0 0.014761817
1.0 0.994753
0.0 0.010468601
0.0 0.9602207
0.0 0.009705644
1.0 0.99492717
1.0 0.9876315
1.0 0.66550034
1.0 0.99511623
0.0 0.0057942085
0.0 0.018172758
1.0 0.9954787
1.0 0.9923132
1.0 0.99134433
1.0 0.99167097
0.0 0.0068487455
1.0 0.96326274
1.0 0.99411196
1.0 0.9877389
0.0 0.009043407
0.0 0.0142644225
0.0 0.016760508
1.0 0.996617
1.0 0.98168784
1.0 0.7891544
1.0 0.98293996
1.0 0.93038934
1.0 0.80559707
0.0 0.02805809
1.0 0.98024666
0.0 0.005871898
1.0 0.8723053
0.0 0.0040394166
1.0 0.99601495
0.0 0.010890722
1.0 0.9861011
0.0 0.0051009366
1.0 0.9948532
0.0 0.0072725997
0.0 0.059920546
0.0 0.008581424
0.0 0.0060126856
1.0 0.7891544
0.0 0.019855052
1.0 0.9909422
1.0 0.99275994
1.0 0.9884715
1.0 0.99550986
1.0 0.99248135
0.0 0.0051004817
1.0 0.9963063
1.0 0.99523866
1.0 0.9958461
1.0 0.9946412
1.0 0.98333955
1.0 0.9730195
1.0 0.15422148
1.0 0.994793
1.0 0.9957491
1.0 0.99338514
1.0 0.97687215
1.0 0.9950512
1.0 0.9953957
1.0 0.1230966
0.0 0.0054298756
0.0 0.0040394166
1.0 0.99306375
0.0 0.006617982
1.0 0.9957105
1.0 0.99508816
0.0 0.036709577
1.0 0.8339892
1.0 0.9946437
0.0 0.0041738977
1.0 0.9837658
1.0 0.9962351
0.0 0.010431384
1.0 0.9943131
1.0 0.9960555
0.0 0.009747863
1.0 0.9882371
1.0 0.99409145
1.0 0.99469936
0.0 0.27120224
0.0 0.009705644
1.0 0.9862336
1.0 0.99597
1.0 0.9794038
1.0 0.99454886
1.0 0.9949124
1.0 0.9544707
1.0 0.9948426
0.0 0.009043407
0.0 0.012050009
0.0 0.013018621
1.0 0.99559104
0.0 0.013455997
1.0 0.995943
1.0 0.7265513
1.0 0.34412122
