true vs pred:
1.0 0.99442095
1.0 0.9812221
1.0 0.99672914
1.0 0.46422178
1.0 0.93555444
1.0 0.9857853
1.0 0.98670536
1.0 0.99166095
1.0 0.99029315
1.0 0.97824144
0.0 0.019696567
0.0 0.74428546
1.0 0.99674654
1.0 0.9911662
1.0 0.9910958
1.0 0.99162227
1.0 0.9926001
1.0 0.9961046
1.0 0.9966318
1.0 0.99655676
1.0 0.9967744
1.0 0.8507954
1.0 0.9853088
1.0 0.99596256
0.0 0.089455016
1.0 0.9446926
1.0 0.98869574
1.0 0.991381
0.0 0.023883993
1.0 0.053219855
1.0 0.9506597
1.0 0.9924942
1.0 0.9797982
1.0 0.99597687
0.0 0.007804335
1.0 0.9412773
1.0 0.9824225
0.0 0.83643216
1.0 0.9968843
1.0 0.987437
1.0 0.96977633
1.0 0.93361413
1.0 0.9969875
1.0 0.9641585
1.0 0.99563235
1.0 0.99674404
0.0 0.13497527
1.0 0.9967243
1.0 0.9966258
1.0 0.9962196
1.0 0.31952783
1.0 0.98468196
1.0 0.9942081
0.0 0.013851925
1.0 0.98404425
0.0 0.38417208
1.0 0.9900497
0.0 0.019906946
0.0 0.011363358
1.0 0.9487887
1.0 0.9966304
1.0 0.9871493
1.0 0.96568376
1.0 0.9957378
0.0 0.009424948
1.0 0.70863736
1.0 0.7808777
0.0 0.29565084
0.0 0.02398939
1.0 0.8318529
1.0 0.99700123
1.0 0.9868646
1.0 0.9834772
1.0 0.9966959
0.0 0.023184858
1.0 0.98185503
1.0 0.9349096
1.0 0.99694127
1.0 0.9904461
1.0 0.99115694
1.0 0.54726744
1.0 0.9932439
1.0 0.9839113
0.0 0.9617507
1.0 0.9966344
1.0 0.771477
1.0 0.9871644
1.0 0.9010507
1.0 0.9965701
0.0 0.016784608
1.0 0.9891906
1.0 0.9811126
1.0 0.9966306
1.0 0.99142027
1.0 0.9952158
0.0 0.016295735
0.0 0.089455016
1.0 0.9804451
1.0 0.82513565
1.0 0.9811801
1.0 0.98884636
0.0 0.111195415
1.0 0.99693656
0.0 0.10606191
0.0 0.89457417
1.0 0.99634486
1.0 0.9421759
1.0 0.76321596
0.0 0.0056440034
1.0 0.9967744
1.0 0.94254375
1.0 0.9939406
1.0 0.97124916
1.0 0.995572
1.0 0.99115694
0.0 0.08801895
0.0 0.6437724
1.0 0.9834778
1.0 0.9926547
0.0 0.008592453
1.0 0.9957728
1.0 0.9934534
1.0 0.9888909
1.0 0.9921415
1.0 0.6460943
1.0 0.99640864
1.0 0.98442245
1.0 0.9966378
1.0 0.99663913
1.0 0.8578084
0.0 0.011943978
1.0 0.98441434
1.0 0.996784
1.0 0.99638027
0.0 0.5139026
0.0 0.027366428
0.0 0.264348
1.0 0.99636143
1.0 0.99637175
1.0 0.9666854
1.0 0.99494076
0.0 0.68538135
1.0 0.98844683
1.0 0.996752
1.0 0.9856753
1.0 0.98286706
1.0 0.993767
1.0 0.84752804
1.0 0.96969867
1.0 0.9962774
1.0 0.99587053
0.0 0.38417208
1.0 0.9743401
1.0 0.9508293
1.0 0.97748715
1.0 0.89785635
1.0 0.98885137
1.0 0.99590343
1.0 0.99646026
1.0 0.99632394
0.0 0.24962541
1.0 0.92035574
0.0 0.1917458
1.0 0.9962774
0.0 0.08787917
1.0 0.9968209
1.0 0.97995275
1.0 0.9949013
1.0 0.987255
0.0 0.09423969
1.0 0.87178636
1.0 0.9902154
1.0 0.9938427
1.0 0.82450485
1.0 0.9613354
1.0 0.9846513
1.0 0.9912422
1.0 0.9966624
1.0 0.9546633
1.0 0.9967145
1.0 0.99641305
1.0 0.9960031
1.0 0.9937943
0.0 0.023604145
1.0 0.9531062
1.0 0.9958819
1.0 0.9231603
1.0 0.98521477
1.0 0.6678352
0.0 0.016911274
0.0 0.50672317
1.0 0.9949721
1.0 0.5184937
1.0 0.9900513
1.0 0.98720574
0.0 0.0303748
1.0 0.9807256
0.0 0.012201206
1.0 0.9965894
1.0 0.9817594
0.0 0.08760155
0.0 0.29290873
0.0 0.09115534
0.0 0.45850492
1.0 0.91279054
1.0 0.993767
1.0 0.98289067
1.0 0.97686315
1.0 0.9939142
1.0 0.9961288
1.0 0.99551976
0.0 0.51291436
1.0 0.9725672
1.0 0.521627
1.0 0.99680483
1.0 0.9914083
1.0 0.996627
1.0 0.88822734
1.0 0.9958068
0.0 0.68667674
1.0 0.91739714
0.0 0.37779048
1.0 0.9945899
1.0 0.9921015
1.0 0.9871782
0.0 0.54907805
1.0 0.9921841
0.0 0.011441113
1.0 0.996709
1.0 0.990346
