true vs pred:
0.0 0.26645193
1.0 0.9981598
1.0 0.9984499
1.0 0.48366854
1.0 0.59494984
1.0 0.9989631
1.0 0.9988668
1.0 0.99849427
1.0 0.9965874
1.0 0.9970079
1.0 0.99691224
1.0 0.9984989
1.0 0.998409
0.0 0.34191445
1.0 0.9900205
1.0 0.8823723
0.0 0.23711948
1.0 0.9987783
1.0 0.2677793
1.0 0.47800165
1.0 0.9627125
1.0 0.99845076
1.0 0.9987148
1.0 0.9984067
1.0 0.99394614
1.0 0.9989126
1.0 0.9987494
1.0 0.99894136
1.0 0.98855245
1.0 0.9339817
1.0 0.99678314
1.0 0.99480706
1.0 0.9988463
1.0 0.06373878
0.0 0.30154404
1.0 0.99883217
1.0 0.5652451
1.0 0.9904669
1.0 0.99849117
0.0 0.07676636
0.0 0.03960352
1.0 0.41453496
1.0 0.9984646
1.0 0.98512834
0.0 0.23608638
1.0 0.919078
0.0 0.09351192
1.0 0.9986879
1.0 0.9988418
1.0 0.9784615
1.0 0.99841416
1.0 0.9937225
0.0 0.06876107
1.0 0.998135
1.0 0.998831
1.0 0.8819163
1.0 0.99384636
1.0 0.99319434
0.0 0.028181233
1.0 0.99864227
1.0 0.9989126
1.0 0.998831
0.0 0.13187683
1.0 0.99744934
0.0 0.26645193
0.0 0.17412174
0.0 0.08202049
0.0 0.7717716
0.0 0.11299773
1.0 0.8963314
1.0 0.9985667
0.0 0.016210597
1.0 0.99230254
0.0 0.056510277
1.0 0.893868
0.0 0.06825641
1.0 0.94056934
1.0 0.994197
1.0 0.9953673
1.0 0.9988626
0.0 0.01255826
1.0 0.99849904
1.0 0.9989654
1.0 0.61543727
0.0 0.24935256
0.0 0.07031725
1.0 0.99882096
0.0 0.041016206
1.0 0.9979601
1.0 0.9987783
1.0 0.99821126
1.0 0.9213918
1.0 0.81330055
0.0 0.4752798
1.0 0.9984686
1.0 0.99641585
1.0 0.9943303
1.0 0.9986682
1.0 0.8662701
1.0 0.87021935
1.0 0.9732512
1.0 0.9983991
1.0 0.9951218
1.0 0.8921572
1.0 0.93863297
1.0 0.51398015
1.0 0.96958655
1.0 0.99841094
1.0 0.9832941
1.0 0.9988644
1.0 0.94565827
1.0 0.9734562
1.0 0.19643617
0.0 0.10404251
1.0 0.99845076
1.0 0.40949506
1.0 0.99836713
1.0 0.9631604
1.0 0.8382442
1.0 0.99887544
1.0 0.9964361
1.0 0.7266872
0.0 0.3378305
1.0 0.9987663
1.0 0.99677974
1.0 0.99868065
1.0 0.9746839
1.0 0.9989177
1.0 0.9096145
1.0 0.99883217
1.0 0.8843168
0.0 0.22930418
0.0 0.058994632
1.0 0.9063662
1.0 0.9984396
0.0 0.0366303
1.0 0.08002298
1.0 0.9988426
1.0 0.9793158
0.0 0.38149214
1.0 0.9984711
1.0 0.99849164
1.0 0.98355895
1.0 0.9710858
1.0 0.99869835
1.0 0.8963523
1.0 0.99865484
1.0 0.9988574
0.0 0.6102137
0.0 0.016749492
1.0 0.9934546
1.0 0.99839896
1.0 0.99726796
1.0 0.99856144
1.0 0.8564852
0.0 0.11717242
1.0 0.99867743
0.0 0.010770886
1.0 0.9888586
1.0 0.73965627
1.0 0.98570204
1.0 0.9403176
1.0 0.9988826
1.0 0.98704195
1.0 0.9988182
1.0 0.9927147
1.0 0.9917177
1.0 0.8631686
1.0 0.9982917
1.0 0.99228585
1.0 0.99801457
1.0 0.99858177
1.0 0.98375434
1.0 0.19084316
1.0 0.8140372
1.0 0.99807477
1.0 0.9963198
1.0 0.998657
1.0 0.8758887
1.0 0.99811375
1.0 0.5468236
1.0 0.99852765
1.0 0.9091723
0.0 0.009411825
1.0 0.99893564
1.0 0.94812167
1.0 0.80701363
1.0 0.99859005
1.0 0.9988432
1.0 0.99797565
1.0 0.9944056
1.0 0.9971222
1.0 0.9981066
1.0 0.9983352
1.0 0.988886
1.0 0.9985274
1.0 0.99888295
0.0 0.031831015
1.0 0.98855245
1.0 0.9824158
1.0 0.9881235
1.0 0.99846566
0.0 0.6395696
0.0 0.31014204
1.0 0.99866354
1.0 0.99672806
1.0 0.99837494
1.0 0.9983027
1.0 0.8254186
1.0 0.95209324
1.0 0.99858713
1.0 0.9988305
0.0 0.031831015
1.0 0.998497
1.0 0.99825937
1.0 0.9988223
0.0 0.01769118
1.0 0.9989355
1.0 0.98555195
0.0 0.34027964
1.0 0.91540307
1.0 0.9961719
1.0 0.99650526
1.0 0.99861276
1.0 0.99864906
1.0 0.968246
1.0 0.9988213
1.0 0.8290949
0.0 0.03630215
1.0 0.76543325
