true vs pred:
0.0 0.017039781
1.0 0.9463041
0.0 0.021212174
0.0 0.04768897
0.0 0.021212174
0.0 0.017247392
1.0 0.99970704
0.0 0.001546028
1.0 0.9998814
1.0 0.9988103
1.0 0.99995613
0.0 0.013654003
0.0 0.0039650262
1.0 0.9983234
0.0 0.012763801
1.0 0.9999242
0.0 0.3766363
1.0 0.9983626
1.0 0.9799125
1.0 0.98703617
0.0 0.27504995
0.0 0.27504995
1.0 0.99799347
1.0 0.9997161
1.0 0.99995136
1.0 0.99970704
0.0 0.021385038
1.0 0.99860364
1.0 0.99991405
1.0 0.9826827
1.0 0.99970704
1.0 0.8859923
0.0 0.017039781
1.0 0.9999528
1.0 0.99995494
1.0 0.99995613
1.0 0.9999553
1.0 0.8859923
1.0 0.99833834
1.0 0.9983626
0.0 0.2931278
0.0 0.0050134924
1.0 0.9999367
1.0 0.9983626
1.0 0.9999379
0.0 0.47824863
1.0 0.9826827
0.0 0.27504995
1.0 0.9998814
1.0 0.923897
1.0 0.9999198
0.0 0.041165356
1.0 0.9983234
0.0 0.27504995
1.0 0.9999291
1.0 0.9988103
1.0 0.9844246
0.0 0.01741859
0.0 0.07818297
1.0 0.99860364
0.0 0.012767479
1.0 0.99970764
1.0 0.999705
0.0 0.011178284
0.0 0.06233498
0.0 0.0014066094
1.0 0.99968505
0.0 0.07818297
1.0 0.9983234
0.0 0.03554312
0.0 0.0048802695
1.0 0.91964227
0.0 0.0203897
1.0 0.99988866
1.0 0.923897
0.0 0.061424907
1.0 0.99993277
1.0 0.99995613
1.0 0.99860364
0.0 0.0045109405
0.0 0.0023228144
1.0 0.9998939
1.0 0.9999356
1.0 0.9983234
1.0 0.9873223
1.0 0.9999242
0.0 0.007341739
0.0 0.3766363
0.0 0.053109616
1.0 0.98703617
1.0 0.99799347
1.0 0.9087002
0.0 0.012767479
0.0 0.40853477
0.0 0.33120635
1.0 0.9998939
0.0 0.0050134924
1.0 0.9856551
0.0 0.011587675
1.0 0.9463041
1.0 0.9998814
1.0 0.8439008
0.0 0.075663544
0.0 0.004887968
1.0 0.99991405
0.0 0.055809457
0.0 0.035637844
1.0 0.9997161
1.0 0.9997377
1.0 0.91964227
1.0 0.99995136
0.0 0.3766363
1.0 0.9856551
1.0 0.9104299
1.0 0.9983626
0.0 0.007341739
0.0 0.0037306724
0.0 0.019048361
0.0 0.001704333
1.0 0.9988103
1.0 0.99995375
1.0 0.9999379
1.0 0.9999553
1.0 0.98703617
0.0 0.001546028
0.0 0.00635374
0.0 0.0050134924
1.0 0.9999356
1.0 0.923897
1.0 0.99987876
1.0 0.99799347
1.0 0.9999312
0.0 0.033447824
1.0 0.9988103
0.0 0.055809457
0.0 0.041165356
1.0 0.99988985
1.0 0.99995553
1.0 0.9997377
1.0 0.9999379
0.0 0.04045197
1.0 0.9999553
0.0 0.3761219
0.0 0.40853477
0.0 0.0045109405
1.0 0.9999528
0.0 0.012763801
1.0 0.99970704
0.0 0.075663544
1.0 0.9999243
1.0 0.99995494
0.0 0.0050134924
0.0 0.01741859
0.0 0.004887968
1.0 0.9799125
0.0 0.055809457
1.0 0.99970573
1.0 0.9826199
1.0 0.9873223
0.0 0.0781424
0.0 0.3761219
0.0 0.0022571685
0.0 0.001546028
0.0 0.007341739
1.0 0.9999312
0.0 0.001546028
1.0 0.9987564
1.0 0.9997377
0.0 0.014051678
1.0 0.9999033
0.0 0.017247392
1.0 0.9999367
1.0 0.91964227
0.0 0.033447824
1.0 0.9833893
1.0 0.9999325
0.0 0.3766363
0.0 0.40853477
0.0 0.00988573
1.0 0.99988866
1.0 0.99970704
0.0 0.012777263
1.0 0.999954
1.0 0.99993336
0.0 0.055809457
1.0 0.9999198
0.0 0.01741859
1.0 0.9999356
0.0 0.33120635
0.0 0.011178284
1.0 0.99993336
1.0 0.9999373
0.0 0.0054088025
1.0 0.99833834
1.0 0.99799347
1.0 0.9856551
0.0 0.0039650262
0.0 0.0022571685
0.0 0.04045197
1.0 0.9999243
1.0 0.9873223
1.0 0.9999367
0.0 0.023011105
1.0 0.9983234
1.0 0.99988866
1.0 0.9999317
0.0 0.03554312
0.0 0.019048361
0.0 0.0022571685
1.0 0.9873223
1.0 0.87551665
0.0 0.011587675
1.0 0.9844246
0.0 0.023011105
1.0 0.91964227
0.0 0.001704333
0.0 0.035637844
0.0 0.3761219
0.0 0.001546028
1.0 0.99994814
1.0 0.9999291
0.0 0.012763801
0.0 0.50839645
1.0 0.99995136
1.0 0.9998944
0.0 0.3761219
0.0 0.06036121
0.0 0.018344222
1.0 0.9999553
1.0 0.9833893
1.0 0.9999033
1.0 0.9999355
0.0 0.017247392
1.0 0.99995375
1.0 0.99994814
0.0 0.3766363
1.0 0.9999198
1.0 0.9826827
1.0 0.9999386
0.0 0.021385038
0.0 0.019048361
0.0 0.0014066094
0.0 0.07818297
1.0 0.87551665
1.0 0.998502
1.0 0.9999356
1.0 0.99995494
1.0 0.98975277
1.0 0.9999386
1.0 0.9999552
1.0 0.9999174
1.0 0.9999243
0.0 0.2931278
0.0 0.3766363
1.0 0.91916794
1.0 0.99993277
1.0 0.9999528
1.0 0.9873223
1.0 0.99988985
0.0 0.06036121
1.0 0.9999379
1.0 0.99965775
0.0 0.17418194
1.0 0.99967396
1.0 0.98703617
1.0 0.9799125
1.0 0.9999242
0.0 0.099373385
0.0 0.0048802695
0.0 0.041165356
1.0 0.999915
0.0 0.08137066
0.0 0.0781424
1.0 0.9999355
1.0 0.9998939
1.0 0.99865377
0.0 0.053109616
1.0 0.99970573
0.0 0.035637844
1.0 0.99988985
0.0 0.01741859
0.0 0.0022571685
1.0 0.9999198
0.0 0.0014066094
1.0 0.8439008
1.0 0.99991405
1.0 0.99967396
1.0 0.99988985
1.0 0.9873223
1.0 0.9998939
0.0 0.04045197
0.0 0.012763801
1.0 0.999954
1.0 0.9998814
1.0 0.99988985
1.0 0.87551665
0.0 0.2931278
1.0 0.9873223
1.0 0.9999367
0.0 0.017039781
1.0 0.9999198
1.0 0.999954
1.0 0.9983626
0.0 0.089393154
1.0 0.9833893
1.0 0.9999291
0.0 0.07818297
1.0 0.9104299
1.0 0.9999317
0.0 0.089393154
1.0 0.999954
1.0 0.9826199
1.0 0.9999349
1.0 0.99967396
0.0 0.041165356
0.0 0.07818297
0.0 0.03554312
1.0 0.99995136
1.0 0.9999379
0.0 0.035637844
1.0 0.9826199
1.0 0.99965775
0.0 0.0060312953
1.0 0.9997278
1.0 0.99993336
0.0 0.27504995
1.0 0.9463041
0.0 0.012767479
1.0 0.9997161
0.0 0.015898004
0.0 0.33120635
0.0 0.001751627
1.0 0.87551665
1.0 0.9999317
0.0 0.0781424
0.0 0.3766363
1.0 0.99988806
1.0 0.9999386
1.0 0.89736354
0.0 0.021385038
0.0 0.47824863
1.0 0.9999379
1.0 0.99994814
1.0 0.99987876
1.0 0.99995613
0.0 0.0045109405
0.0 0.004887968
0.0 0.019048361
1.0 0.9999317
1.0 0.99993277
0.0 0.017247392
1.0 0.89736354
1.0 0.9998944
1.0 0.9999243
1.0 0.99833834
0.0 0.053109616
0.0 0.041165356
0.0 0.0045109405
1.0 0.91964227
0.0 0.012777263
0.0 0.0014066094
0.0 0.0039650262
0.0 0.021212174
0.0 0.00635374
1.0 0.9999033
0.0 0.013654003
0.0 0.0060312953
0.0 0.015898004
1.0 0.9999325
1.0 0.8859923
0.0 0.011178284
0.0 0.05992664
1.0 0.99833834
0.0 0.06605969
1.0 0.99970764
1.0 0.9999386
1.0 0.99970573
1.0 0.99994814
1.0 0.9999552
0.0 0.05992664
1.0 0.9999552
1.0 0.9999356
0.0 0.001546028
0.0 0.017247392
0.0 0.17418194
1.0 0.99988985
1.0 0.9999243
0.0 0.01741859
1.0 0.9999386
1.0 0.99993277
1.0 0.9985543
0.0 0.3766363
1.0 0.99995494
1.0 0.9999553
1.0 0.9999528
1.0 0.99833834
1.0 0.99833834
0.0 0.017039781
0.0 0.011587675
1.0 0.9999356
0.0 0.017247392
1.0 0.9844246
0.0 0.40853477
0.0 0.002354169
0.0 0.06233498
1.0 0.9998944
1.0 0.999954
1.0 0.9999379
1.0 0.99970704
0.0 0.0781424
1.0 0.9826827
0.0 0.00988573
1.0 0.9999386
0.0 0.0020927258
0.0 0.013654003
0.0 0.07818297
1.0 0.9999356
0.0 0.00635374
1.0 0.9999356
0.0 0.06233498
1.0 0.91916794
0.0 0.33120635
0.0 0.053109616
0.0 0.0050134924
1.0 0.99995553
1.0 0.9999033
0.0 0.06605969
0.0 0.17418194
1.0 0.9826827
1.0 0.99988985
0.0 0.3766363
1.0 0.99988806
0.0 0.0045109405
1.0 0.99988866
0.0 0.001965679
1.0 0.99995494
0.0 0.01741859
1.0 0.99995613
1.0 0.99968505
1.0 0.9799125
1.0 0.98703617
1.0 0.9799125
1.0 0.99992406
1.0 0.89736354
0.0 0.0020927258
1.0 0.99987876
0.0 0.06233498
0.0 0.012777263
0.0 0.012763801
0.0 0.0781424
1.0 0.99988866
1.0 0.999954
1.0 0.99799347
1.0 0.99988806
0.0 0.0014066094
0.0 0.03554312
1.0 0.9998939
1.0 0.8439008
1.0 0.99970704
0.0 0.06036121
1.0 0.99995494
0.0 0.021385038
0.0 0.012767479
0.0 0.0014066094
1.0 0.9463041
1.0 0.923897
0.0 0.023011105
1.0 0.999915
0.0 0.06605969
1.0 0.9983234
1.0 0.9998939
0.0 0.06233498
0.0 0.011178284
1.0 0.9087002
0.0 0.013027109
1.0 0.9988103
0.0 0.0023228144
0.0 0.007341739
0.0 0.04045197
0.0 0.0022571685
0.0 0.033447824
1.0 0.9999356
0.0 0.0020455876
0.0 0.012767479
0.0 0.011587675
1.0 0.9999033
0.0 0.04045197
1.0 0.91916794
0.0 0.2931278
1.0 0.9998865
0.0 0.2931278
1.0 0.89736354
1.0 0.9999243
0.0 0.075663544
0.0 0.055809457
0.0 0.08137066
1.0 0.99833834
0.0 0.001965679
0.0 0.012777263
0.0 0.06036121
1.0 0.999954
1.0 0.9999243
1.0 0.99995494
0.0 0.053109616
1.0 0.9997377
1.0 0.9983234
1.0 0.99965775
1.0 0.998502
1.0 0.91964227
1.0 0.98703617
1.0 0.91916794
1.0 0.99995553
1.0 0.9999355
1.0 0.9999553
0.0 0.0048802695
1.0 0.9799125
0.0 0.05992664
1.0 0.8439008
1.0 0.99988806
0.0 0.004887968
