true vs pred:
1.0 0.99938035
1.0 0.13959797
0.0 0.35194898
1.0 0.43721202
1.0 0.9992878
1.0 0.9992692
1.0 0.9992828
1.0 0.9976665
1.0 0.9993703
1.0 0.99925274
1.0 0.99938905
1.0 0.99793243
1.0 0.9962315
1.0 0.9990402
1.0 0.982141
1.0 0.99937123
1.0 0.3570275
0.0 0.19054066
1.0 0.99934787
1.0 0.8013836
1.0 0.99867743
1.0 0.9992489
0.0 0.042057488
0.0 0.00694864
1.0 0.41540653
1.0 0.9993098
1.0 0.9857466
1.0 0.93749756
1.0 0.9983157
0.0 0.017109895
1.0 0.9992736
1.0 0.9993771
1.0 0.97987694
1.0 0.99937016
1.0 0.99516463
0.0 0.068299115
1.0 0.9991473
1.0 0.9993537
1.0 0.99837387
1.0 0.99826765
1.0 0.9986865
1.0 0.062730014
1.0 0.99928844
1.0 0.99937063
1.0 0.99935335
0.0 0.12437413
1.0 0.9990877
0.0 0.81732357
1.0 0.12739381
0.0 0.019659847
1.0 0.42846063
0.0 0.012253961
1.0 0.98631334
1.0 0.99933535
0.0 0.005734334
1.0 0.9988661
0.0 0.060526628
1.0 0.87681395
0.0 0.015906295
1.0 0.98912907
1.0 0.9982943
1.0 0.99723357
1.0 0.99938214
0.0 0.04203729
1.0 0.99933296
1.0 0.99939656
1.0 0.99379975
0.0 0.29940656
0.0 0.056867994
1.0 0.99937755
0.0 0.1765718
1.0 0.9991704
1.0 0.99938035
1.0 0.99931836
1.0 0.79881704
1.0 0.9576681
0.0 0.050483525
1.0 0.9992798
1.0 0.9991937
1.0 0.9987342
1.0 0.99929714
1.0 0.9924035
1.0 0.95467055
1.0 0.9644087
1.0 0.99931586
1.0 0.9987883
1.0 0.9888622
1.0 0.99638665
1.0 0.6236335
1.0 0.9897251
1.0 0.99918884
1.0 0.997224
1.0 0.9993206
1.0 0.99770147
1.0 0.9983369
1.0 0.13114096
0.0 0.07187185
1.0 0.99929357
1.0 0.75202495
1.0 0.99924845
1.0 0.93605536
1.0 0.96198773
1.0 0.999368
1.0 0.9990895
1.0 0.9756143
0.0 0.018936658
1.0 0.9993561
1.0 0.9992353
1.0 0.999366
1.0 0.9672645
1.0 0.99939156
1.0 0.92910063
1.0 0.999343
1.0 0.979687
0.0 0.013839979
0.0 0.040199086
1.0 0.94729567
1.0 0.9993655
0.0 0.012161272
1.0 0.36799222
1.0 0.9993661
1.0 0.9821943
0.0 0.080872625
1.0 0.9992939
1.0 0.99933076
1.0 0.9921753
1.0 0.996734
1.0 0.9993511
1.0 0.9881417
1.0 0.9993056
1.0 0.99936014
0.0 0.43162075
0.0 0.0516141
1.0 0.99879587
1.0 0.99926025
1.0 0.9991573
1.0 0.9993325
1.0 0.8775526
0.0 0.084958516
1.0 0.99924374
0.0 0.0027089857
1.0 0.992894
1.0 0.9101905
1.0 0.9969422
1.0 0.99735945
1.0 0.999331
1.0 0.9716172
1.0 0.9993437
1.0 0.99720925
1.0 0.9975957
0.0 0.49158558
1.0 0.99911624
1.0 0.9980654
1.0 0.9985536
1.0 0.9993413
1.0 0.9966214
1.0 0.99004245
1.0 0.4728586
1.0 0.9992211
1.0 0.99884206
1.0 0.9993105
1.0 0.9691235
1.0 0.9991849
1.0 0.95098746
1.0 0.99928975
1.0 0.98807275
0.0 0.0051249983
1.0 0.9993783
1.0 0.9979176
1.0 0.47755343
1.0 0.9993445
1.0 0.9993218
1.0 0.9992348
1.0 0.99877924
1.0 0.9989392
1.0 0.99922466
1.0 0.9993686
1.0 0.9944804
1.0 0.99905246
1.0 0.9993318
0.0 0.020629685
1.0 0.9980081
1.0 0.9963709
1.0 0.9931907
1.0 0.99937385
0.0 0.4340367
0.0 0.5336468
1.0 0.99928844
1.0 0.9990596
1.0 0.9991352
1.0 0.99926573
1.0 0.9919485
1.0 0.99790525
1.0 0.9992931
1.0 0.9993655
0.0 0.018834747
1.0 0.9992969
1.0 0.99925643
1.0 0.9993549
0.0 0.0048611714
1.0 0.9993973
1.0 0.9804915
0.0 0.111402825
1.0 0.9945793
1.0 0.99811804
1.0 0.99913377
1.0 0.9992581
1.0 0.99928194
1.0 0.9979664
1.0 0.99934965
1.0 0.9193416
0.0 0.022221439
1.0 0.98342633
1.0 0.9865167
1.0 0.99823076
1.0 0.9993655
1.0 0.99936885
0.0 0.7194982
1.0 0.96314085
1.0 0.94848883
1.0 0.69106007
1.0 0.9887505
0.0 0.12326689
1.0 0.99936754
1.0 0.9993331
1.0 0.9456169
1.0 0.9885212
1.0 0.8013559
0.0 0.016656024
1.0 0.9267198
