true vs pred:
0.0 0.821002
0.0 0.004206522
0.0 0.15435445
1.0 0.9807349
1.0 0.9997911
0.0 0.1182574
1.0 0.99871194
1.0 0.99877185
0.0 0.036422092
0.0 0.3769252
1.0 0.97106653
1.0 0.99950373
0.0 0.015530009
0.0 0.03143773
0.0 0.0074555995
0.0 0.015530009
0.0 0.06295616
1.0 0.99974066
0.0 0.0036408908
0.0 0.0072321747
1.0 0.9995796
1.0 0.99949515
1.0 0.9752863
0.0 0.088903844
0.0 0.0047477027
1.0 0.9997004
1.0 0.9997774
0.0 0.15965186
0.0 0.15435445
0.0 0.014403765
1.0 0.9987993
0.0 0.0074092885
0.0 0.30269146
1.0 0.99971396
0.0 0.047135808
0.0 0.15965186
0.0 0.02895314
0.0 0.0030271441
0.0 0.79620296
1.0 0.99976164
0.0 0.0068465136
0.0 0.0028750517
0.0 0.0023993498
1.0 0.9997235
0.0 0.0041997284
1.0 0.99950373
0.0 0.15949984
0.0 0.08572482
0.0 0.12693861
0.0 0.0074092885
0.0 0.11026522
0.0 0.1182574
0.0 0.0068465136
0.0 0.111232325
1.0 0.9987993
0.0 0.7886173
0.0 0.10552352
1.0 0.99466646
0.0 0.34091944
0.0 0.023070263
0.0 0.038431894
1.0 0.99550074
0.0 0.11026522
0.0 0.11026522
0.0 0.0023993498
0.0 0.15965186
0.0 0.0074555995
0.0 0.15832144
0.0 0.85325444
0.0 0.002165456
0.0 0.027333505
1.0 0.9986922
0.0 0.002650241
0.0 0.014917963
0.0 0.0028750517
1.0 0.999673
0.0 0.821002
0.0 0.1200403
1.0 0.9997975
0.0 0.10552352
0.0 0.023070263
0.0 0.014917963
0.0 0.35106656
0.0 0.007215999
1.0 0.9997004
1.0 0.9997235
0.0 0.0041997284
0.0 0.10552352
1.0 0.99466646
0.0 0.15949984
0.0 0.012199039
0.0 0.0020464358
0.0 0.0022851133
1.0 0.99969506
0.0 0.2951266
0.0 0.014917963
1.0 0.9995658
1.0 0.99877185
0.0 0.0054587307
1.0 0.99980026
1.0 0.99963045
0.0 0.0066140043
1.0 0.99971396
1.0 0.9995658
0.0 0.0054587307
0.0 0.0135403685
0.0 0.79620296
1.0 0.99877185
0.0 0.1182574
0.0 0.11026522
0.0 0.027333505
0.0 0.002165456
0.0 0.08572482
0.0 0.19002497
1.0 0.99980026
0.0 0.008357217
0.0 0.0054587307
1.0 0.97106653
0.0 0.09930243
0.0 0.0047477027
0.0 0.35106656
0.0 0.7714044
0.0 0.033821754
0.0 0.007215999
0.0 0.014662841
0.0 0.02895314
0.0 0.2951266
1.0 0.98256207
0.0 0.34091944
1.0 0.99466646
0.0 0.24876422
0.0 0.012241056
0.0 0.047135808
0.0 0.14054358
0.0 0.821002
0.0 0.37272167
0.0 0.46441606
1.0 0.9767569
0.0 0.34091944
1.0 0.9997838
0.0 0.0091906935
1.0 0.9719659
0.0 0.003659052
0.0 0.016084632
1.0 0.9767569
0.0 0.1200403
0.0 0.041505616
1.0 0.9997969
0.0 0.027333505
1.0 0.99950373
0.0 0.0066140043
0.0 0.007215999
0.0 0.09763215
0.0 0.0074092885
1.0 0.9719659
0.0 0.036422092
0.0 0.014000718
1.0 0.99969506
0.0 0.19002497
0.0 0.1182574
0.0 0.3769252
0.0 0.15631226
0.0 0.036422092
0.0 0.088903844
0.0 0.0074555995
0.0 0.012241056
0.0 0.0026402913
0.0 0.10552352
0.0 0.8320622
0.0 0.012199039
0.0 0.79620296
0.0 0.821002
1.0 0.9997148
0.0 0.005217883
1.0 0.9994729
0.0 0.008357217
0.0 0.18942234
1.0 0.9996445
0.0 0.37272167
0.0 0.0022851133
0.0 0.15965186
0.0 0.7886173
1.0 0.9987993
1.0 0.9995041
0.0 0.0074555995
1.0 0.99466646
0.0 0.7551471
1.0 0.9944833
0.0 0.033821754
0.0 0.038431894
0.0 0.012199039
1.0 0.9933531
0.0 0.014000718
0.0 0.0022851133
0.0 0.014917963
0.0 0.002424815
0.0 0.0074555995
0.0 0.0074555995
0.0 0.821002
0.0 0.012241056
0.0 0.7714044
0.0 0.0022851133
1.0 0.98256207
1.0 0.99963045
1.0 0.99969506
1.0 0.9988386
0.0 0.15965186
1.0 0.9997774
0.0 0.0022851133
0.0 0.37272167
1.0 0.999673
0.0 0.023070263
0.0 0.0074555995
1.0 0.99885297
0.0 0.0026402913
1.0 0.9986512
0.0 0.002650241
0.0 0.009254971
1.0 0.99977416
1.0 0.9997004
0.0 0.7551471
1.0 0.9987993
1.0 0.9997838
0.0 0.09930243
0.0 0.3769252
0.0 0.15631226
0.0 0.005217883
1.0 0.98256207
1.0 0.9946155
0.0 0.35981873
1.0 0.9772803
0.0 0.002424815
0.0 0.08572482
1.0 0.99971396
0.0 0.18942234
1.0 0.9996737
1.0 0.9767569
0.0 0.46441606
0.0 0.088903844
0.0 0.0074555995
0.0 0.79620296
1.0 0.9767569
1.0 0.99895155
1.0 0.99976164
0.0 0.15435445
0.0 0.088903844
0.0 0.0020464358
0.0 0.0135403685
1.0 0.9995796
0.0 0.46441606
0.0 0.03143773
0.0 0.0054587307
0.0 0.29773295
0.0 0.14054358
1.0 0.9995999
1.0 0.9997004
0.0 0.047135808
0.0 0.033821754
0.0 0.0023993498
0.0 0.03270119
0.0 0.03270119
0.0 0.10176623
0.0 0.14054358
1.0 0.99550074
1.0 0.9997172
1.0 0.9997969
0.0 0.06295616
0.0 0.0028750517
1.0 0.999673
0.0 0.0020464358
1.0 0.9807349
0.0 0.7886173
0.0 0.038431894
1.0 0.99974066
1.0 0.9995041
0.0 0.1200403
0.0 0.0023993498
0.0 0.2951266
0.0 0.2951266
0.0 0.11026522
0.0 0.7714044
0.0 0.014403765
1.0 0.9986922
1.0 0.9997969
1.0 0.9997969
1.0 0.9995658
0.0 0.0066140043
0.0 0.79620296
1.0 0.99466646
0.0 0.047135808
0.0 0.7714044
0.0 0.004206522
1.0 0.993806
0.0 0.10176623
0.0 0.8320622
1.0 0.9989625
0.0 0.0047477027
0.0 0.012199039
1.0 0.9950761
0.0 0.0026402913
1.0 0.9997969
0.0 0.30269146
0.0 0.038431894
0.0 0.85325444
0.0 0.012199039
0.0 0.821002
1.0 0.9767569
0.0 0.03270119
0.0 0.11026522
1.0 0.9995784
0.0 0.004498497
0.0 0.041505616
0.0 0.10552352
0.0 0.03270119
0.0 0.0135403685
0.0 0.0030271441
1.0 0.999673
0.0 0.0091906935
0.0 0.1200403
1.0 0.99949515
0.0 0.8320622
1.0 0.9997004
0.0 0.35981873
0.0 0.002424815
0.0 0.10176623
1.0 0.9997975
0.0 0.002424815
1.0 0.9951237
0.0 0.038431894
0.0 0.18942234
0.0 0.0091906935
1.0 0.9995041
0.0 0.0041997284
1.0 0.99963045
0.0 0.007215999
0.0 0.1200403
0.0 0.7886173
0.0 0.009254971
0.0 0.0074555995
0.0 0.0028750517
0.0 0.46441606
1.0 0.99977416
0.0 0.09763215
1.0 0.9772803
1.0 0.99976164
0.0 0.2951266
0.0 0.008357217
0.0 0.024059676
1.0 0.99871194
0.0 0.11026522
0.0 0.3769252
0.0 0.82456255
1.0 0.9996674
1.0 0.9943303
1.0 0.99971396
1.0 0.9997975
1.0 0.9933531
1.0 0.99550074
0.0 0.0074092885
1.0 0.9997172
0.0 0.15832144
0.0 0.0135403685
1.0 0.9997774
0.0 0.821002
1.0 0.9986922
1.0 0.9767569
1.0 0.993806
1.0 0.9998031
0.0 0.0066140043
0.0 0.37272167
1.0 0.98256207
0.0 0.023070263
0.0 0.29773295
1.0 0.9997911
1.0 0.99950373
0.0 0.0041997284
0.0 0.7551471
0.0 0.008357217
0.0 0.03270119
1.0 0.99871194
0.0 0.35981873
0.0 0.37272167
0.0 0.005217883
0.0 0.0054587307
0.0 0.014662841
0.0 0.10176623
1.0 0.9995658
1.0 0.9998031
0.0 0.036422092
0.0 0.06295616
1.0 0.9946155
1.0 0.99379116
0.0 0.7945291
1.0 0.99969506
0.0 0.003659052
1.0 0.9997774
1.0 0.9950761
0.0 0.821002
0.0 0.35981873
0.0 0.002424815
0.0 0.041505616
0.0 0.007215999
0.0 0.35981873
0.0 0.033821754
1.0 0.9997172
0.0 0.0066140043
1.0 0.9995796
1.0 0.9997148
1.0 0.99885297
1.0 0.9998031
0.0 0.008357217
0.0 0.1200403
0.0 0.10552352
0.0 0.004206522
0.0 0.35981873
0.0 0.7886173
1.0 0.99885297
1.0 0.9997975
0.0 0.1182574
1.0 0.99976164
0.0 0.0054587307
0.0 0.004206522
1.0 0.99949515
1.0 0.9752863
0.0 0.09930243
0.0 0.46441606
0.0 0.821002
0.0 0.0066140043
0.0 0.002650241
0.0 0.024059676
1.0 0.9996445
1.0 0.9997774
1.0 0.9998031
0.0 0.003659052
0.0 0.014403765
1.0 0.99969506
0.0 0.004526244
1.0 0.98256207
0.0 0.033821754
0.0 0.009254971
1.0 0.9749792
1.0 0.9997004
1.0 0.9997004
1.0 0.9997235
1.0 0.9997148
1.0 0.9996445
1.0 0.9997969
1.0 0.97219646
0.0 0.002165456
0.0 0.0023993498
1.0 0.9772803
0.0 0.46441606
1.0 0.9989625
0.0 0.007215999
0.0 0.02895314
1.0 0.9946155
1.0 0.9951237
1.0 0.99949515
0.0 0.11026522
0.0 0.0074555995
0.0 0.14054358
0.0 0.0074555995
1.0 0.9997911
0.0 0.821002
0.0 0.37272167
0.0 0.12693861
0.0 0.35106656
0.0 0.004498497
0.0 0.30269146
0.0 0.29773295
1.0 0.9933531
1.0 0.99974066
0.0 0.37272167
0.0 0.15965186
1.0 0.999673
0.0 0.02895314
0.0 0.7886173
0.0 0.7886173
0.0 0.35106656
1.0 0.9719659
0.0 0.036422092
0.0 0.041505616
0.0 0.014000718
0.0 0.023070263
0.0 0.002650241
0.0 0.014403765
0.0 0.1200403
0.0 0.14054358
1.0 0.9997969
0.0 0.0023993498
0.0 0.0028750517
0.0 0.15631226
0.0 0.15965186
0.0 0.0135403685
0.0 0.002650241
0.0 0.009254971
0.0 0.821002
0.0 0.004526244
1.0 0.9995041
1.0 0.9994729
1.0 0.9997969
1.0 0.99963045
0.0 0.014000718
0.0 0.038431894
0.0 0.002165456
1.0 0.9752863
0.0 0.0066140043
1.0 0.99885297
0.0 0.004526244
0.0 0.0022851133
0.0 0.46441606
1.0 0.9772803
1.0 0.99895155
1.0 0.99950373
0.0 0.82456255
1.0 0.993806
0.0 0.033821754
0.0 0.047135808
1.0 0.9996445
1.0 0.9997172
