true vs pred:
1.0 0.9999938
1.0 0.9984971
1.0 0.9999907
0.0 0.012544673
0.0 0.11266935
1.0 0.9999907
1.0 0.9999938
0.0 0.0014518095
1.0 0.9999932
1.0 0.9999933
1.0 0.99994504
1.0 0.99999297
1.0 0.8560061
1.0 0.99998736
1.0 0.93388426
1.0 0.99999285
1.0 0.9999411
1.0 0.9999875
1.0 0.9999391
1.0 0.9999933
1.0 0.99774253
1.0 0.99999046
0.0 0.00045483527
0.0 0.00032215964
1.0 0.9999933
1.0 0.9999939
1.0 0.99997723
1.0 0.99923396
1.0 0.99886405
1.0 0.9999939
0.0 0.012544673
1.0 0.99992204
0.0 0.011516283
1.0 0.9999933
1.0 0.9999938
0.0 0.0005271193
1.0 0.99997854
1.0 0.99999344
1.0 0.8304071
1.0 0.9999263
1.0 0.99997854
0.0 0.00030986752
0.0 0.010400336
1.0 0.99997854
0.0 0.0007994614
1.0 0.9096068
1.0 0.9999933
1.0 0.9999933
1.0 0.99992204
1.0 0.9990356
1.0 0.99999034
1.0 0.962608
0.0 0.12509689
1.0 0.9999938
1.0 0.9999933
1.0 0.99999034
1.0 0.93388426
0.0 0.00032215964
1.0 0.8560061
0.0 0.00025672797
1.0 0.9999907
1.0 0.99994516
1.0 0.9999907
0.0 0.12509689
1.0 0.99999034
0.0 0.0002900198
1.0 0.99998724
1.0 0.962608
1.0 0.9999788
1.0 0.9999411
1.0 0.9999927
0.0 0.0007994614
0.0 0.0002545342
1.0 0.9999938
0.0 0.0002545342
0.0 0.0002065908
0.0 0.0002545342
0.0 0.10251903
0.0 0.0002545342
1.0 0.9988932
1.0 0.8304071
1.0 0.9999411
0.0 0.00032215964
1.0 0.99999034
1.0 0.8304071
1.0 0.9999869
1.0 0.99998605
1.0 0.9999933
1.0 0.9999933
1.0 0.99999285
0.0 0.00040127384
0.0 0.10251903
1.0 0.999987
0.0 0.01031706
1.0 0.9999938
1.0 0.9999907
1.0 0.9999927
1.0 0.962608
1.0 0.9999901
1.0 0.99994516
1.0 0.9986829
1.0 0.9999938
1.0 0.9999932
0.0 0.0011655005
1.0 0.9999939
1.0 0.99886405
1.0 0.99992204
1.0 0.9999901
0.0 0.00039263105
1.0 0.9989827
0.0 0.0002065908
1.0 0.99998605
1.0 0.99999297
1.0 0.93388426
1.0 0.99708134
1.0 0.9984971
1.0 0.9999938
1.0 0.99998605
1.0 0.9551447
1.0 0.9999908
1.0 0.9999933
1.0 0.8304071
1.0 0.9999933
0.0 0.0002900198
1.0 0.9999908
0.0 0.12218246
0.0 0.012896315
1.0 0.99999344
1.0 0.9999938
1.0 0.99999285
0.0 0.0002065908
0.0 0.057524033
0.0 0.10251903
0.0 0.00027951246
1.0 0.9999938
1.0 0.9999927
1.0 0.9999906
1.0 0.9999864
0.0 0.0002065908
0.0 0.00039263105
1.0 0.9999907
1.0 0.9999875
0.0 0.0002545342
1.0 0.9999933
1.0 0.9988932
1.0 0.9999907
0.0 0.010400336
0.0 0.10251903
1.0 0.9999933
1.0 0.9999933
0.0 0.0011098767
0.0 0.0011655005
1.0 0.99998605
1.0 0.99997914
0.0 0.009329925
0.0 0.0011098767
1.0 0.9999906
1.0 0.99999297
1.0 0.99999046
0.0 0.057524033
1.0 0.99999285
0.0 0.00055745966
1.0 0.9999933
0.0 0.010400336
1.0 0.9999391
1.0 0.99992204
0.0 0.00040127384
1.0 0.9999795
1.0 0.9999386
1.0 0.9999939
1.0 0.9999939
1.0 0.9999933
0.0 0.06481229
0.0 0.01031706
1.0 0.93388426
1.0 0.9999901
1.0 0.9986829
0.0 0.011516283
0.0 0.005273276
0.0 0.009329925
1.0 0.9999386
1.0 0.9999938
1.0 0.99999297
1.0 0.9999933
0.0 0.0005617901
1.0 0.99923396
0.0 0.005273276
1.0 0.99998736
0.0 0.00032215964
1.0 0.99774253
1.0 0.9999938
1.0 0.99999285
1.0 0.9999795
1.0 0.9999938
1.0 0.9992231
0.0 0.01470892
0.0 0.005273276
0.0 0.12218246
1.0 0.9999933
1.0 0.9551447
1.0 0.99999285
1.0 0.8560061
0.0 0.01470892
0.0 0.00039263105
1.0 0.99708134
1.0 0.9999933
0.0 0.13710079
1.0 0.9999907
1.0 0.99994504
0.0 0.057524033
0.0 0.00039263105
1.0 0.9999391
1.0 0.99997914
1.0 0.9999875
0.0 0.057524033
0.0 0.001060458
1.0 0.9999877
1.0 0.99997914
1.0 0.99999344
1.0 0.9479298
1.0 0.9999938
1.0 0.9551447
1.0 0.99994516
0.0 0.005273276
0.0 0.09073028
1.0 0.9999933
1.0 0.9999938
1.0 0.94892466
0.0 0.12218246
0.0 0.011516283
0.0 0.012544673
1.0 0.99999046
1.0 0.9999933
1.0 0.9989827
1.0 0.9999933
1.0 0.9999933
0.0 0.0013570207
0.0 0.006564868
1.0 0.9479298
1.0 0.9999864
0.0 0.11266935
1.0 0.99999034
0.0 0.0002545342
1.0 0.99999285
0.0 0.0013570207
1.0 0.92984545
0.0 0.0005271193
1.0 0.9999938
1.0 0.99999297
1.0 0.9999932
1.0 0.99994504
1.0 0.9999927
0.0 0.116745725
1.0 0.99997675
1.0 0.9992231
0.0 0.012896315
1.0 0.9999864
1.0 0.9999933
1.0 0.9999907
1.0 0.99998736
1.0 0.9999933
1.0 0.9999933
1.0 0.99774253
1.0 0.9999938
1.0 0.9999938
1.0 0.9479298
1.0 0.99998736
1.0 0.93588585
1.0 0.9999938
1.0 0.99997914
1.0 0.9999933
0.0 0.00045483527
1.0 0.9999933
0.0 0.00055745966
1.0 0.99997497
0.0 0.00055745966
1.0 0.9999908
0.0 0.00027951246
1.0 0.9999788
1.0 0.9999938
1.0 0.9999877
1.0 0.9999938
1.0 0.99999285
1.0 0.9551447
1.0 0.9999901
1.0 0.99997914
1.0 0.9999939
1.0 0.9999933
1.0 0.9984971
1.0 0.99999285
1.0 0.99886405
1.0 0.9999263
1.0 0.9999933
1.0 0.9999875
0.0 0.0002545342
0.0 0.001060458
1.0 0.9999795
1.0 0.99999285
1.0 0.9984971
1.0 0.9999933
0.0 0.006564868
1.0 0.9999404
1.0 0.9999932
0.0 0.00028816628
0.0 0.0007500677
0.0 0.0008658444
0.0 0.0013570207
1.0 0.99990475
0.0 0.21670502
1.0 0.94892466
1.0 0.9999933
1.0 0.9999933
1.0 0.99998796
0.0 0.10251903
1.0 0.9986829
1.0 0.8304071
1.0 0.9999795
1.0 0.9988932
0.0 0.0007994614
0.0 0.00031062975
1.0 0.99998796
1.0 0.93388426
1.0 0.9999933
1.0 0.9479298
0.0 0.00041800077
1.0 0.99994516
1.0 0.9999933
1.0 0.9999938
1.0 0.99999285
1.0 0.99999285
0.0 0.00055745966
1.0 0.9999933
1.0 0.9988932
1.0 0.9999901
0.0 0.001060458
1.0 0.9999933
1.0 0.9999932
0.0 0.012544673
1.0 0.99886405
1.0 0.99999297
1.0 0.9984971
1.0 0.99994516
1.0 0.9999906
0.0 0.0005617901
1.0 0.9999933
1.0 0.9999933
0.0 0.011516283
1.0 0.99998736
1.0 0.9999932
1.0 0.99994504
0.0 0.21670502
1.0 0.99997914
1.0 0.9999938
1.0 0.9999938
1.0 0.93588585
1.0 0.99997675
1.0 0.9999933
1.0 0.9999938
1.0 0.9999404
0.0 0.0005617901
0.0 0.0013570207
1.0 0.92984545
1.0 0.9999901
1.0 0.9992231
1.0 0.9999933
1.0 0.9999938
1.0 0.99997723
1.0 0.99997497
0.0 0.00028816628
1.0 0.9999908
0.0 0.012896315
1.0 0.9999927
1.0 0.93588585
0.0 0.0005617901
1.0 0.9999933
1.0 0.99998605
0.0 0.006564868
1.0 0.9984971
1.0 0.9999939
0.0 0.0010388958
1.0 0.99997914
1.0 0.9999907
1.0 0.9999869
0.0 0.116745725
1.0 0.99999285
1.0 0.93388426
1.0 0.9999933
0.0 0.0005617901
1.0 0.8560061
0.0 0.0008658444
1.0 0.962608
1.0 0.9096068
0.0 0.00041800077
1.0 0.9999907
1.0 0.9984971
1.0 0.9999933
0.0 0.12218246
1.0 0.99999285
0.0 0.005273276
1.0 0.93588585
1.0 0.9999391
1.0 0.9999938
1.0 0.99999297
1.0 0.99992204
1.0 0.9999933
0.0 0.009329925
1.0 0.9999907
1.0 0.9999933
1.0 0.99999285
1.0 0.8304071
0.0 0.00031062975
0.0 0.006564868
1.0 0.9999933
1.0 0.9999938
1.0 0.9999411
1.0 0.9999757
1.0 0.9999938
1.0 0.99999285
0.0 0.0002545342
0.0 0.0005271193
0.0 0.012896315
1.0 0.93588585
1.0 0.9999938
0.0 0.001060458
1.0 0.99999297
1.0 0.99994516
1.0 0.9999938
0.0 0.01031706
1.0 0.9999938
1.0 0.9999906
1.0 0.99999297
1.0 0.9988932
0.0 0.0007500677
1.0 0.9984971
1.0 0.9986829
1.0 0.9999938
1.0 0.9999939
1.0 0.9999933
1.0 0.92984545
1.0 0.9999788
1.0 0.9999933
1.0 0.9999869
1.0 0.9990356
1.0 0.9999932
1.0 0.99997854
1.0 0.9999907
1.0 0.8304071
1.0 0.9999933
1.0 0.9999875
1.0 0.9999907
1.0 0.9999932
1.0 0.9999864
1.0 0.9999938
1.0 0.8304071
1.0 0.9999411
1.0 0.9999933
1.0 0.9999933
1.0 0.9999907
0.0 0.0005271193
1.0 0.99999297
1.0 0.9992231
1.0 0.99999344
1.0 0.9999906
1.0 0.9999933
1.0 0.9999788
1.0 0.9999933
1.0 0.9999933
1.0 0.999987
0.0 0.0005617901
1.0 0.9989827
1.0 0.9988932
1.0 0.9988932
1.0 0.99997723
1.0 0.9999876
1.0 0.9999404
1.0 0.9986829
1.0 0.9999386
0.0 0.0010388958
1.0 0.93388426
1.0 0.99994504
1.0 0.99999285
0.0 0.0011098767
1.0 0.99997854
0.0 0.0005617901
1.0 0.99999344
0.0 0.0007038913
0.0 0.00055125466
1.0 0.9999933
1.0 0.99997497
0.0 0.09073028
1.0 0.9999757
0.0 0.0008658444
1.0 0.99990475
0.0 0.10251903
1.0 0.9992231
1.0 0.9999933
0.0 0.0011401528
1.0 0.9999757
1.0 0.9999938
0.0 0.21670502
1.0 0.99999285
0.0 0.0013570207
1.0 0.99998736
1.0 0.99997497
1.0 0.9999907
1.0 0.9999404
1.0 0.99997497
1.0 0.9999938
1.0 0.99708134
1.0 0.93588585
0.0 0.13710079
0.0 0.0011401528
1.0 0.99998724
1.0 0.9999386
1.0 0.9984971
1.0 0.9999933
0.0 0.0002900198
1.0 0.99998605
1.0 0.9999386
0.0 0.00055125466
