true vs pred:
1.0 0.9985727
1.0 0.9992428
1.0 0.9979005
1.0 0.99871206
1.0 0.9979005
1.0 0.9984621
1.0 0.99952364
1.0 0.994069
1.0 0.9996716
1.0 0.9993605
1.0 0.99973804
1.0 0.99856573
1.0 0.9971643
1.0 0.9994999
1.0 0.9981902
1.0 0.99965703
1.0 0.99904245
1.0 0.9994492
1.0 0.9993741
1.0 0.9993486
1.0 0.9987515
1.0 0.9987515
1.0 0.9993874
1.0 0.9995933
1.0 0.9997316
1.0 0.99952364
1.0 0.9983005
1.0 0.99942774
1.0 0.99966633
1.0 0.99927145
1.0 0.99952364
1.0 0.99934345
1.0 0.9985727
1.0 0.9997203
1.0 0.9997297
1.0 0.99973804
1.0 0.9997031
1.0 0.99934345
1.0 0.99943393
1.0 0.9994492
1.0 0.9987766
1.0 0.99654895
1.0 0.9996513
1.0 0.9994492
1.0 0.99967504
1.0 0.99860305
1.0 0.99927145
1.0 0.9987515
1.0 0.9996716
1.0 0.9994276
1.0 0.9996853
1.0 0.9984114
1.0 0.9994999
1.0 0.9987515
1.0 0.9996582
1.0 0.9993605
1.0 0.99941516
1.0 0.99775404
1.0 0.9986934
1.0 0.99942774
1.0 0.99799216
1.0 0.99958605
1.0 0.99957126
1.0 0.9985216
1.0 0.8155064
1.0 0.9947765
1.0 0.9996101
1.0 0.9986934
1.0 0.9994999
1.0 0.7556984
1.0 0.997045
1.0 0.9994134
1.0 0.998254
1.0 0.9996947
1.0 0.9994276
1.0 0.7769896
1.0 0.9996393
1.0 0.99973804
1.0 0.99942774
1.0 0.99609524
1.0 0.9924206
1.0 0.99964964
1.0 0.99966574
1.0 0.9994999
1.0 0.9993236
1.0 0.99965703
1.0 0.9973375
1.0 0.99904245
1.0 0.7735314
1.0 0.9993486
1.0 0.9993874
1.0 0.9993025
1.0 0.99799216
1.0 0.99899465
1.0 0.99884063
1.0 0.99964964
1.0 0.99654895
1.0 0.99942005
1.0 0.9977373
1.0 0.9992428
1.0 0.9996716
1.0 0.9992797
1.0 0.6763137
1.0 0.99609405
1.0 0.99966633
1.0 0.6849244
1.0 0.9974523
1.0 0.9995933
1.0 0.99954957
1.0 0.9994134
1.0 0.9997316
1.0 0.99904245
1.0 0.99942005
1.0 0.99936646
1.0 0.9994492
1.0 0.9973375
1.0 0.99688965
1.0 0.99768186
1.0 0.992117
1.0 0.9993605
1.0 0.99972767
1.0 0.99967504
1.0 0.9997031
1.0 0.9993486
1.0 0.994069
1.0 0.9973066
1.0 0.99654895
1.0 0.99966574
1.0 0.9994276
1.0 0.99966335
1.0 0.9993874
1.0 0.9996389
1.0 0.81421894
1.0 0.9993605
1.0 0.6849244
1.0 0.9984114
1.0 0.9996753
1.0 0.99971384
1.0 0.99954957
1.0 0.99967504
1.0 0.739407
1.0 0.9997031
1.0 0.9988582
1.0 0.99899465
1.0 0.99609524
1.0 0.9997203
1.0 0.9981902
1.0 0.99952364
1.0 0.6763137
1.0 0.9996418
1.0 0.9997297
1.0 0.99654895
1.0 0.99775404
1.0 0.99609405
1.0 0.9993741
1.0 0.6849244
1.0 0.9995536
1.0 0.9992642
1.0 0.9993236
1.0 0.9984345
1.0 0.9988582
1.0 0.99272585
1.0 0.994069
1.0 0.9973375
1.0 0.9996389
1.0 0.994069
1.0 0.9994937
1.0 0.99954957
1.0 0.9977163
1.0 0.99966335
1.0 0.9984621
1.0 0.9996513
1.0 0.9994134
1.0 0.81421894
1.0 0.9993399
1.0 0.9996722
1.0 0.99904245
1.0 0.99899465
1.0 0.99810827
1.0 0.9996947
1.0 0.99952364
1.0 0.99823344
1.0 0.99973327
1.0 0.9996699
1.0 0.6849244
1.0 0.9996853
1.0 0.99775404
1.0 0.99966574
1.0 0.99884063
1.0 0.9985216
1.0 0.9996699
1.0 0.9996283
1.0 0.99622935
1.0 0.99943393
1.0 0.9993874
1.0 0.99942005
1.0 0.9971643
1.0 0.99272585
1.0 0.739407
1.0 0.9996418
1.0 0.9993236
1.0 0.9996513
1.0 0.99847955
1.0 0.9994999
1.0 0.9996947
1.0 0.99969137
1.0 0.7556984
1.0 0.99768186
1.0 0.99272585
1.0 0.9993236
1.0 0.9993741
1.0 0.9977373
1.0 0.99941516
1.0 0.99847955
1.0 0.9994134
1.0 0.992117
1.0 0.9974523
1.0 0.9988582
1.0 0.994069
1.0 0.99973863
1.0 0.9996582
1.0 0.9981902
1.0 0.9989367
1.0 0.9997316
1.0 0.9996675
1.0 0.9988582
1.0 0.9985014
1.0 0.99814856
1.0 0.9997031
1.0 0.9993399
1.0 0.99966335
1.0 0.9996642
1.0 0.9984621
1.0 0.99972767
1.0 0.99973863
1.0 0.99904245
1.0 0.9996853
1.0 0.99927145
1.0 0.99965394
1.0 0.9983005
1.0 0.99768186
1.0 0.9947765
1.0 0.9986934
1.0 0.9993741
1.0 0.9994438
1.0 0.99966574
1.0 0.9997297
1.0 0.9992836
1.0 0.99965394
1.0 0.9997247
1.0 0.99963415
1.0 0.9996418
1.0 0.9987766
1.0 0.99904245
1.0 0.999323
1.0 0.9996393
1.0 0.9997203
1.0 0.9993236
1.0 0.9996753
1.0 0.9985014
1.0 0.99967504
1.0 0.99952865
1.0 0.9988236
1.0 0.9995814
1.0 0.9993486
1.0 0.9993741
1.0 0.99965703
1.0 0.99811137
1.0 0.997045
1.0 0.9984114
1.0 0.99967825
1.0 0.73939675
1.0 0.9984345
1.0 0.9996642
1.0 0.99964964
1.0 0.999466
1.0 0.7735314
1.0 0.9995536
1.0 0.9974523
1.0 0.9996753
1.0 0.99775404
1.0 0.99272585
1.0 0.9996853
1.0 0.9947765
1.0 0.9992797
1.0 0.99966633
1.0 0.9995814
1.0 0.9996753
1.0 0.9993236
1.0 0.99964964
1.0 0.739407
1.0 0.9981902
1.0 0.99973327
1.0 0.9996716
1.0 0.9996753
1.0 0.9993741
1.0 0.9987766
1.0 0.9993236
1.0 0.9996513
1.0 0.9985727
1.0 0.9996853
1.0 0.99973327
1.0 0.9994492
1.0 0.9987758
1.0 0.9993399
1.0 0.9996582
1.0 0.9986934
1.0 0.99936646
1.0 0.99969137
1.0 0.9987758
1.0 0.99973327
1.0 0.9992642
1.0 0.9996624
1.0 0.9995814
1.0 0.9984114
1.0 0.9986934
1.0 0.7556984
1.0 0.9997316
1.0 0.99967504
1.0 0.9974523
1.0 0.9992642
1.0 0.99952865
1.0 0.99755114
1.0 0.99956816
1.0 0.9996699
1.0 0.9987515
1.0 0.9992428
1.0 0.99799216
1.0 0.9995933
1.0 0.99818903
1.0 0.99884063
1.0 0.9964282
1.0 0.9993741
1.0 0.99969137
1.0 0.9984345
1.0 0.99904245
1.0 0.99970204
1.0 0.99965394
1.0 0.9994729
1.0 0.9983005
1.0 0.99860305
1.0 0.99967504
1.0 0.99973863
1.0 0.99966335
1.0 0.99973804
1.0 0.99609524
1.0 0.99609405
1.0 0.99768186
1.0 0.99969137
1.0 0.9996393
1.0 0.9984621
1.0 0.9994729
1.0 0.9996675
1.0 0.9996418
1.0 0.99943393
1.0 0.7735314
1.0 0.9984114
1.0 0.99609524
1.0 0.9994134
1.0 0.99823344
1.0 0.9947765
1.0 0.9971643
1.0 0.9979005
1.0 0.9973066
1.0 0.99966335
1.0 0.99856573
1.0 0.99755114
1.0 0.99818903
1.0 0.9996722
1.0 0.99934345
1.0 0.9985216
1.0 0.998451
1.0 0.99943393
1.0 0.9986111
1.0 0.99958605
1.0 0.99965394
1.0 0.9995536
1.0 0.99973863
1.0 0.9997247
1.0 0.998451
1.0 0.9997247
1.0 0.99966574
1.0 0.994069
1.0 0.9984621
1.0 0.9988236
1.0 0.9996753
1.0 0.9996418
1.0 0.99775404
1.0 0.99965394
1.0 0.9996393
1.0 0.9994017
1.0 0.99904245
1.0 0.9997297
1.0 0.9997031
1.0 0.9997203
1.0 0.99943393
1.0 0.99943393
1.0 0.9985727
1.0 0.9977373
1.0 0.99966574
1.0 0.9984621
1.0 0.99941516
1.0 0.99899465
1.0 0.9915045
1.0 0.8155064
1.0 0.9996675
1.0 0.99973327
1.0 0.99967504
1.0 0.99952364
1.0 0.9984345
1.0 0.99927145
1.0 0.99810827
1.0 0.99965394
1.0 0.99425405
1.0 0.99856573
1.0 0.9986934
1.0 0.99966574
1.0 0.9973066
1.0 0.99966574
1.0 0.8155064
1.0 0.999323
1.0 0.99884063
1.0 0.7735314
1.0 0.99654895
1.0 0.99971384
1.0 0.99966335
1.0 0.9986111
1.0 0.9988236
1.0 0.99927145
1.0 0.9996753
1.0 0.99904245
1.0 0.99970204
1.0 0.99609524
1.0 0.9996947
1.0 0.99432606
1.0 0.9997297
1.0 0.99775404
1.0 0.99973804
1.0 0.9996101
1.0 0.9993741
1.0 0.9993486
1.0 0.9993741
1.0 0.99962485
1.0 0.9994729
1.0 0.99425405
1.0 0.99966335
1.0 0.8155064
1.0 0.99823344
1.0 0.9981902
1.0 0.9984345
1.0 0.9996947
1.0 0.99973327
1.0 0.9993874
1.0 0.99970204
1.0 0.9947765
1.0 0.7556984
1.0 0.99964964
1.0 0.9992797
1.0 0.99952364
1.0 0.9985014
1.0 0.9997297
1.0 0.9983005
1.0 0.99799216
1.0 0.9947765
1.0 0.9992428
1.0 0.9994276
1.0 0.99847955
1.0 0.99967825
1.0 0.9986111
1.0 0.9994999
1.0 0.99964964
1.0 0.8155064
1.0 0.9985216
1.0 0.9993025
1.0 0.9983962
1.0 0.9993605
1.0 0.9924206
1.0 0.9973375
1.0 0.739407
1.0 0.99272585
1.0 0.81421894
1.0 0.99966574
1.0 0.9952915
1.0 0.99799216
1.0 0.9977373
1.0 0.99966335
1.0 0.739407
1.0 0.999323
1.0 0.9987766
1.0 0.9996815
1.0 0.9987766
1.0 0.9994729
1.0 0.9996418
1.0 0.6763137
1.0 0.6849244
1.0 0.73939675
1.0 0.99943393
1.0 0.99432606
1.0 0.99823344
1.0 0.9985014
1.0 0.99973327
1.0 0.9996418
1.0 0.9997297
1.0 0.7735314
1.0 0.99954957
1.0 0.9994999
1.0 0.99952865
1.0 0.9994438
1.0 0.9994134
1.0 0.9993486
1.0 0.999323
1.0 0.99971384
1.0 0.9996642
1.0 0.9997031
1.0 0.997045
1.0 0.9993741
1.0 0.998451
1.0 0.9992797
1.0 0.99970204
1.0 0.99609405
