true vs pred:
1.0 0.975817
1.0 0.98981476
1.0 0.99448496
1.0 0.99534875
1.0 0.9469324
1.0 0.9958806
1.0 0.9956654
1.0 0.9942796
1.0 0.94097596
1.0 0.45981875
1.0 0.9953631
1.0 0.89300835
1.0 0.98164314
1.0 0.9645668
1.0 0.9818273
1.0 0.9827869
1.0 0.97781813
1.0 0.98981476
1.0 0.99579096
1.0 0.9919286
1.0 0.99074286
1.0 0.9818627
1.0 0.99064213
1.0 0.99439996
1.0 0.5026402
1.0 0.9044609
1.0 0.9794869
1.0 0.9957164
1.0 0.99439996
1.0 0.99598557
1.0 0.98085505
1.0 0.9845324
1.0 0.9941293
1.0 0.8943533
1.0 0.99248356
1.0 0.94159865
1.0 0.9943389
1.0 0.9816343
1.0 0.9958215
1.0 0.99164796
1.0 0.9795908
1.0 0.9730123
1.0 0.98113316
1.0 0.9924045
1.0 0.96708214
1.0 0.9845324
1.0 0.9941293
1.0 0.9911601
1.0 0.9956857
1.0 0.9795908
1.0 0.94636405
1.0 0.99079
1.0 0.9894824
1.0 0.47225326
1.0 0.99534875
1.0 0.9899058
1.0 0.89687854
1.0 0.99570173
1.0 0.99074286
1.0 0.975817
1.0 0.9730123
1.0 0.994206
1.0 0.994206
1.0 0.9953631
1.0 0.99149394
1.0 0.9955336
1.0 0.89300835
1.0 0.9899058
1.0 0.99448496
1.0 0.96708214
1.0 0.94637775
1.0 0.9945346
1.0 0.53559643
1.0 0.9818627
1.0 0.99570173
1.0 0.9894824
1.0 0.99594647
1.0 0.9841217
1.0 0.9913946
1.0 0.9845324
1.0 0.9788882
1.0 0.94637775
1.0 0.9736872
1.0 0.99164796
1.0 0.9956713
1.0 0.99454296
1.0 0.98328745
1.0 0.9847431
1.0 0.9795908
1.0 0.99591917
1.0 0.9942796
1.0 0.9845324
1.0 0.99534875
1.0 0.989972
1.0 0.9960299
1.0 0.9674498
1.0 0.89904803
1.0 0.9958806
1.0 0.9930709
1.0 0.9818273
1.0 0.99448496
1.0 0.9845324
1.0 0.97781813
1.0 0.9839183
1.0 0.9964045
1.0 0.9923786
1.0 0.9946162
1.0 0.99534875
1.0 0.9946162
1.0 0.9919286
1.0 0.94637775
1.0 0.4868388
1.0 0.995443
1.0 0.99115014
1.0 0.9960526
1.0 0.9944601
1.0 0.9693168
1.0 0.9956654
1.0 0.995443
1.0 0.9943389
1.0 0.99475515
1.0 0.4966691
1.0 0.98113316
1.0 0.9788882
1.0 0.96708214
1.0 0.99448496
1.0 0.995626
1.0 0.9956
1.0 0.9943389
1.0 0.9882361
1.0 0.994601
1.0 0.9730123
1.0 0.9498436
1.0 0.96708214
1.0 0.97781813
1.0 0.9827869
1.0 0.89687854
1.0 0.9847431
1.0 0.9958806
1.0 0.98077583
1.0 0.991577
1.0 0.5337168
1.0 0.9736872
1.0 0.9941293
1.0 0.9945779
1.0 0.4868388
1.0 0.9775612
1.0 0.98328745
1.0 0.98085505
1.0 0.9920415
1.0 0.98113316
1.0 0.9924045
1.0 0.9826835
1.0 0.9911601
1.0 0.97836876
1.0 0.89687854
1.0 0.97836876
1.0 0.9956
1.0 0.9960299
1.0 0.8922932
1.0 0.9816343
1.0 0.9827869
1.0 0.99534875
1.0 0.9964045
1.0 0.5026402
1.0 0.9945779
1.0 0.9945779
1.0 0.99421614
1.0 0.99475515
1.0 0.9924004
1.0 0.99454296
1.0 0.99590623
1.0 0.96295464
1.0 0.8943533
1.0 0.9946162
1.0 0.9682263
1.0 0.99448496
1.0 0.98288983
1.0 0.98113316
1.0 0.99591917
1.0 0.9899058
1.0 0.96708214
1.0 0.9767273
1.0 0.9898218
1.0 0.9670998
1.0 0.99079
1.0 0.99064213
1.0 0.99439996
1.0 0.9947326
1.0 0.94636405
1.0 0.94462234
1.0 0.97159946
1.0 0.9956654
1.0 0.8943533
1.0 0.99248356
1.0 0.9899058
1.0 0.94636405
1.0 0.9946162
1.0 0.9670998
1.0 0.9682263
1.0 0.9894824
1.0 0.9898218
1.0 0.5337168
1.0 0.4868388
1.0 0.47528613
1.0 0.994601
1.0 0.9956422
1.0 0.9944232
1.0 0.991577
1.0 0.995443
1.0 0.98133737
1.0 0.9919286
1.0 0.99439996
1.0 0.9956713
1.0 0.9682263
1.0 0.94024014
1.0 0.9957164
1.0 0.9925808
1.0 0.9956857
1.0 0.9914676
1.0 0.99149394
1.0 0.9922923
1.0 0.99227434
1.0 0.99227434
1.0 0.9925808
1.0 0.97344613
1.0 0.9953275
1.0 0.9956713
1.0 0.47225326
1.0 0.9955336
1.0 0.99074286
1.0 0.99570173
1.0 0.97781813
1.0 0.47528613
1.0 0.94159865
1.0 0.9882361
1.0 0.98887515
1.0 0.9811352
1.0 0.99475515
1.0 0.99115014
1.0 0.9767273
1.0 0.9943389
1.0 0.99590623
1.0 0.9645668
1.0 0.99594647
1.0 0.47528613
1.0 0.99074286
1.0 0.99579096
1.0 0.991577
1.0 0.9945346
1.0 0.94637775
1.0 0.98887515
1.0 0.9674498
1.0 0.9882361
1.0 0.9960299
1.0 0.99354607
1.0 0.9945346
1.0 0.9924045
1.0 0.96349704
1.0 0.9836284
1.0 0.9498801
1.0 0.99079
1.0 0.9942796
1.0 0.99115014
1.0 0.99448496
1.0 0.89846927
1.0 0.99598557
1.0 0.9674498
1.0 0.9767273
1.0 0.99115014
1.0 0.9882361
1.0 0.9957009
1.0 0.9919286
1.0 0.9736872
1.0 0.9924045
1.0 0.9924004
1.0 0.9894824
1.0 0.99074286
1.0 0.9736872
1.0 0.9956857
1.0 0.9693168
1.0 0.99448496
1.0 0.9944232
1.0 0.9044609
1.0 0.9958806
1.0 0.9944601
1.0 0.9955336
1.0 0.9960299
1.0 0.94637775
1.0 0.9956857
1.0 0.94024014
1.0 0.9960299
1.0 0.9942625
1.0 0.99164796
1.0 0.9942796
1.0 0.9836284
1.0 0.99354607
1.0 0.9882361
1.0 0.9944423
1.0 0.9670998
1.0 0.9645668
1.0 0.9953275
1.0 0.99164796
1.0 0.89300835
1.0 0.98113316
1.0 0.98981476
1.0 0.9923786
1.0 0.9942625
1.0 0.98085505
1.0 0.9767273
1.0 0.9818627
1.0 0.98077583
1.0 0.98328745
1.0 0.98887515
1.0 0.9919286
1.0 0.98887515
1.0 0.9956422
1.0 0.96295464
1.0 0.99074286
1.0 0.9674498
1.0 0.4966691
1.0 0.5026402
1.0 0.9956857
1.0 0.4868388
1.0 0.9909469
1.0 0.89904803
1.0 0.989972
1.0 0.9911601
1.0 0.94159865
1.0 0.9845324
1.0 0.9882361
1.0 0.9922741
1.0 0.9958215
1.0 0.98887515
1.0 0.99115014
1.0 0.9498436
1.0 0.9785187
1.0 0.98113316
1.0 0.94462234
1.0 0.9816343
1.0 0.9736872
1.0 0.9947326
1.0 0.98288983
1.0 0.99149394
1.0 0.9923786
1.0 0.9942796
1.0 0.9730123
1.0 0.89846927
1.0 0.9920415
1.0 0.99271554
1.0 0.9947326
1.0 0.97159946
1.0 0.994601
1.0 0.98133737
1.0 0.99534875
1.0 0.9956
1.0 0.9956422
1.0 0.99590623
1.0 0.99591917
1.0 0.98113316
1.0 0.995443
1.0 0.97836876
1.0 0.99421614
1.0 0.9956857
1.0 0.9845324
1.0 0.99271554
1.0 0.96295464
1.0 0.98328745
1.0 0.99448496
1.0 0.99448496
1.0 0.98328745
1.0 0.9920415
1.0 0.99271554
1.0 0.9960299
1.0 0.9911601
1.0 0.99227434
1.0 0.995626
1.0 0.9960299
1.0 0.99594647
1.0 0.991577
1.0 0.4868388
1.0 0.45981875
1.0 0.9942796
1.0 0.99594647
1.0 0.9920415
1.0 0.9923786
1.0 0.99439996
1.0 0.9960299
1.0 0.9919286
1.0 0.9785187
1.0 0.99454296
1.0 0.89687854
1.0 0.9919286
1.0 0.9956857
1.0 0.9811352
1.0 0.9955336
1.0 0.9044609
1.0 0.45981875
1.0 0.9956422
1.0 0.9943389
1.0 0.99590623
1.0 0.9826835
1.0 0.98085505
1.0 0.9956713
1.0 0.99164796
1.0 0.9882361
1.0 0.9945346
1.0 0.9913946
1.0 0.9944423
1.0 0.99598557
1.0 0.9898218
1.0 0.96295464
1.0 0.45981875
1.0 0.9736872
1.0 0.9827869
1.0 0.9795908
1.0 0.9767273
1.0 0.99079
1.0 0.98085505
1.0 0.94636405
1.0 0.5026402
1.0 0.9957009
1.0 0.98133737
1.0 0.9670998
1.0 0.8959429
1.0 0.5026402
1.0 0.9816343
1.0 0.989972
1.0 0.5026402
1.0 0.9775612
1.0 0.995626
1.0 0.99591917
1.0 0.9674498
1.0 0.9816343
1.0 0.9469324
1.0 0.9956422
1.0 0.99591917
1.0 0.9944601
1.0 0.53559643
1.0 0.99115014
1.0 0.9682263
1.0 0.98887515
1.0 0.8943533
1.0 0.99591917
1.0 0.9958215
1.0 0.9767273
1.0 0.9958806
1.0 0.9818627
1.0 0.99079
1.0 0.8943533
1.0 0.99227434
1.0 0.9909469
1.0 0.89687854
1.0 0.89300835
1.0 0.9944232
1.0 0.9845324
1.0 0.4868388
1.0 0.98887515
1.0 0.98133737
1.0 0.9911601
1.0 0.9827869
1.0 0.9645668
1.0 0.89904803
1.0 0.9682263
1.0 0.9826835
1.0 0.99271554
1.0 0.99271554
1.0 0.994601
1.0 0.96708214
1.0 0.94024014
1.0 0.96295464
1.0 0.47528613
1.0 0.49303293
1.0 0.96295464
1.0 0.99421614
1.0 0.99149394
1.0 0.9898218
1.0 0.9942796
1.0 0.9920415
1.0 0.96708214
1.0 0.9957164
1.0 0.9923786
1.0 0.9946162
1.0 0.9955336
1.0 0.9847431
1.0 0.9922923
1.0 0.99401605
1.0 0.9767273
1.0 0.8943533
1.0 0.99598557
1.0 0.9811352
1.0 0.9956654
1.0 0.9956422
1.0 0.9951514
1.0 0.9922741
1.0 0.9785187
1.0 0.89846927
1.0 0.9960526
1.0 0.99439996
1.0 0.96349704
1.0 0.49303293
1.0 0.9841217
1.0 0.99439996
1.0 0.994601
1.0 0.99115014
1.0 0.94462234
1.0 0.9953275
1.0 0.9894824
1.0 0.99579096
1.0 0.9845324
1.0 0.5337168
1.0 0.9133433
1.0 0.98113316
1.0 0.99227434
1.0 0.5026402
1.0 0.9919286
1.0 0.94097596
1.0 0.97836876
1.0 0.4588188
1.0 0.9944423
