true vs pred:
1.0 0.9997633
1.0 0.9999745
1.0 0.99993074
0.0 0.003364509
1.0 0.99997497
1.0 0.99997497
1.0 0.9999691
1.0 0.7134478
1.0 0.9999703
0.0 0.30179486
1.0 0.9654109
1.0 0.7227902
1.0 0.9999585
1.0 0.9999423
1.0 0.7682824
1.0 0.99991333
1.0 0.9994129
1.0 0.9999745
1.0 0.99997807
1.0 0.99994075
1.0 0.9999752
1.0 0.97800875
1.0 0.9999752
1.0 0.9997563
0.0 0.003249761
1.0 0.9999614
1.0 0.999977
1.0 0.9999751
0.0 0.003249761
1.0 0.9944727
1.0 0.999943
1.0 0.99975795
1.0 0.9999776
1.0 0.99995685
1.0 0.999775
1.0 0.99997866
0.0 0.31155545
1.0 0.9992799
1.0 0.99997807
1.0 0.9999
0.0 0.3271274
1.0 0.9740761
1.0 0.99997556
1.0 0.72245413
1.0 0.99292916
1.0 0.99939346
1.0 0.9979698
0.0 0.004055665
1.0 0.9994129
1.0 0.7210628
1.0 0.99980897
1.0 0.6773035
1.0 0.99996614
1.0 0.6587146
1.0 0.9985056
0.0 0.30179486
1.0 0.9999585
1.0 0.99997866
1.0 0.9999602
1.0 0.9999691
1.0 0.9999038
1.0 0.7227902
1.0 0.99996924
0.0 0.31312987
1.0 0.75851715
1.0 0.94545275
1.0 0.9916353
1.0 0.99988794
1.0 0.9999745
0.0 0.0036514094
1.0 0.9999423
1.0 0.9992799
0.0 0.0034356166
1.0 0.999775
1.0 0.9999609
1.0 0.998066
1.0 0.68192995
1.0 0.9997639
1.0 0.99988794
1.0 0.99837995
1.0 0.99870074
1.0 0.9997092
0.0 0.003364509
1.0 0.99996877
1.0 0.68864405
1.0 0.99996233
1.0 0.9985708
1.0 0.99487066
1.0 0.99997807
1.0 0.9999703
1.0 0.9999428
1.0 0.9999081
1.0 0.7134478
1.0 0.9979698
1.0 0.9995448
1.0 0.9999094
1.0 0.9999436
1.0 0.91645634
1.0 0.9997563
0.0 0.0035598304
1.0 0.9997639
1.0 0.9999
1.0 0.9997892
1.0 0.9997892
1.0 0.9739154
1.0 0.9997092
1.0 0.99997795
1.0 0.9705557
0.0 0.35929334
1.0 0.68192995
1.0 0.9740761
1.0 0.91645634
1.0 0.9654109
1.0 0.72245413
1.0 0.99996233
1.0 0.9999697
1.0 0.7227902
1.0 0.94545275
1.0 0.9999602
1.0 0.6773035
1.0 0.9794048
1.0 0.99996877
1.0 0.9999614
0.0 0.31155545
0.0 0.0036514094
1.0 0.91645634
1.0 0.99939346
0.0 0.25192615
1.0 0.9997092
1.0 0.9999428
1.0 0.9999436
1.0 0.99837995
1.0 0.7134478
1.0 0.91645634
1.0 0.9997092
1.0 0.9999614
1.0 0.99980897
1.0 0.99997807
1.0 0.9997639
1.0 0.9066513
1.0 0.9997633
1.0 0.9999081
1.0 0.9999193
1.0 0.9999423
1.0 0.99837995
1.0 0.998066
0.0 0.25192615
1.0 0.9979698
0.0 0.004055665
1.0 0.7210628
1.0 0.9999685
0.0 0.0037797864
1.0 0.99315464
1.0 0.9705557
1.0 0.68864405
1.0 0.999537
1.0 0.99975795
1.0 0.93894565
1.0 0.99997866
1.0 0.9999602
1.0 0.9999745
1.0 0.94545275
1.0 0.9988651
0.0 0.31312987
1.0 0.9997683
1.0 0.9999685
1.0 0.7227902
1.0 0.99993074
0.0 0.003249761
1.0 0.7210628
1.0 0.99994075
1.0 0.99997497
1.0 0.9999428
0.0 0.27116755
1.0 0.99487066
1.0 0.9999602
1.0 0.9705557
1.0 0.9999697
1.0 0.9994129
1.0 0.9979698
1.0 0.93894565
1.0 0.99852294
1.0 0.9999778
1.0 0.999537
0.0 0.33400878
1.0 0.9999703
1.0 0.7682824
1.0 0.9322672
1.0 0.9999094
1.0 0.9999691
1.0 0.9999602
1.0 0.99996865
1.0 0.9999602
1.0 0.9999
1.0 0.9985857
1.0 0.99996877
1.0 0.9995448
1.0 0.99947494
1.0 0.94545275
1.0 0.9999602
0.0 0.0035598304
1.0 0.94545275
1.0 0.75851715
1.0 0.97336
1.0 0.9988651
1.0 0.9392395
1.0 0.99837995
1.0 0.9904917
1.0 0.9999436
1.0 0.72245413
0.0 0.26492158
1.0 0.9999094
1.0 0.9999422
1.0 0.99997795
1.0 0.9997633
1.0 0.92304844
1.0 0.9999745
1.0 0.998066
1.0 0.9996063
1.0 0.97800875
1.0 0.9999
1.0 0.7134478
1.0 0.7210628
1.0 0.9999691
1.0 0.99991333
1.0 0.94545275
1.0 0.9392395
1.0 0.9996063
1.0 0.75851715
1.0 0.9999745
1.0 0.9999609
1.0 0.99997497
1.0 0.9705557
1.0 0.99315464
1.0 0.91645634
1.0 0.99951196
1.0 0.9999745
1.0 0.9999745
1.0 0.99997497
0.0 0.003263281
1.0 0.99990654
1.0 0.92304844
1.0 0.9996063
1.0 0.99951196
0.0 0.27116755
0.0 0.27116755
0.0 0.0036514094
1.0 0.9794048
0.0 0.003364509
1.0 0.9182752
1.0 0.7210628
1.0 0.9999609
1.0 0.9985857
1.0 0.9933822
1.0 0.7682824
0.0 0.35929334
1.0 0.9999727
1.0 0.99996233
1.0 0.99997497
1.0 0.99997497
1.0 0.9997639
1.0 0.9999776
1.0 0.7227902
1.0 0.9985857
1.0 0.999943
0.0 0.2582933
1.0 0.92304844
1.0 0.999775
1.0 0.9392395
1.0 0.9999081
1.0 0.9985056
1.0 0.7134478
1.0 0.99990654
1.0 0.9999608
1.0 0.9999778
1.0 0.9985857
1.0 0.9933822
1.0 0.99988794
1.0 0.9999776
1.0 0.9997639
0.0 0.30179486
1.0 0.9999094
1.0 0.9999776
1.0 0.99975795
1.0 0.93224686
0.0 0.33400878
1.0 0.99852294
1.0 0.93224686
1.0 0.999537
1.0 0.9999614
1.0 0.7227902
1.0 0.9997483
1.0 0.99870074
0.0 0.26492158
1.0 0.9392395
0.0 0.33400878
1.0 0.75851715
1.0 0.94545275
1.0 0.99990356
1.0 0.9985857
1.0 0.99997556
1.0 0.97336
1.0 0.9985857
1.0 0.99292266
1.0 0.9999602
1.0 0.99997795
1.0 0.9999014
1.0 0.9999776
1.0 0.99997795
1.0 0.99996614
1.0 0.99996924
0.0 0.25192615
1.0 0.68192995
1.0 0.99852294
1.0 0.93002915
1.0 0.9999752
1.0 0.9999422
1.0 0.9947743
0.0 0.26492158
1.0 0.9992799
1.0 0.9999752
1.0 0.9999614
1.0 0.9999428
1.0 0.99852294
1.0 0.9981287
0.0 0.35929334
1.0 0.97800875
1.0 0.99837995
1.0 0.9066513
1.0 0.99980897
1.0 0.9979698
0.0 0.0034356166
0.0 0.004055665
1.0 0.9999602
1.0 0.99997747
0.0 0.003364509
1.0 0.9999602
1.0 0.999961
0.0 0.2582933
0.0 0.003364509
1.0 0.999961
0.0 0.0036514094
1.0 0.99994063
1.0 0.9947743
1.0 0.9999428
1.0 0.9705557
1.0 0.9999423
1.0 0.72245413
1.0 0.68192995
1.0 0.99993944
1.0 0.9999
1.0 0.99997795
1.0 0.99996233
1.0 0.9985708
1.0 0.99997747
1.0 0.970148
1.0 0.9997483
1.0 0.9999751
1.0 0.9739154
1.0 0.9999081
1.0 0.9999778
1.0 0.9999
1.0 0.9997892
1.0 0.9999751
1.0 0.97254014
1.0 0.99993074
0.0 0.003249761
1.0 0.75851715
1.0 0.9992799
1.0 0.99997795
1.0 0.9944727
1.0 0.9999697
1.0 0.6773035
1.0 0.999977
1.0 0.99993074
1.0 0.93894565
1.0 0.9705557
1.0 0.99997556
1.0 0.99487066
0.0 0.0041422034
1.0 0.9929403
0.0 0.004055665
1.0 0.9999422
1.0 0.93002915
1.0 0.970148
1.0 0.99956065
1.0 0.9985056
1.0 0.99996877
1.0 0.93002915
1.0 0.9999602
0.0 0.33400878
1.0 0.9999745
1.0 0.9999428
1.0 0.99315464
1.0 0.99852294
1.0 0.970148
1.0 0.99997747
1.0 0.99997747
1.0 0.9992799
1.0 0.9997892
1.0 0.9999
1.0 0.9999746
1.0 0.9981287
1.0 0.998066
1.0 0.9992799
1.0 0.9999745
1.0 0.97336
1.0 0.9916353
1.0 0.9705557
1.0 0.99994063
1.0 0.9739154
1.0 0.9999428
1.0 0.99996233
1.0 0.93894565
1.0 0.99852294
1.0 0.7227902
1.0 0.99951196
1.0 0.9322672
0.0 0.2582933
0.0 0.3271274
0.0 0.31155545
1.0 0.99951196
1.0 0.9999776
1.0 0.9997092
1.0 0.99994266
1.0 0.99870074
1.0 0.9916353
1.0 0.9999602
1.0 0.99997556
1.0 0.9947743
0.0 0.31312987
1.0 0.9392395
1.0 0.99991333
1.0 0.9992799
1.0 0.99994266
1.0 0.99994266
1.0 0.9929403
1.0 0.99997497
1.0 0.9992799
1.0 0.9999727
0.0 0.0036514094
1.0 0.9322672
1.0 0.92304844
1.0 0.99996924
1.0 0.9979698
1.0 0.9999609
1.0 0.9999428
1.0 0.99993074
1.0 0.72245413
0.0 0.0035598304
1.0 0.9654109
1.0 0.9947743
0.0 0.31312987
1.0 0.9999428
1.0 0.99995947
0.0 0.003364509
1.0 0.93224686
0.0 0.003364509
0.0 0.003364509
1.0 0.970148
0.0 0.0038255248
1.0 0.9985708
1.0 0.99997866
0.0 0.35929334
1.0 0.9794048
1.0 0.9999697
1.0 0.9999
1.0 0.9985708
0.0 0.30179486
1.0 0.9996063
1.0 0.9999691
1.0 0.99997497
1.0 0.99996877
1.0 0.99996614
1.0 0.99997497
1.0 0.99947494
1.0 0.9997092
1.0 0.93002915
1.0 0.9985708
1.0 0.9996063
1.0 0.999775
1.0 0.9999727
1.0 0.99487066
1.0 0.9997639
1.0 0.9705557
0.0 0.0038255248
1.0 0.999537
1.0 0.9999609
1.0 0.99990356
0.0 0.0035598304
1.0 0.9997563
1.0 0.99956065
1.0 0.998066
1.0 0.9997683
1.0 0.9999
0.0 0.003364509
1.0 0.9997483
0.0 0.31155545
1.0 0.7210628
1.0 0.9999776
1.0 0.9182752
1.0 0.93224686
1.0 0.9997092
1.0 0.9999428
1.0 0.99852294
1.0 0.9999081
1.0 0.999961
0.0 0.3271274
1.0 0.999775
1.0 0.9999751
1.0 0.9999436
0.0 0.0034356166
1.0 0.99993944
0.0 0.003364509
1.0 0.99996877
1.0 0.7210628
1.0 0.99852294
1.0 0.99993944
1.0 0.9654109
1.0 0.99996924
