true vs pred:
0.0 0.0027014448
0.0 0.06852393
1.0 0.99945956
0.0 0.014765693
1.0 0.7095835
1.0 0.9994424
1.0 0.9691815
1.0 0.9852785
0.0 0.08450185
1.0 0.99944264
1.0 0.99747866
1.0 0.999458
0.0 0.94366497
1.0 0.99940634
1.0 0.999393
0.0 0.004559736
1.0 0.99934644
1.0 0.9994572
0.0 0.14778371
1.0 0.99111956
1.0 0.9940801
1.0 0.99932504
1.0 0.9640147
1.0 0.9990482
1.0 0.9994254
1.0 0.9992718
1.0 0.9986193
0.0 0.00931931
1.0 0.99941444
1.0 0.99947053
1.0 0.99926454
0.0 0.0040253294
1.0 0.9991666
1.0 0.9990097
1.0 0.9387913
1.0 0.99932563
1.0 0.73430413
1.0 0.9954045
1.0 0.9988212
1.0 0.9929744
1.0 0.9994573
1.0 0.9994574
0.0 0.008533592
1.0 0.9514488
1.0 0.9994449
1.0 0.97872204
1.0 0.998816
0.0 0.0025073625
1.0 0.63563347
1.0 0.98633885
1.0 0.99917245
1.0 0.974517
1.0 0.99921274
0.0 0.0034749154
1.0 0.9992405
1.0 0.99936455
0.0 0.24991217
1.0 0.99937767
1.0 0.9994312
1.0 0.9994654
1.0 0.6144736
1.0 0.9911594
0.0 0.018662583
1.0 0.9993262
1.0 0.9993529
1.0 0.99942636
1.0 0.99870956
1.0 0.9989951
1.0 0.9994605
1.0 0.99927694
1.0 0.6654843
1.0 0.985879
1.0 0.9994153
1.0 0.9989624
1.0 0.99944633
1.0 0.9994649
1.0 0.9954359
0.0 0.02096502
0.0 0.08553614
0.0 0.68871033
1.0 0.96146995
0.0 0.0034376562
1.0 0.9994642
1.0 0.9993179
1.0 0.99939656
1.0 0.99912184
1.0 0.9989864
1.0 0.9992884
1.0 0.9993112
1.0 0.99944264
1.0 0.9994568
1.0 0.99942684
1.0 0.9993093
1.0 0.9992798
1.0 0.99866533
0.0 0.0016280753
1.0 0.99855036
1.0 0.998204
1.0 0.9994666
1.0 0.9994535
0.0 0.6136854
1.0 0.27821606
1.0 0.99944943
1.0 0.9992718
1.0 0.9971506
1.0 0.99732214
1.0 0.9993093
1.0 0.99897504
1.0 0.9994435
1.0 0.94298536
1.0 0.9989774
0.0 0.0047725514
1.0 0.99944
1.0 0.90652794
1.0 0.9992262
1.0 0.99915683
1.0 0.983524
1.0 0.99883157
1.0 0.9760233
1.0 0.62561464
1.0 0.9979582
1.0 0.99932146
0.0 0.011668067
1.0 0.9994305
1.0 0.9986737
1.0 0.98662937
0.0 0.015205692
1.0 0.99945575
1.0 0.9985876
1.0 0.9993895
1.0 0.99784124
0.0 0.0018789289
0.0 0.06508043
1.0 0.9994642
1.0 0.9994456
0.0 0.02566103
1.0 0.99940634
1.0 0.9963624
1.0 0.99943596
1.0 0.99829787
1.0 0.9967429
1.0 0.9991153
1.0 0.9972621
1.0 0.9551053
1.0 0.9993832
1.0 0.99514896
1.0 0.46385926
1.0 0.8126143
1.0 0.99939525
1.0 0.8726044
1.0 0.99797505
1.0 0.9139825
1.0 0.99924797
1.0 0.9937071
1.0 0.99945754
1.0 0.999385
1.0 0.99945253
1.0 0.95346415
1.0 0.99938834
1.0 0.99943846
1.0 0.9994599
0.0 0.026831206
0.0 0.01785062
1.0 0.9994466
1.0 0.9992662
0.0 0.09964656
1.0 0.9990829
1.0 0.58887535
1.0 0.9994118
1.0 0.9985727
1.0 0.99940586
1.0 0.9993911
1.0 0.9987245
1.0 0.99910957
1.0 0.99941087
1.0 0.36579582
1.0 0.99933904
0.0 0.015502186
1.0 0.99862075
1.0 0.9993831
1.0 0.80797035
0.0 0.36546
1.0 0.99604213
1.0 0.9879703
1.0 0.99936706
1.0 0.99781954
1.0 0.99945635
1.0 0.9991773
1.0 0.9993339
1.0 0.9989748
1.0 0.99935335
0.0 0.0073534725
1.0 0.6592719
1.0 0.9993376
0.0 0.0025157663
1.0 0.9994497
1.0 0.9993339
1.0 0.99874985
1.0 0.99945706
1.0 0.99942446
1.0 0.678071
1.0 0.9991912
1.0 0.9462068
1.0 0.99932396
1.0 0.99916255
1.0 0.99823475
1.0 0.9994217
1.0 0.99929595
1.0 0.99935025
0.0 0.030712742
1.0 0.99632686
1.0 0.961702
1.0 0.998536
1.0 0.9994419
1.0 0.99913824
0.0 0.045038547
1.0 0.9994373
1.0 0.8891793
1.0 0.9739249
1.0 0.99213624
1.0 0.9993666
1.0 0.99480826
1.0 0.9994061
1.0 0.9994659
1.0 0.99946314
0.0 0.0054850043
1.0 0.89635193
1.0 0.99860543
0.0 0.0088690035
1.0 0.9989489
