true vs pred:
1.0 0.99911314
0.0 0.8398176
1.0 0.8634472
1.0 0.65671337
1.0 0.9986594
1.0 0.7392137
1.0 0.9947967
1.0 0.99894553
1.0 0.9989116
1.0 0.9979869
0.0 0.32714868
1.0 0.9985122
1.0 0.99912006
1.0 0.99900156
0.0 0.1123443
1.0 0.9979584
1.0 0.9950547
1.0 0.99120647
1.0 0.9982681
1.0 0.5979704
1.0 0.97186047
1.0 0.99167013
1.0 0.79238105
1.0 0.9990056
1.0 0.99910897
0.0 0.43733826
1.0 0.6421727
1.0 0.99904007
1.0 0.8920518
1.0 0.9919521
0.0 0.022786958
1.0 0.92816967
1.0 0.7833106
1.0 0.99834645
1.0 0.94810206
1.0 0.99177074
0.0 0.08354613
1.0 0.99831057
1.0 0.99749124
0.0 0.6090409
1.0 0.9987436
1.0 0.9987451
1.0 0.99912196
1.0 0.9381436
1.0 0.78330535
0.0 0.046903517
1.0 0.99817836
1.0 0.99798346
1.0 0.998609
1.0 0.99552566
1.0 0.98969424
1.0 0.9974287
1.0 0.99872607
1.0 0.95969266
1.0 0.8527638
1.0 0.9985354
1.0 0.9971244
1.0 0.9985262
1.0 0.9990138
1.0 0.9674403
0.0 0.23071264
0.0 0.36085334
0.0 0.10758112
1.0 0.7531187
0.0 0.08562112
1.0 0.998993
1.0 0.9979658
1.0 0.99882466
1.0 0.9982027
1.0 0.99700385
1.0 0.99900347
1.0 0.99797946
1.0 0.99906594
1.0 0.999126
1.0 0.9985958
1.0 0.9967084
1.0 0.99866927
1.0 0.99446976
0.0 0.0436841
1.0 0.9834995
1.0 0.9933082
1.0 0.9991209
1.0 0.999113
1.0 0.42824426
0.0 0.306138
1.0 0.9990081
1.0 0.99891233
1.0 0.97115326
1.0 0.9977742
1.0 0.9966492
1.0 0.9874334
1.0 0.99904114
1.0 0.7779025
1.0 0.9948008
0.0 0.13076341
1.0 0.998944
1.0 0.7242685
1.0 0.99838424
1.0 0.9983156
1.0 0.9932626
1.0 0.9853184
1.0 0.9755922
1.0 0.5357219
1.0 0.9634849
1.0 0.9937496
0.0 0.1715011
1.0 0.9989944
1.0 0.93108135
1.0 0.9854409
0.0 0.32654092
1.0 0.9991233
1.0 0.9953145
1.0 0.9988967
1.0 0.9916578
0.0 0.023672296
0.0 0.2090415
1.0 0.99899095
1.0 0.9990502
0.0 0.30017927
1.0 0.99895394
1.0 0.7312642
1.0 0.9988174
1.0 0.87272036
1.0 0.8526821
1.0 0.9987569
1.0 0.9115744
1.0 0.99013305
1.0 0.9987525
1.0 0.9583839
1.0 0.28473014
1.0 0.6358834
1.0 0.9987582
1.0 0.7300871
1.0 0.9950647
1.0 0.8364203
1.0 0.99811745
1.0 0.95305204
1.0 0.9991047
1.0 0.99837387
1.0 0.99901295
1.0 0.9302773
1.0 0.9983681
1.0 0.9986879
1.0 0.9990658
0.0 0.17300373
0.0 0.26628903
1.0 0.9990293
1.0 0.9984113
0.0 0.27375016
1.0 0.9957045
1.0 0.913551
1.0 0.99889743
1.0 0.9918978
1.0 0.9985683
1.0 0.9987582
1.0 0.9941759
1.0 0.9988226
1.0 0.9989103
1.0 0.21358971
1.0 0.9988464
0.0 0.33617035
1.0 0.9950782
1.0 0.9987482
1.0 0.713398
0.0 0.48133487
1.0 0.97899103
1.0 0.9926858
1.0 0.9989058
1.0 0.887413
1.0 0.999087
1.0 0.99675983
1.0 0.9975319
1.0 0.9908688
1.0 0.9980337
0.0 0.20023675
1.0 0.7686349
1.0 0.99883646
0.0 0.015142934
1.0 0.99902856
1.0 0.9975231
1.0 0.99288976
1.0 0.9990822
1.0 0.99882287
1.0 0.7774476
1.0 0.99684465
1.0 0.9887371
1.0 0.99886405
1.0 0.9985098
1.0 0.9957136
1.0 0.99849236
1.0 0.99700207
1.0 0.9988512
0.0 0.45390576
1.0 0.9580631
1.0 0.71986526
1.0 0.9946279
1.0 0.9989398
1.0 0.99874914
0.0 0.28102872
1.0 0.99884343
1.0 0.96091574
1.0 0.8331331
1.0 0.99111384
1.0 0.99740195
1.0 0.46385664
1.0 0.9985642
1.0 0.9990435
1.0 0.99910814
0.0 0.011889305
1.0 0.733714
1.0 0.990637
0.0 0.09140994
1.0 0.99012625
0.0 0.28352895
1.0 0.9906934
1.0 0.97929573
1.0 0.998953
1.0 0.9980709
1.0 0.99886537
0.0 0.45718995
1.0 0.99895275
1.0 0.92739236
1.0 0.9975489
1.0 0.99408036
1.0 0.87183774
1.0 0.97982204
1.0 0.9985442
1.0 0.9826292
1.0 0.999047
1.0 0.9975319
