true vs pred:
1.0 0.97803533
1.0 0.9986041
1.0 0.9948237
1.0 0.99945027
1.0 0.99380386
1.0 0.992282
1.0 0.9994667
1.0 0.9987691
1.0 0.9963486
1.0 0.9995214
1.0 0.99945027
1.0 0.9993723
1.0 0.9994667
1.0 0.99873334
1.0 0.99380386
1.0 0.9949175
1.0 0.99462694
1.0 0.99863064
1.0 0.97803533
1.0 0.9904586
1.0 0.9967891
1.0 0.99923646
1.0 0.999283
1.0 0.999283
1.0 0.9995214
1.0 0.99150485
1.0 0.9835518
1.0 0.4166083
1.0 0.9964079
1.0 0.991892
1.0 0.9962147
1.0 0.9942986
1.0 0.99513125
1.0 0.9835518
1.0 0.9992343
1.0 0.9995121
1.0 0.99156123
1.0 0.9967891
1.0 0.9987576
1.0 0.9987691
1.0 0.999471
1.0 0.99150485
1.0 0.9964079
1.0 0.999471
1.0 0.99123996
1.0 0.9959579
1.0 0.9994832
1.0 0.9987404
1.0 0.9967891
1.0 0.45918494
1.0 0.99876827
1.0 0.9993476
1.0 0.99939394
1.0 0.99429
1.0 0.9992473
1.0 0.99864227
1.0 0.9936859
1.0 0.99618894
1.0 0.99850273
1.0 0.9993723
1.0 0.9992343
1.0 0.998735
1.0 0.99481505
1.0 0.9985171
1.0 0.97803533
1.0 0.99919873
1.0 0.99946755
1.0 0.9995121
1.0 0.99919873
1.0 0.99925154
1.0 0.9948237
1.0 0.99424607
1.0 0.9995121
1.0 0.99618894
1.0 0.99119216
1.0 0.99150485
1.0 0.9992248
1.0 0.9791996
1.0 0.9994925
1.0 0.99851173
1.0 0.99863064
1.0 0.9948237
1.0 0.99871707
1.0 0.99156123
1.0 0.9993806
1.0 0.9992648
1.0 0.9995048
1.0 0.998735
1.0 0.9995121
1.0 0.99926287
1.0 0.99871707
1.0 0.9993862
1.0 0.99919695
1.0 0.99928397
1.0 0.99925154
1.0 0.9993718
1.0 0.99871707
1.0 0.9965121
1.0 0.99678063
1.0 0.9965699
1.0 0.99663156
1.0 0.4541615
1.0 0.9993857
1.0 0.9987739
1.0 0.9995339
1.0 0.9822035
1.0 0.9992483
1.0 0.99876827
1.0 0.9942986
1.0 0.99470925
1.0 0.99933916
1.0 0.99851173
1.0 0.99851173
1.0 0.97709876
1.0 0.9949175
1.0 0.99939394
1.0 0.99864227
1.0 0.4541615
1.0 0.9995214
1.0 0.9985171
1.0 0.9904586
1.0 0.99926084
1.0 0.99119216
1.0 0.9959092
1.0 0.9993862
1.0 0.99850273
1.0 0.9986041
1.0 0.99380386
1.0 0.9985619
1.0 0.9942986
1.0 0.99462694
1.0 0.99924695
1.0 0.99123996
1.0 0.99951994
1.0 0.99867404
1.0 0.9936859
1.0 0.99928397
1.0 0.9992483
1.0 0.9835518
1.0 0.99854773
1.0 0.99465865
1.0 0.99420565
1.0 0.9987852
1.0 0.97709876
1.0 0.9995353
1.0 0.9992473
1.0 0.97709876
1.0 0.99864227
1.0 0.99429
1.0 0.999471
1.0 0.99420565
1.0 0.9985978
1.0 0.97709876
1.0 0.9994785
1.0 0.99663156
1.0 0.9992343
1.0 0.9985952
1.0 0.9965699
1.0 0.99928397
1.0 0.98145676
1.0 0.9954721
1.0 0.41191432
1.0 0.9966074
1.0 0.9822035
1.0 0.9992473
1.0 0.99380386
1.0 0.9995121
1.0 0.9904586
1.0 0.9965856
1.0 0.99863064
1.0 0.9985952
1.0 0.9904586
1.0 0.4019768
1.0 0.99594444
1.0 0.992282
1.0 0.9985875
1.0 0.99123996
1.0 0.9994667
1.0 0.45918494
1.0 0.9993718
1.0 0.99850273
1.0 0.9985952
1.0 0.99420565
1.0 0.9993476
1.0 0.9835518
1.0 0.99867404
1.0 0.99933916
1.0 0.99924207
1.0 0.99465865
1.0 0.9954721
1.0 0.99481505
1.0 0.99924207
1.0 0.9959579
1.0 0.9985619
1.0 0.9936859
1.0 0.9950121
1.0 0.9993862
1.0 0.4019768
1.0 0.99882525
1.0 0.9955149
1.0 0.99920326
1.0 0.99150485
1.0 0.999283
1.0 0.99933916
1.0 0.9936859
1.0 0.9804653
1.0 0.99945027
1.0 0.9987404
1.0 0.9993723
1.0 0.99429
1.0 0.9992483
1.0 0.991892
1.0 0.4541615
1.0 0.99663156
1.0 0.998735
1.0 0.9959092
1.0 0.4541615
1.0 0.45152426
1.0 0.99935514
1.0 0.99924207
1.0 0.98145676
1.0 0.99481505
1.0 0.45918494
1.0 0.9965455
1.0 0.99938774
1.0 0.99577785
1.0 0.9962147
1.0 0.99925154
1.0 0.9791996
1.0 0.99869674
1.0 0.9986829
1.0 0.99470925
1.0 0.99947435
1.0 0.9950121
1.0 0.46924976
1.0 0.99119216
1.0 0.9995048
1.0 0.41797152
1.0 0.9986829
1.0 0.99924207
1.0 0.9985875
1.0 0.9994925
1.0 0.9904586
1.0 0.9985978
1.0 0.99481505
1.0 0.99678063
1.0 0.99150485
1.0 0.4645357
1.0 0.99156123
1.0 0.99924695
1.0 0.99947435
1.0 0.99926084
1.0 0.99864227
1.0 0.9993718
1.0 0.9959417
1.0 0.99927646
1.0 0.9964079
1.0 0.46924976
1.0 0.9995353
1.0 0.9965455
1.0 0.9936859
1.0 0.9995353
1.0 0.99924207
1.0 0.99462175
1.0 0.99924207
1.0 0.9936859
1.0 0.9987404
1.0 0.9986993
1.0 0.999283
1.0 0.99923646
1.0 0.99577624
1.0 0.9993476
1.0 0.97709876
1.0 0.99470925
1.0 0.9986993
1.0 0.98999196
1.0 0.99926287
1.0 0.9959579
1.0 0.99938774
1.0 0.99862325
1.0 0.99867404
1.0 0.4645357
1.0 0.9992248
1.0 0.9966074
1.0 0.9822035
1.0 0.9987691
1.0 0.99935514
1.0 0.9995121
1.0 0.9950121
1.0 0.99919873
1.0 0.9965455
1.0 0.45152426
1.0 0.99925154
1.0 0.99924695
1.0 0.99150485
1.0 0.99465865
1.0 0.9959579
1.0 0.99863064
1.0 0.98145676
1.0 0.9992473
1.0 0.99923646
1.0 0.99919873
1.0 0.9962147
1.0 0.99873334
1.0 0.9994832
1.0 0.97709876
1.0 0.9791996
1.0 0.99952185
1.0 0.99150485
1.0 0.9959092
1.0 0.999471
1.0 0.9965455
1.0 0.99663156
1.0 0.99925154
1.0 0.9993723
1.0 0.99380386
1.0 0.9835518
1.0 0.9993723
1.0 0.99462175
1.0 0.9936859
1.0 0.99646384
1.0 0.99462694
1.0 0.98999196
1.0 0.9993718
1.0 0.4541615
1.0 0.99678063
1.0 0.99919695
1.0 0.99933916
1.0 0.9993718
1.0 0.99481505
1.0 0.9993862
1.0 0.9995353
1.0 0.9987404
1.0 0.9985619
1.0 0.99465865
1.0 0.99919695
1.0 0.99462694
1.0 0.99947757
1.0 0.9957754
1.0 0.9993806
1.0 0.99424607
1.0 0.99594444
1.0 0.4541615
1.0 0.9992824
1.0 0.99927646
1.0 0.99462175
1.0 0.9985171
1.0 0.9995121
1.0 0.9985952
1.0 0.9995048
1.0 0.99925154
1.0 0.9822035
1.0 0.97803533
1.0 0.4541615
1.0 0.9965699
1.0 0.99882525
1.0 0.99618894
1.0 0.9985978
1.0 0.99947757
1.0 0.99919695
1.0 0.99939394
1.0 0.99462175
1.0 0.99618894
1.0 0.99927646
1.0 0.99851173
1.0 0.99429
1.0 0.41797152
1.0 0.9962147
1.0 0.9804623
1.0 0.99873334
1.0 0.9819327
1.0 0.99862134
1.0 0.99920326
1.0 0.9957754
1.0 0.99462694
1.0 0.9955149
1.0 0.99882525
1.0 0.9995339
1.0 0.99850273
1.0 0.99867404
1.0 0.999471
1.0 0.99924207
1.0 0.9995121
1.0 0.99946755
1.0 0.99952185
1.0 0.9963486
1.0 0.999471
1.0 0.9993857
1.0 0.99935514
1.0 0.97803533
1.0 0.9987404
1.0 0.9967891
1.0 0.9965856
1.0 0.99923646
1.0 0.99882525
1.0 0.99927646
1.0 0.9992648
1.0 0.99150485
1.0 0.9822035
1.0 0.9992824
1.0 0.99882525
1.0 0.9966074
1.0 0.9964079
1.0 0.99465865
1.0 0.99850273
1.0 0.99945027
1.0 0.9955149
1.0 0.9804653
1.0 0.9986993
1.0 0.99663156
1.0 0.9993806
1.0 0.9995234
1.0 0.99156123
1.0 0.9985619
1.0 0.99924207
1.0 0.9791996
1.0 0.9959579
1.0 0.99927646
1.0 0.97803533
1.0 0.4645357
1.0 0.99867404
1.0 0.99465865
1.0 0.99513274
1.0 0.9993476
1.0 0.9993862
1.0 0.9949175
1.0 0.99873334
1.0 0.99947757
1.0 0.9985171
1.0 0.99862134
1.0 0.9985978
1.0 0.9993723
1.0 0.9965455
1.0 0.99420565
1.0 0.9993862
1.0 0.9835518
1.0 0.9781446
1.0 0.99862325
1.0 0.9993476
1.0 0.9987691
1.0 0.98145676
1.0 0.9954721
1.0 0.9987691
1.0 0.9986829
1.0 0.9995214
1.0 0.9985875
1.0 0.9822035
1.0 0.99919695
1.0 0.9967891
1.0 0.99882525
1.0 0.99513125
1.0 0.99465865
1.0 0.9985978
1.0 0.9992248
1.0 0.4166083
1.0 0.97709876
1.0 0.99663156
1.0 0.99951994
1.0 0.99646384
1.0 0.99851173
1.0 0.9993806
1.0 0.99919695
1.0 0.99864227
1.0 0.9993862
1.0 0.998735
1.0 0.9955149
1.0 0.9993718
1.0 0.999471
1.0 0.99862134
1.0 0.9959092
1.0 0.99935514
1.0 0.45918494
1.0 0.99951994
1.0 0.992282
1.0 0.9966074
1.0 0.9964079
1.0 0.9987576
1.0 0.98999196
1.0 0.9781446
1.0 0.9962147
1.0 0.9959092
1.0 0.9987185
1.0 0.99465865
1.0 0.99594444
1.0 0.9781446
1.0 0.9791996
1.0 0.99083495
1.0 0.99928397
1.0 0.99919695
1.0 0.99150485
1.0 0.9985978
1.0 0.9961671
1.0 0.991892
1.0 0.9959417
1.0 0.9993806
1.0 0.9781446
1.0 0.9995353
1.0 0.9959092
1.0 0.9804653
1.0 0.9948237
1.0 0.9995339
1.0 0.9994785
1.0 0.99083495
1.0 0.99939394
1.0 0.9965455
1.0 0.9987185
1.0 0.9985875
1.0 0.99945027
1.0 0.99470925
1.0 0.99926287
1.0 0.99851173
1.0 0.45152426
1.0 0.99863064
1.0 0.99946755
1.0 0.99862325
1.0 0.9959092
1.0 0.99513125
1.0 0.9987185
1.0 0.98999196
1.0 0.4541615
