true vs pred:
1.0 0.99708587
0.0 0.19154799
0.0 0.03255568
1.0 0.99322444
0.0 0.04263422
0.0 0.13597132
0.0 0.04263422
0.0 0.033736303
1.0 0.9998621
0.0 0.0024309661
1.0 0.99993277
1.0 0.99965036
1.0 0.999966
0.0 0.028526604
0.0 0.006946295
1.0 0.9995572
0.0 0.026824133
1.0 0.9999454
1.0 0.7918519
1.0 0.9995454
1.0 0.9963116
1.0 0.99751174
1.0 0.7246645
1.0 0.7246645
1.0 0.99947566
1.0 0.9998623
1.0 0.99996376
1.0 0.9998621
0.0 0.04074378
1.0 0.9996111
1.0 0.99994063
1.0 0.99708587
1.0 0.9998621
1.0 0.98624194
0.0 0.03255568
1.0 0.9999645
1.0 0.9999652
1.0 0.999966
1.0 0.99996555
1.0 0.98624194
1.0 0.99953604
1.0 0.9995454
1.0 0.7079998
0.0 0.0087198755
1.0 0.99995375
1.0 0.9995454
1.0 0.9999542
1.0 0.86650634
1.0 0.99708587
1.0 0.7246645
1.0 0.99993277
1.0 0.9911163
1.0 0.9999436
0.0 0.121845424
1.0 0.9995572
1.0 0.7246645
1.0 0.9999472
1.0 0.99965036
1.0 0.99715084
0.0 0.040752813
0.0 0.22090031
1.0 0.9996111
0.0 0.028024284
1.0 0.999859
1.0 0.99985635
0.0 0.023526749
0.0 0.027674256
0.0 0.0021649853
1.0 0.9998541
0.0 0.22090031
1.0 0.9995572
0.0 0.017189851
0.0 0.008501265
1.0 0.9904794
0.0 0.040012337
1.0 0.99993646
1.0 0.9911163
0.0 0.028719109
1.0 0.9999491
1.0 0.999966
1.0 0.9996111
0.0 0.007750079
0.0 0.0037744003
1.0 0.9999385
1.0 0.99995303
1.0 0.9995572
1.0 0.99763274
1.0 0.9999454
0.0 0.012282753
1.0 0.7918519
0.0 0.025628626
1.0 0.99751174
1.0 0.99947566
1.0 0.9904694
0.0 0.028024284
1.0 0.81367606
1.0 0.77651113
1.0 0.9999385
0.0 0.0087198755
1.0 0.9973362
0.0 0.024700029
1.0 0.99322444
1.0 0.99993277
1.0 0.9815547
0.0 0.039529826
0.0 0.00934773
1.0 0.99994063
0.0 0.026814396
0.0 0.07473327
1.0 0.9998623
1.0 0.9998708
1.0 0.9904794
1.0 0.99996376
1.0 0.7918519
1.0 0.9973362
1.0 0.98972636
1.0 0.9995454
0.0 0.012282753
0.0 0.0061297724
0.0 0.036474966
0.0 0.0026860763
1.0 0.99965036
1.0 0.99996483
1.0 0.9999542
1.0 0.99996555
1.0 0.99751174
0.0 0.0024309661
0.0 0.010705628
0.0 0.0087198755
1.0 0.99995303
1.0 0.9911163
1.0 0.99993217
1.0 0.99947566
1.0 0.9999509
0.0 0.016387424
1.0 0.99965036
0.0 0.026814396
0.0 0.121845424
1.0 0.99993587
1.0 0.9999654
1.0 0.9998708
1.0 0.9999542
0.0 0.020415109
1.0 0.99996555
1.0 0.7973201
1.0 0.81367606
0.0 0.007750079
1.0 0.9999645
0.0 0.026824133
1.0 0.9998621
0.0 0.039529826
1.0 0.9999453
1.0 0.9999652
0.0 0.0087198755
0.0 0.040752813
0.0 0.00934773
1.0 0.9963116
0.0 0.026814396
1.0 0.99986064
1.0 0.9966401
1.0 0.99763274
0.0 0.22923999
1.0 0.7973201
0.0 0.0034280543
0.0 0.0024309661
0.0 0.012282753
1.0 0.9999509
0.0 0.0024309661
1.0 0.99963284
1.0 0.9998708
0.0 0.03349721
1.0 0.9999417
0.0 0.033736303
1.0 0.99995375
1.0 0.9904794
0.0 0.016387424
1.0 0.9967313
1.0 0.99995196
1.0 0.7918519
1.0 0.81367606
0.0 0.01982685
1.0 0.99993646
1.0 0.9998621
0.0 0.027882552
1.0 0.9999647
1.0 0.9999496
0.0 0.026814396
1.0 0.9999436
0.0 0.040752813
1.0 0.99995303
1.0 0.77651113
0.0 0.023526749
1.0 0.9999496
1.0 0.999954
0.0 0.009854159
1.0 0.99953604
1.0 0.99947566
1.0 0.9973362
0.0 0.006946295
0.0 0.0034280543
0.0 0.020415109
1.0 0.9999453
1.0 0.99763274
1.0 0.99995375
0.0 0.04358337
1.0 0.9995572
1.0 0.99993646
1.0 0.99995184
0.0 0.017189851
0.0 0.036474966
0.0 0.0034280543
1.0 0.99763274
1.0 0.98471665
0.0 0.024700029
1.0 0.99715084
0.0 0.04358337
1.0 0.9904794
0.0 0.0026860763
0.0 0.07473327
1.0 0.7973201
0.0 0.0024309661
1.0 0.9999628
1.0 0.9999472
0.0 0.026824133
1.0 0.86676866
1.0 0.99996376
1.0 0.9999386
1.0 0.7973201
0.0 0.18513471
0.0 0.039497115
1.0 0.99996555
1.0 0.9967313
1.0 0.9999417
1.0 0.99995303
0.0 0.033736303
1.0 0.99996483
1.0 0.9999628
1.0 0.7918519
1.0 0.9999436
1.0 0.99708587
1.0 0.9999547
0.0 0.04074378
0.0 0.036474966
0.0 0.0021649853
0.0 0.22090031
1.0 0.98471665
1.0 0.9995875
1.0 0.99995303
1.0 0.9999652
1.0 0.9979426
1.0 0.9999547
1.0 0.99996555
1.0 0.9999417
1.0 0.9999453
1.0 0.7079998
1.0 0.7918519
1.0 0.9909389
1.0 0.9999491
1.0 0.9999645
1.0 0.99763274
1.0 0.99993587
0.0 0.18513471
1.0 0.9999542
1.0 0.99984086
1.0 0.57230824
1.0 0.99984765
1.0 0.99751174
1.0 0.9963116
1.0 0.9999454
0.0 0.29256785
0.0 0.008501265
0.0 0.121845424
1.0 0.9999418
0.0 0.037609573
0.0 0.22923999
1.0 0.99995303
1.0 0.9999385
1.0 0.9996043
0.0 0.025628626
1.0 0.99986064
0.0 0.07473327
1.0 0.99993587
0.0 0.040752813
0.0 0.0034280543
1.0 0.9999436
0.0 0.0021649853
1.0 0.9815547
1.0 0.99994063
1.0 0.99984765
1.0 0.99993587
1.0 0.99763274
1.0 0.9999385
0.0 0.020415109
0.0 0.026824133
1.0 0.9999647
1.0 0.99993277
1.0 0.99993587
1.0 0.98471665
1.0 0.7079998
1.0 0.99763274
1.0 0.99995375
0.0 0.03255568
1.0 0.9999436
1.0 0.9999647
1.0 0.9995454
0.0 0.24126482
1.0 0.9967313
1.0 0.9999472
0.0 0.22090031
1.0 0.98972636
1.0 0.99995184
0.0 0.24126482
1.0 0.9999647
1.0 0.9966401
1.0 0.99995303
1.0 0.99984765
0.0 0.121845424
0.0 0.22090031
0.0 0.017189851
1.0 0.99996376
1.0 0.9999542
0.0 0.07473327
1.0 0.9966401
1.0 0.99984086
0.0 0.010031939
1.0 0.99986625
1.0 0.9999496
1.0 0.7246645
1.0 0.99322444
0.0 0.028024284
1.0 0.9998623
0.0 0.028115256
1.0 0.77651113
0.0 0.0026381854
1.0 0.98471665
1.0 0.99995184
0.0 0.22923999
1.0 0.7918519
1.0 0.9999361
1.0 0.9999547
1.0 0.98808205
0.0 0.04074378
1.0 0.86650634
1.0 0.9999542
1.0 0.9999628
1.0 0.99993217
1.0 0.999966
0.0 0.007750079
0.0 0.00934773
0.0 0.036474966
1.0 0.99995184
1.0 0.9999491
0.0 0.033736303
1.0 0.98808205
1.0 0.9999386
1.0 0.9999453
1.0 0.99953604
0.0 0.025628626
0.0 0.121845424
0.0 0.007750079
1.0 0.9904794
0.0 0.027882552
0.0 0.0021649853
0.0 0.006946295
0.0 0.04263422
0.0 0.010705628
1.0 0.9999417
0.0 0.028526604
0.0 0.010031939
0.0 0.028115256
1.0 0.99995196
1.0 0.98624194
0.0 0.023526749
0.0 0.15732214
1.0 0.99953604
0.0 0.19154799
1.0 0.999859
1.0 0.9999547
1.0 0.99986064
1.0 0.9999628
1.0 0.99996555
0.0 0.15732214
1.0 0.99996555
1.0 0.99995303
0.0 0.0024309661
0.0 0.033736303
1.0 0.57230824
1.0 0.99993587
1.0 0.9999453
0.0 0.040752813
1.0 0.9999547
1.0 0.9999491
1.0 0.99960166
1.0 0.7918519
1.0 0.9999652
1.0 0.99996555
1.0 0.9999645
1.0 0.99953604
1.0 0.99953604
0.0 0.03255568
0.0 0.024700029
1.0 0.99995303
0.0 0.033736303
1.0 0.99715084
1.0 0.81367606
0.0 0.004090614
0.0 0.027674256
1.0 0.9999386
1.0 0.9999647
1.0 0.9999542
1.0 0.9998621
0.0 0.22923999
1.0 0.99708587
0.0 0.01982685
1.0 0.9999547
0.0 0.0032983285
0.0 0.028526604
0.0 0.22090031
1.0 0.99995303
0.0 0.010705628
1.0 0.99995303
0.0 0.027674256
1.0 0.9909389
1.0 0.77651113
0.0 0.025628626
0.0 0.0087198755
1.0 0.9999654
1.0 0.9999417
0.0 0.19154799
1.0 0.57230824
1.0 0.99708587
1.0 0.99993587
1.0 0.7918519
1.0 0.9999361
0.0 0.007750079
1.0 0.99993646
0.0 0.0031480165
1.0 0.9999652
0.0 0.040752813
1.0 0.999966
1.0 0.9998541
1.0 0.9963116
1.0 0.99751174
1.0 0.9963116
1.0 0.9999454
1.0 0.98808205
0.0 0.0032983285
1.0 0.99993217
0.0 0.027674256
0.0 0.027882552
0.0 0.026824133
0.0 0.22923999
1.0 0.99993646
1.0 0.9999647
1.0 0.99947566
1.0 0.9999361
0.0 0.0021649853
0.0 0.017189851
1.0 0.9999385
1.0 0.9815547
1.0 0.9998621
0.0 0.18513471
1.0 0.9999652
0.0 0.04074378
0.0 0.028024284
0.0 0.0021649853
1.0 0.99322444
1.0 0.9911163
0.0 0.04358337
1.0 0.9999418
0.0 0.19154799
1.0 0.9995572
1.0 0.9999385
0.0 0.027674256
0.0 0.023526749
1.0 0.9904694
0.0 0.02795588
1.0 0.99965036
0.0 0.0037744003
0.0 0.012282753
0.0 0.020415109
0.0 0.0034280543
0.0 0.016387424
1.0 0.99995303
0.0 0.0030957034
0.0 0.028024284
0.0 0.024700029
1.0 0.9999417
0.0 0.020415109
1.0 0.9909389
1.0 0.7079998
1.0 0.999936
1.0 0.7079998
1.0 0.98808205
1.0 0.9999453
0.0 0.039529826
0.0 0.026814396
0.0 0.037609573
1.0 0.99953604
0.0 0.0031480165
0.0 0.027882552
0.0 0.18513471
1.0 0.9999647
1.0 0.9999453
1.0 0.9999652
0.0 0.025628626
1.0 0.9998708
1.0 0.9995572
1.0 0.99984086
1.0 0.9995875
1.0 0.9904794
1.0 0.99751174
1.0 0.9909389
1.0 0.9999654
1.0 0.99995303
1.0 0.99996555
0.0 0.008501265
1.0 0.9963116
0.0 0.15732214
1.0 0.9815547
