true vs pred:
0.0 0.0032392163
0.0 0.02550523
1.0 0.9976452
1.0 0.9837675
0.0 0.001507369
0.0 0.013985342
1.0 0.9988966
1.0 0.9990196
0.0 0.00249225
1.0 0.99901235
0.0 0.1733306
1.0 0.9785181
0.0 0.0021033492
1.0 0.61202794
1.0 0.8987641
1.0 0.96907055
1.0 0.9986951
0.0 0.0021631173
0.0 0.0020317663
1.0 0.99837744
1.0 0.9962936
1.0 0.9972324
1.0 0.99903345
0.0 0.0024242466
1.0 0.9095743
0.0 0.0017993957
1.0 0.99875796
1.0 0.9958028
1.0 0.9989058
0.0 0.0014742209
1.0 0.9803625
0.0 0.0014089489
1.0 0.9989974
1.0 0.9990362
1.0 0.98603034
0.0 0.009503427
1.0 0.2034632
1.0 0.99414635
1.0 0.9981223
0.0 0.3588821
0.0 0.0012759276
1.0 0.96028984
1.0 0.998711
1.0 0.9721881
0.0 0.3717011
0.0 0.0045498186
1.0 0.9991835
1.0 0.9892328
1.0 0.99801445
1.0 0.9967597
0.0 0.001390701
1.0 0.99834263
0.0 0.0011052007
1.0 0.9331424
1.0 0.9976252
1.0 0.9935774
0.0 0.0012811719
0.0 0.0015271214
0.0 0.0023298187
1.0 0.99857724
0.0 0.0014842652
0.0 0.001491606
0.0 0.0011904752
1.0 0.9598761
1.0 0.9613171
0.0 0.0012937862
1.0 0.9987943
1.0 0.924617
1.0 0.9988067
1.0 0.9990257
0.0 0.0012233887
1.0 0.9558251
0.0 0.0012989715
0.0 0.0014363095
0.0 0.0019896766
0.0 0.0010353532
0.0 0.0010135759
1.0 0.998432
1.0 0.9990656
1.0 0.97301966
0.0 0.001214351
0.0 0.0010336156
1.0 0.99755377
1.0 0.93132806
1.0 0.99889946
1.0 0.9982187
1.0 0.9990829
1.0 0.9981804
0.0 0.9569846
1.0 0.9988041
0.0 0.0017796796
0.0 0.0013433927
0.0 0.0016985816
1.0 0.9986534
1.0 0.99827564
1.0 0.99892235
1.0 0.997519
0.0 0.0012931629
0.0 0.0017604495
1.0 0.9980709
0.0 0.00539708
0.0 0.0011719095
1.0 0.9985506
1.0 0.99891937
1.0 0.99887687
0.0 0.8650037
1.0 0.99893385
1.0 0.9991334
0.0 0.0013643516
0.0 0.0067108204
1.0 0.9990402
1.0 0.9334294
1.0 0.9964773
1.0 0.99805695
1.0 0.9675069
1.0 0.8987641
1.0 0.97064745
1.0 0.9841393
0.0 0.0012759276
1.0 0.9986821
1.0 0.7768158
1.0 0.980973
0.0 0.0040956675
1.0 0.99841297
0.0 0.0013197232
0.0 0.0013530491
0.0 0.0036086575
1.0 0.998857
1.0 0.99624616
0.0 0.0039199647
1.0 0.97243303
0.0 0.0013842165
1.0 0.9981584
0.0 0.0045498186
1.0 0.9984969
0.0 0.0016459868
0.0 0.0015938765
0.0 0.13946262
1.0 0.9988953
0.0 0.0022124369
1.0 0.99743205
0.0 0.003164622
1.0 0.9263975
1.0 0.99877495
1.0 0.9988224
0.0 0.0017360316
1.0 0.9985374
0.0 0.0013530491
0.0 0.0018275558
1.0 0.99886864
1.0 0.99886876
1.0 0.9959902
1.0 0.86981004
1.0 0.99157095
0.0 0.0010414525
1.0 0.9986141
0.0 0.0015267354
1.0 0.99898523
0.0 0.0012780306
0.0 0.0016462831
1.0 0.123761296
1.0 0.47561225
1.0 0.9985688
0.0 0.0021895084
1.0 0.9970995
0.0 0.0012329643
1.0 0.9796622
1.0 0.36506099
0.0 0.0035504117
1.0 0.9984363
1.0 0.98028195
1.0 0.9882632
1.0 0.9979075
1.0 0.9978492
0.0 0.002964446
0.0 0.0012780306
0.0 0.0012670851
1.0 0.988052
1.0 0.97902316
1.0 0.95468056
0.0 0.002505679
1.0 0.99792224
1.0 0.9986248
0.0 0.0066743884
1.0 0.9986389
1.0 0.99571025
1.0 0.9710261
1.0 0.998809
1.0 0.99838483
1.0 0.99851686
0.0 0.0033829582
1.0 0.9989471
0.0 0.0012503732
0.0 0.0067108204
1.0 0.5728903
1.0 0.9948637
0.0 0.0012256048
0.0 0.0024208378
0.0 0.0011525129
0.0 0.0053218766
0.0 0.0015626195
1.0 0.9986878
0.0 0.0010930971
0.0 0.0013187143
0.0 0.0010360774
0.0 0.0021890784
1.0 0.9960205
0.0 0.0016066359
1.0 0.9957035
0.0 0.0025790033
0.0 0.0042453106
1.0 0.99880123
0.0 0.0012186952
0.0 0.017038912
0.0 0.007049545
1.0 0.9913129
1.0 0.9980539
1.0 0.99889755
1.0 0.9985875
1.0 0.9614292
1.0 0.81787735
0.0 0.0017547022
1.0 0.9951407
0.0 0.0014617759
0.0 0.0050644414
0.0 0.0015938765
0.0 0.0027774626
1.0 0.9953165
0.0 0.0024208378
1.0 0.9988054
