true vs pred:
0.0 0.020459374
1.0 0.9985038
1.0 0.99885786
1.0 0.99577796
1.0 0.9990429
0.0 0.8329713
0.0 0.90472925
0.0 0.08759343
1.0 0.7504991
1.0 0.9949243
1.0 0.9987614
0.0 0.7742828
1.0 0.9978758
1.0 0.99883777
1.0 0.9983771
1.0 0.9988939
1.0 0.99670595
1.0 0.9990314
1.0 0.9989274
1.0 0.54123616
1.0 0.99904615
1.0 0.9968984
1.0 0.99898356
1.0 0.9988392
1.0 0.9986959
1.0 0.9989819
1.0 0.99887174
1.0 0.79163915
1.0 0.9973404
1.0 0.9989404
1.0 0.99830973
1.0 0.9989084
1.0 0.9968917
1.0 0.9984938
1.0 0.9987821
0.0 0.8108895
0.0 0.7074552
1.0 0.999041
1.0 0.99567443
1.0 0.9987876
1.0 0.9989705
0.0 0.06732006
1.0 0.9989322
1.0 0.99873906
1.0 0.9990048
1.0 0.99827886
1.0 0.9986253
1.0 0.99894375
1.0 0.9990144
1.0 0.99036574
1.0 0.9989705
1.0 0.9631957
1.0 0.89466995
1.0 0.9987382
0.0 0.6287442
1.0 0.9988165
1.0 0.9989942
1.0 0.99904317
1.0 0.99889404
1.0 0.9990067
0.0 0.0040523806
0.0 0.47177243
1.0 0.96231174
0.0 0.011163689
1.0 0.9925579
1.0 0.9986071
1.0 0.99901605
1.0 0.99883825
1.0 0.9796041
1.0 0.9966912
1.0 0.8515061
0.0 0.6676473
1.0 0.9899593
1.0 0.99891627
1.0 0.9989791
1.0 0.6552771
1.0 0.55767536
1.0 0.7471872
1.0 0.9987728
1.0 0.99874
1.0 0.9601231
1.0 0.99897873
1.0 0.9911936
1.0 0.95022017
1.0 0.99898857
0.0 0.9491235
0.0 0.5969966
1.0 0.9990054
1.0 0.99596244
1.0 0.9985715
1.0 0.79953474
1.0 0.97430736
1.0 0.8309994
1.0 0.99875116
0.0 0.15474765
1.0 0.99874663
1.0 0.9969472
1.0 0.8050006
1.0 0.2642414
1.0 0.9988568
1.0 0.99884987
1.0 0.9988341
1.0 0.99182326
0.0 0.013758784
1.0 0.9989869
1.0 0.99841964
1.0 0.9861065
1.0 0.99900836
1.0 0.9967975
1.0 0.9974154
0.0 0.6337422
1.0 0.9986767
1.0 0.9987344
1.0 0.9990074
1.0 0.9987411
0.0 0.14669807
1.0 0.9987752
0.0 0.0030633237
1.0 0.99746084
1.0 0.9990023
1.0 0.99900514
0.0 0.08075432
1.0 0.99897337
0.0 0.05283096
1.0 0.96100986
1.0 0.9984701
1.0 0.99887174
1.0 0.99890864
0.0 0.8022963
1.0 0.9519918
1.0 0.9929969
1.0 0.99897146
1.0 0.9989507
1.0 0.9990144
0.0 0.89875895
1.0 0.8751866
1.0 0.9873318
1.0 0.9981438
1.0 0.9988574
1.0 0.5033308
1.0 0.9989151
1.0 0.7933237
1.0 0.99893945
1.0 0.708869
1.0 0.97725224
0.0 0.017863113
0.0 0.34291446
1.0 0.9990043
0.0 0.17661312
1.0 0.5862375
1.0 0.99897873
1.0 0.76468414
1.0 0.9423969
0.0 0.117235854
1.0 0.99897575
1.0 0.99182326
1.0 0.99898857
0.0 0.915824
1.0 0.99885297
1.0 0.9987752
0.0 0.110213585
1.0 0.99822026
1.0 0.99901676
0.0 0.2846392
1.0 0.95904475
1.0 0.9852367
1.0 0.99883825
1.0 0.74586946
1.0 0.99170977
1.0 0.9989221
1.0 0.9987753
1.0 0.99820125
0.0 0.089820094
1.0 0.99874
1.0 0.9990453
1.0 0.998818
0.0 0.027541846
1.0 0.9983473
1.0 0.9984249
1.0 0.31736216
1.0 0.9986364
1.0 0.83147866
1.0 0.9748813
1.0 0.997976
1.0 0.80692196
1.0 0.99897456
1.0 0.99900836
0.0 0.34940222
1.0 0.9391235
1.0 0.99890184
1.0 0.9675409
1.0 0.9892292
0.0 0.042925876
1.0 0.55849737
1.0 0.93269026
1.0 0.99873763
1.0 0.85258436
1.0 0.99739206
0.0 0.0146596655
1.0 0.99837375
1.0 0.9982181
0.0 0.089509845
1.0 0.99870694
1.0 0.9988931
1.0 0.99903
0.0 0.442634
1.0 0.9878785
0.0 0.19502981
1.0 0.9982932
1.0 0.99871504
1.0 0.99886876
1.0 0.9978009
1.0 0.9952378
1.0 0.9989084
1.0 0.99854916
1.0 0.6405508
1.0 0.96729875
1.0 0.9988668
1.0 0.9974004
1.0 0.9988323
1.0 0.9989784
1.0 0.9495219
0.0 0.3099762
0.0 0.5368215
1.0 0.73395824
1.0 0.8408946
0.0 0.010149331
1.0 0.9990115
1.0 0.99856645
1.0 0.9987739
