true vs pred:
0.0 0.0024641072
1.0 0.9898577
1.0 0.9984364
1.0 0.9987821
0.0 0.0034220403
1.0 0.99883276
0.0 0.47087374
0.0 0.0031164289
1.0 0.9977552
1.0 0.9990588
1.0 0.95244956
1.0 0.57536477
1.0 0.9887205
0.0 0.00480571
1.0 0.9985429
0.0 0.53452283
1.0 0.9986941
0.0 0.0045945547
0.0 0.17355336
1.0 0.9987005
1.0 0.9990157
1.0 0.99781907
0.0 0.0018981365
1.0 0.9980038
0.0 0.002183567
1.0 0.6300206
0.0 0.17180665
1.0 0.95592445
1.0 0.99728036
1.0 0.9416945
1.0 0.9509037
1.0 0.99688125
1.0 0.9864211
0.0 0.0036513328
0.0 0.0042090197
0.0 0.040792163
0.0 0.80956674
1.0 0.98707694
1.0 0.53693086
0.0 0.008770764
1.0 0.9949995
1.0 0.9987866
0.0 0.0032740312
1.0 0.9982077
1.0 0.9949032
1.0 0.8306951
1.0 0.9981699
1.0 0.9940268
1.0 0.9971993
0.0 0.0023656331
1.0 0.99829966
0.0 0.0031613158
0.0 0.0025763873
0.0 0.16715413
1.0 0.9879959
0.0 0.0045945547
1.0 0.7588023
0.0 0.002976518
1.0 0.96577805
0.0 0.010104252
1.0 0.99705696
0.0 0.011944649
0.0 0.0020314744
0.0 0.0024499597
1.0 0.9547949
1.0 0.9548981
0.0 0.28869557
0.0 0.9210892
1.0 0.97742903
0.0 0.0025958885
1.0 0.99896777
0.0 0.04446835
1.0 0.99862313
1.0 0.997387
1.0 0.8925242
1.0 0.9834419
1.0 0.99907315
1.0 0.99775296
1.0 0.82985383
1.0 0.99899143
0.0 0.09824636
1.0 0.9913809
0.0 0.001751105
1.0 0.99841
0.0 0.00302304
0.0 0.8299966
1.0 0.9921761
1.0 0.8018012
1.0 0.99861467
1.0 0.99289703
0.0 0.0035738375
1.0 0.9977451
0.0 0.0035625903
1.0 0.953977
1.0 0.99042785
0.0 0.0036781295
1.0 0.9974022
1.0 0.9991242
1.0 0.998976
1.0 0.9990941
1.0 0.99871767
1.0 0.9991104
0.0 0.124802545
1.0 0.99799323
1.0 0.9628853
1.0 0.5335711
1.0 0.99799216
0.0 0.007969973
0.0 0.004958755
0.0 0.53496134
1.0 0.9769801
1.0 0.7085005
1.0 0.99774444
0.0 0.78836745
1.0 0.98080885
1.0 0.9945909
1.0 0.9989926
1.0 0.99700934
1.0 0.21185572
1.0 0.99886847
0.0 0.009698222
1.0 0.9477442
0.0 0.016267011
1.0 0.99882525
1.0 0.9990157
0.0 0.0033080094
1.0 0.9921036
1.0 0.997387
1.0 0.9535223
0.0 0.0036199703
0.0 0.056905936
0.0 0.3412996
0.0 0.37838718
1.0 0.9464497
1.0 0.9990796
1.0 0.9981019
0.0 0.0019103114
1.0 0.9741304
0.0 0.24959238
1.0 0.96759063
1.0 0.99916506
1.0 0.9933789
1.0 0.9966186
1.0 0.99768806
0.0 0.003434655
0.0 0.04446835
1.0 0.9813819
1.0 0.9702799
1.0 0.99904805
1.0 0.99711466
0.0 0.0024554539
1.0 0.6125905
1.0 0.9970407
1.0 0.9816409
1.0 0.8641312
1.0 0.9991191
0.0 0.003338677
0.0 0.0034206146
0.0 0.08870467
0.0 0.0020584068
0.0 0.5409862
1.0 0.9966061
0.0 0.9819235
0.0 0.20048127
0.0 0.021672063
1.0 0.8526931
1.0 0.9908496
0.0 0.06623274
0.0 0.0037402303
0.0 0.0039424286
0.0 0.07589621
1.0 0.99900764
0.0 0.0015350715
1.0 0.9982973
1.0 0.9991242
0.0 0.0021656395
1.0 0.7295945
0.0 0.0033720583
1.0 0.99892646
0.0 0.0035013366
0.0 0.28869557
0.0 0.5927127
1.0 0.99904567
1.0 0.9955967
1.0 0.98818946
1.0 0.98357534
1.0 0.9945909
1.0 0.99905986
0.0 0.052195475
1.0 0.9973768
1.0 0.96498644
1.0 0.99621445
1.0 0.99881613
1.0 0.96286535
1.0 0.99876213
0.0 0.0077445693
0.0 0.0027905551
1.0 0.9663276
1.0 0.99448436
1.0 0.99901855
0.0 0.016247863
1.0 0.9983444
1.0 0.9944536
0.0 0.002152746
1.0 0.9199786
1.0 0.9676605
1.0 0.99877256
1.0 0.89582413
1.0 0.9571136
1.0 0.9983004
1.0 0.992663
1.0 0.9933984
0.0 0.002886608
1.0 0.7464697
1.0 0.9231634
1.0 0.9985879
1.0 0.99876404
0.0 0.034138296
1.0 0.9984347
1.0 0.98196983
1.0 0.997801
1.0 0.99925226
1.0 0.9970784
1.0 0.9566932
0.0 0.5908569
1.0 0.9926972
1.0 0.9965712
0.0 0.08690908
0.0 0.0031598392
1.0 0.99902916
