true vs pred:
1.0 0.99937195
0.0 0.13223574
0.0 0.64674085
0.0 0.00701908
1.0 0.6757279
1.0 0.9195759
1.0 0.99912983
0.0 0.11118112
1.0 0.9918317
1.0 0.9993318
1.0 0.998577
1.0 0.9993449
1.0 0.9949005
1.0 0.99936074
1.0 0.99930453
1.0 0.6348422
1.0 0.99937207
1.0 0.99277824
1.0 0.9993144
1.0 0.99932444
1.0 0.9991666
1.0 0.99931514
1.0 0.99910575
1.0 0.97831583
1.0 0.9968412
1.0 0.99933666
1.0 0.99928683
1.0 0.9993704
1.0 0.9977053
1.0 0.99908245
1.0 0.9989237
1.0 0.87274414
0.0 0.10487523
1.0 0.99937195
1.0 0.9974444
1.0 0.99907255
1.0 0.9993143
0.0 0.058145747
1.0 0.99930847
1.0 0.9990746
1.0 0.99934477
1.0 0.9992861
1.0 0.9990043
1.0 0.999305
1.0 0.9993436
1.0 0.99841726
1.0 0.99928766
1.0 0.9950996
1.0 0.99000365
1.0 0.99935645
0.0 0.43048713
1.0 0.9993272
1.0 0.9993456
1.0 0.99937195
1.0 0.99934024
1.0 0.9993648
0.0 0.0026766811
0.0 0.3595527
1.0 0.9701816
0.0 0.0060302266
1.0 0.9676464
1.0 0.9983241
1.0 0.9993412
1.0 0.999226
1.0 0.99554056
1.0 0.99895227
1.0 0.8660663
0.0 0.24402155
1.0 0.9960873
1.0 0.99929905
1.0 0.9993352
1.0 0.8460046
1.0 0.95961565
1.0 0.7854912
1.0 0.99926144
1.0 0.9993316
0.0 0.8972064
1.0 0.99929345
1.0 0.9973693
1.0 0.9948842
1.0 0.9993286
0.0 0.66093093
0.0 0.022061756
1.0 0.9993438
1.0 0.99915695
1.0 0.99841046
1.0 0.97863847
1.0 0.9966775
1.0 0.9952454
1.0 0.99935645
0.0 0.011968826
1.0 0.99935466
1.0 0.9989679
1.0 0.973945
0.0 0.65435344
1.0 0.9989029
1.0 0.9993451
1.0 0.9993318
1.0 0.9961283
0.0 0.030183181
1.0 0.9992618
1.0 0.9991239
1.0 0.99793124
1.0 0.9993235
1.0 0.9990165
1.0 0.9983255
0.0 0.11715713
1.0 0.9985625
1.0 0.99935645
1.0 0.99934596
1.0 0.9992539
0.0 0.045165394
1.0 0.9992543
0.0 0.0031290597
1.0 0.9982508
1.0 0.9993636
1.0 0.9993636
0.0 0.091755606
1.0 0.9992879
0.0 0.0063402946
1.0 0.78569514
1.0 0.99928015
1.0 0.99910575
1.0 0.9993462
0.0 0.675227
1.0 0.9916604
1.0 0.99744356
1.0 0.99935156
1.0 0.999305
1.0 0.99934417
0.0 0.8222138
0.0 0.31266183
1.0 0.99913967
1.0 0.9974727
1.0 0.99931765
1.0 0.80413675
1.0 0.9992207
1.0 0.88783664
1.0 0.9992893
1.0 0.84211826
1.0 0.9761814
0.0 0.00669035
0.0 0.22927564
1.0 0.99936134
0.0 0.28906274
1.0 0.99387676
1.0 0.99919134
1.0 0.99639505
1.0 0.99352807
1.0 0.10756206
1.0 0.99919134
1.0 0.9960873
1.0 0.9993274
0.0 0.9153687
1.0 0.9993162
1.0 0.9992543
0.0 0.004039756
1.0 0.9992367
1.0 0.9993236
0.0 0.080965586
1.0 0.98749673
1.0 0.9962184
1.0 0.99922824
1.0 0.9304043
1.0 0.99776614
1.0 0.99930894
1.0 0.9989159
1.0 0.9978219
0.0 0.023751153
1.0 0.99933076
1.0 0.99937207
1.0 0.99846846
0.0 0.015195179
1.0 0.9986083
1.0 0.99912745
0.0 0.10504074
1.0 0.9991666
1.0 0.98842466
1.0 0.9667408
1.0 0.99902046
1.0 0.939989
1.0 0.99935263
1.0 0.9993272
0.0 0.37445375
1.0 0.99779
1.0 0.9992944
1.0 0.98840034
1.0 0.99427986
0.0 0.0036108987
1.0 0.8036557
1.0 0.9921423
1.0 0.99909914
1.0 0.9973882
1.0 0.99911493
0.0 0.05731425
1.0 0.99892706
1.0 0.9993088
0.0 0.0035694677
1.0 0.9992681
1.0 0.9993405
1.0 0.9993604
0.0 0.01985382
1.0 0.9977925
0.0 0.054063473
1.0 0.9988796
1.0 0.99924797
1.0 0.9992925
1.0 0.99754864
1.0 0.9971136
1.0 0.9993704
1.0 0.99914575
1.0 0.96488124
1.0 0.9964347
1.0 0.9993431
1.0 0.9956762
1.0 0.99933225
1.0 0.99934584
1.0 0.9790285
0.0 0.52729976
1.0 0.25859445
1.0 0.98999804
1.0 0.98813313
0.0 0.003600129
1.0 0.9993523
1.0 0.99925274
1.0 0.9991103
1.0 0.97882915
1.0 0.99657273
1.0 0.9988802
1.0 0.9992531
