true vs pred:
1.0 0.28197604
0.0 0.017604142
1.0 0.9991997
1.0 0.9990834
0.0 0.66350156
1.0 0.9590248
1.0 0.9991844
1.0 0.9974934
1.0 0.9989936
1.0 0.8151425
1.0 0.99918383
1.0 0.6690593
1.0 0.951524
1.0 0.9984499
0.0 0.08990252
1.0 0.9850738
1.0 0.99909604
1.0 0.99902546
1.0 0.99115527
1.0 0.1256526
1.0 0.99922025
1.0 0.99920565
1.0 0.99906963
1.0 0.9957974
1.0 0.9979261
1.0 0.998858
1.0 0.99907035
1.0 0.9990753
0.0 0.55564004
1.0 0.98924434
1.0 0.9975293
1.0 0.9636974
1.0 0.99920005
1.0 0.20363851
0.0 0.23991193
1.0 0.50096345
1.0 0.9990823
1.0 0.9991573
1.0 0.9986979
1.0 0.99323684
1.0 0.9992213
1.0 0.9991615
1.0 0.99922657
1.0 0.99845374
1.0 0.9975274
1.0 0.99895823
1.0 0.8685321
1.0 0.99915767
1.0 0.9854484
0.0 0.072271675
1.0 0.9991391
1.0 0.800154
1.0 0.9984499
1.0 0.9991685
0.0 0.18177524
0.0 0.11088159
1.0 0.7489753
1.0 0.9990497
1.0 0.9654976
1.0 0.99017817
1.0 0.991284
0.0 0.075119205
1.0 0.9991573
1.0 0.99914134
1.0 0.8903106
1.0 0.9990681
1.0 0.99273515
1.0 0.86520267
1.0 0.9991731
1.0 0.99921227
1.0 0.9956191
1.0 0.9954228
1.0 0.9979334
1.0 0.961725
1.0 0.9990895
1.0 0.9992213
1.0 0.9992079
0.0 0.24165916
1.0 0.9988319
1.0 0.98625493
1.0 0.9106218
0.0 0.09920492
1.0 0.9900175
0.0 0.024830993
1.0 0.9847456
1.0 0.9991159
0.0 0.0033976017
1.0 0.9988998
0.0 0.06570325
1.0 0.976174
1.0 0.044197146
1.0 0.9984428
1.0 0.9988458
1.0 0.97889346
1.0 0.9992035
1.0 0.8399499
1.0 0.9990767
1.0 0.9992206
1.0 0.9966544
0.0 0.30905944
1.0 0.88133776
1.0 0.9991844
1.0 0.92936826
1.0 0.99895525
1.0 0.99920005
1.0 0.9988576
1.0 0.67240524
1.0 0.80470973
0.0 0.021777835
1.0 0.9987363
1.0 0.9982414
1.0 0.9988432
1.0 0.9991177
1.0 0.9593332
1.0 0.9870445
1.0 0.78082854
1.0 0.99905735
1.0 0.9986985
1.0 0.99750596
1.0 0.99737096
1.0 0.692877
1.0 0.9288852
1.0 0.99888366
1.0 0.9984888
1.0 0.99917907
1.0 0.9595564
1.0 0.9983773
1.0 0.43259174
0.0 0.04111613
1.0 0.99895966
0.0 0.4559058
1.0 0.9990238
1.0 0.8862633
1.0 0.49027815
1.0 0.9992106
1.0 0.9990119
1.0 0.94802064
0.0 0.30961716
1.0 0.99918145
1.0 0.9987656
1.0 0.999178
1.0 0.93901426
1.0 0.99921644
1.0 0.8156621
1.0 0.9990688
1.0 0.6377059
0.0 0.011651841
0.0 0.05353512
1.0 0.9458582
1.0 0.9990571
0.0 0.050541017
1.0 0.9834585
1.0 0.9991571
1.0 0.97687256
0.0 0.056035575
1.0 0.99909174
1.0 0.9991098
1.0 0.9880584
1.0 0.99730057
1.0 0.99918765
1.0 0.93552244
1.0 0.99910575
1.0 0.99910223
0.0 0.49607956
1.0 0.007431175
1.0 0.9988998
1.0 0.99902654
1.0 0.9989881
1.0 0.99916327
1.0 0.95968014
0.0 0.17866297
1.0 0.9987336
0.0 0.014020675
1.0 0.98781323
1.0 0.98924285
1.0 0.99720913
1.0 0.9933803
1.0 0.999212
1.0 0.9882003
1.0 0.9991578
1.0 0.9780984
1.0 0.9947072
0.0 0.46101537
1.0 0.99899954
1.0 0.99887604
1.0 0.98174137
1.0 0.9991893
1.0 0.9917014
1.0 0.9688655
0.0 0.45458958
1.0 0.9988011
1.0 0.9975364
1.0 0.9991002
1.0 0.8767616
1.0 0.9986203
1.0 0.9980368
1.0 0.99904996
1.0 0.9979796
0.0 0.0113244
1.0 0.99922335
1.0 0.99783796
1.0 0.35340494
1.0 0.9991893
1.0 0.9990435
1.0 0.99902165
1.0 0.99888974
1.0 0.9989109
1.0 0.99902165
1.0 0.9990693
1.0 0.99223036
1.0 0.9961665
1.0 0.999213
1.0 0.98077905
1.0 0.9983719
1.0 0.9971359
1.0 0.9863896
1.0 0.9990835
0.0 0.60252196
0.0 0.37400904
1.0 0.9990921
1.0 0.99863404
1.0 0.9989371
1.0 0.99910295
1.0 0.94158626
1.0 0.9978928
1.0 0.999076
1.0 0.99918455
1.0 0.9789656
1.0 0.9990687
1.0 0.9991247
