true vs pred:
0.0 0.0018380773
1.0 0.9986909
0.0 0.003837783
0.0 0.1886926
1.0 0.9696428
1.0 0.99895084
0.0 0.0018442975
1.0 0.9098799
0.0 0.0017483393
0.0 0.002658168
1.0 0.9981352
1.0 0.7544263
1.0 0.67940336
1.0 0.92208993
1.0 0.9860356
1.0 0.97352105
1.0 0.85784805
0.0 0.0021965706
1.0 0.99909174
1.0 0.998669
1.0 0.99692446
0.0 0.12028207
0.0 0.0021735893
1.0 0.9638769
1.0 0.04698362
0.0 0.003973874
0.0 0.003981482
0.0 0.1886926
0.0 0.002214677
1.0 0.97995067
1.0 0.9971335
1.0 0.99217284
0.0 0.33729503
1.0 0.9641861
1.0 0.99753076
1.0 0.97097856
0.0 0.004889689
1.0 0.19382548
1.0 0.99871695
1.0 0.99902403
0.0 0.0038496119
1.0 0.9987575
1.0 0.98865837
1.0 0.9351422
0.0 0.0024254448
1.0 0.42577374
1.0 0.99527776
1.0 0.9718745
1.0 0.99850595
0.0 0.0022244386
0.0 0.026423905
1.0 0.99788046
1.0 0.98401976
1.0 0.9965618
1.0 0.99896514
0.0 0.0036701388
1.0 0.7825429
0.0 0.0078107403
1.0 0.99838877
1.0 0.98974586
1.0 0.9986676
0.0 0.009451314
1.0 0.9392014
0.0 0.006926616
1.0 0.9987645
1.0 0.99878436
1.0 0.9111482
1.0 0.85784805
1.0 0.9966401
1.0 0.9879445
1.0 0.99845266
0.0 0.2491638
0.0 0.00220254
0.0 0.65446305
1.0 0.9984176
1.0 0.9956826
0.0 0.17726864
1.0 0.35027602
1.0 0.99911577
1.0 0.97078335
1.0 0.99667203
1.0 0.99540555
0.0 0.003126113
1.0 0.99766004
0.0 0.0022869087
1.0 0.8705139
1.0 0.99573094
1.0 0.99539524
0.0 0.0033778516
0.0 0.0020335685
0.0 0.12009818
1.0 0.99849
0.0 0.0020580061
0.0 0.003490103
0.0 0.0019314304
1.0 0.89073056
1.0 0.82823956
0.0 0.0077064475
1.0 0.99872226
1.0 0.7757536
1.0 0.9984168
1.0 0.99875796
0.0 0.0016120602
1.0 0.8916149
0.0 0.0027849372
0.0 0.003126113
0.0 0.00283938
0.0 0.0016417212
0.0 0.0015766106
1.0 0.9970546
1.0 0.9989768
1.0 0.88776916
0.0 0.0017591286
0.0 0.002676462
1.0 0.99592006
1.0 0.71467626
1.0 0.99825794
1.0 0.9975878
1.0 0.9990107
1.0 0.9977708
1.0 0.9973156
1.0 0.998635
0.0 0.0026457903
0.0 0.00195661
0.0 0.003626801
1.0 0.99828476
1.0 0.9971335
1.0 0.99885404
1.0 0.99508107
0.0 0.0077064475
0.0 0.0026965176
1.0 0.9972173
1.0 0.75191265
0.0 0.0017658544
1.0 0.9977609
1.0 0.99874747
1.0 0.9984163
1.0 0.9891824
1.0 0.9988642
1.0 0.9989754
0.0 0.0018693169
0.0 0.004323183
1.0 0.99900997
1.0 0.9272998
1.0 0.9908896
1.0 0.9979128
1.0 0.87571913
1.0 0.9956923
1.0 0.9956826
1.0 0.9676426
0.0 0.0021339415
1.0 0.9980021
1.0 0.7095265
1.0 0.9407334
0.0 0.004128279
1.0 0.997832
0.0 0.0027530862
0.0 0.004787407
0.0 0.116862774
1.0 0.99786806
1.0 0.9955493
0.0 0.0033805396
1.0 0.94823676
0.0 0.0020495895
1.0 0.99648786
1.0 0.26407963
1.0 0.9977083
0.0 0.0045570266
0.0 0.0023519828
1.0 0.92927116
1.0 0.99842095
0.0 0.027784046
1.0 0.99512345
0.0 0.0036253852
1.0 0.93606853
1.0 0.9980964
1.0 0.9983621
0.0 0.0028738766
1.0 0.9985672
0.0 0.004826549
0.0 0.002648938
1.0 0.99838173
1.0 0.9987457
1.0 0.9869669
1.0 0.8165313
1.0 0.9910774
0.0 0.0017490459
1.0 0.99853885
0.0 0.006375772
1.0 0.99888486
0.0 0.0020594147
0.0 0.0075317947
1.0 0.98935026
1.0 0.99492836
1.0 0.99775994
0.0 0.002253665
1.0 0.9974124
0.0 0.0017444587
1.0 0.92600274
0.0 0.39324942
0.0 0.05588187
1.0 0.99783176
1.0 0.9529076
1.0 0.96188986
1.0 0.9977043
1.0 0.9952407
0.0 0.0034979496
0.0 0.0019808523
0.0 0.003416115
1.0 0.8997309
1.0 0.9852115
1.0 0.8546838
0.0 0.0038546862
1.0 0.9964142
1.0 0.9986873
0.0 0.005782305
1.0 0.99794775
1.0 0.99244046
1.0 0.9255602
1.0 0.9982673
1.0 0.99756914
1.0 0.9977465
0.0 0.0035597526
1.0 0.998765
0.0 0.0021339415
0.0 0.004428067
1.0 0.34560886
1.0 0.9866475
0.0 0.0019870233
0.0 0.061666027
