true vs pred:
0.0 0.00036096855
0.0 0.00047440614
0.0 0.0003725187
0.0 0.00039816735
0.0 0.0003725187
0.0 0.00040557882
0.0 0.0064577507
0.0 0.00056438043
0.0 0.020713907
0.0 0.0025993946
1.0 0.9894322
0.0 0.0003017917
0.0 0.00037587248
0.0 0.0021566502
0.0 0.00039649167
0.0 0.519074
0.0 0.00038282148
0.0 0.0019981908
0.0 0.001089758
0.0 0.0011501806
0.0 0.00035901205
0.0 0.00035901205
0.0 0.0018811785
0.0 0.005976802
1.0 0.9785917
0.0 0.0064577507
0.0 0.00039433385
0.0 0.0021770182
0.0 0.4221948
0.0 0.0010681099
0.0 0.0064577507
0.0 0.00038247384
0.0 0.00036096855
1.0 0.98019916
1.0 0.9847659
1.0 0.9894322
1.0 0.9854995
0.0 0.00038247384
0.0 0.0019265944
0.0 0.0019981908
0.0 0.00037739694
0.0 0.00038837348
1.0 0.9383642
0.0 0.0019981908
1.0 0.94821084
0.0 0.00043940163
0.0 0.0010681099
0.0 0.00035901205
0.0 0.020713907
0.0 0.00042614996
0.0 0.41767558
0.0 0.00035836129
0.0 0.0021566502
0.0 0.00035901205
0.0 0.5578276
0.0 0.0025993946
0.0 0.0010278681
0.0 0.00031076453
0.0 0.0004585384
0.0 0.0021770182
0.0 0.0002860002
0.0 0.006297659
0.0 0.0053983317
0.0 0.00029780055
0.0 0.18446752
0.0 0.00055768684
0.0 0.005818158
0.0 0.0004585384
0.0 0.0021566502
0.0 0.16229853
0.0 0.00040786015
0.0 0.00040506438
0.0 0.00039273288
0.0 0.02749675
0.0 0.00042614996
0.0 0.18220094
0.0 0.58350426
1.0 0.9894322
0.0 0.0021770182
0.0 0.0004036591
0.0 0.0006554189
0.0 0.024779215
1.0 0.9390599
0.0 0.0021566502
0.0 0.0011549367
0.0 0.519074
0.0 0.00044744014
0.0 0.00038282148
0.0 0.17043139
0.0 0.0011501806
0.0 0.0018811785
0.0 0.00042178392
0.0 0.0002860002
0.0 0.00041618588
0.0 0.0003821283
0.0 0.024779215
0.0 0.00038837348
0.0 0.0012377965
0.0 0.00029329903
0.0 0.00047440614
0.0 0.020713907
0.0 0.00035021215
0.0 0.21381384
0.0 0.00043064516
0.0 0.4221948
0.0 0.18524083
0.0 0.00045277894
0.0 0.005976802
0.0 0.0062938794
0.0 0.00040506438
1.0 0.9785917
0.0 0.00038282148
0.0 0.0012377965
0.0 0.0004014428
0.0 0.0019981908
0.0 0.00044744014
0.0 0.00037683846
0.0 0.00037646954
0.0 0.000605612
0.0 0.0025993946
1.0 0.9839081
1.0 0.94821084
1.0 0.9854995
0.0 0.0011501806
0.0 0.00056438043
0.0 0.0004437634
0.0 0.00038837348
1.0 0.9390599
0.0 0.00042614996
0.0 0.017667588
0.0 0.0018811785
1.0 0.92415047
0.0 0.14851415
0.0 0.0025993946
0.0 0.18524083
0.0 0.00035836129
0.0 0.024950821
1.0 0.98581636
0.0 0.0062938794
1.0 0.94821084
0.0 0.15081547
1.0 0.9854995
0.0 0.00039981617
0.0 0.00041618588
0.0 0.0004036591
1.0 0.98019916
0.0 0.00039649167
0.0 0.0064577507
0.0 0.21381384
0.0 0.5132538
1.0 0.9847659
0.0 0.00038837348
0.0 0.00031076453
0.0 0.00043064516
0.0 0.001089758
0.0 0.18524083
0.0 0.0053437296
0.0 0.0011014873
0.0 0.0011549367
0.0 0.00041527738
0.0 0.00039981617
0.0 0.0006544302
0.0 0.00056438043
0.0 0.00044744014
1.0 0.92415047
0.0 0.00056438043
0.0 0.0027540696
0.0 0.0062938794
0.0 0.00031286
0.0 0.028691793
0.0 0.00040557882
1.0 0.9383642
0.0 0.00040506438
0.0 0.14851415
0.0 0.001105968
1.0 0.9168522
0.0 0.00038282148
0.0 0.00041618588
0.0 0.00029197044
0.0 0.02749675
0.0 0.0064577507
0.0 0.00029785364
1.0 0.9807
0.0 0.68067515
0.0 0.18524083
0.0 0.41767558
0.0 0.00031076453
1.0 0.9390599
0.0 0.0003821283
0.0 0.00029780055
0.0 0.68067515
1.0 0.9401598
0.0 0.0004281978
0.0 0.0019265944
0.0 0.0018811785
0.0 0.0012377965
0.0 0.00037587248
0.0 0.0006544302
0.0 0.15081547
0.0 0.5132538
0.0 0.0011549367
1.0 0.9383642
0.0 0.0004099927
0.0 0.0021566502
0.0 0.02749675
1.0 0.9142068
0.0 0.16229853
0.0 0.00037646954
0.0 0.0006544302
0.0 0.0011549367
0.0 0.0004014912
0.0 0.00029329903
0.0 0.0010278681
0.0 0.0004099927
0.0 0.00040506438
0.0 0.000605612
0.0 0.00045277894
0.0 0.00039981617
0.0 0.00056438043
1.0 0.9768876
0.0 0.5578276
0.0 0.00039649167
0.0 0.00046415022
1.0 0.9785917
0.0 0.027638825
0.0 0.00039981617
0.0 0.0004257748
0.0 0.00031974725
1.0 0.9854995
0.0 0.001105968
0.0 0.028691793
1.0 0.93876016
0.0 0.00040557882
1.0 0.9839081
1.0 0.9768876
0.0 0.00038282148
0.0 0.41767558
0.0 0.0010681099
1.0 0.9480249
0.0 0.00039433385
0.0 0.00037646954
0.0 0.00055768684
0.0 0.0004585384
0.0 0.0004014912
0.0 0.002131427
1.0 0.9390599
1.0 0.9847659
0.0 0.0011435939
1.0 0.9480249
1.0 0.98658305
0.0 0.43134147
0.0 0.5132538
0.0 0.00037739694
0.0 0.00038282148
0.0 0.00039932388
0.0 0.58350426
1.0 0.98019916
0.0 0.0011549367
0.0 0.024950821
0.0 0.0004257748
1.0 0.94821084
0.0 0.005038499
0.0 0.00034897286
0.0 0.005857656
0.0 0.0011501806
0.0 0.001089758
0.0 0.519074
0.0 0.0004651448
0.0 0.00040786015
0.0 0.00035836129
0.0 0.4849376
0.0 0.19469927
0.0 0.00041527738
1.0 0.93876016
0.0 0.024779215
0.0 0.0021430892
0.0 0.17043139
0.0 0.0053437296
0.0 0.00045277894
0.0 0.024950821
0.0 0.00031076453
0.0 0.0006544302
0.0 0.41767558
0.0 0.00055768684
0.0 0.00035021215
0.0 0.4221948
0.0 0.005857656
0.0 0.024950821
0.0 0.0011549367
0.0 0.024779215
0.0 0.15081547
0.0 0.00039649167
1.0 0.9807
0.0 0.020713907
0.0 0.024950821
0.0 0.0004014912
0.0 0.00037739694
0.0 0.0011549367
1.0 0.9383642
0.0 0.00036096855
0.0 0.41767558
1.0 0.9807
0.0 0.0019981908
0.0 0.00046767894
0.0 0.001105968
0.0 0.5578276
0.0 0.0004585384
0.0 0.0004014428
1.0 0.9142068
0.0 0.00046767894
1.0 0.9807
0.0 0.0011014873
1.0 0.93133235
0.0 0.005857656
0.0 0.00035836129
0.0 0.0004585384
0.0 0.16229853
1.0 0.9785917
1.0 0.94821084
0.0 0.00045277894
0.0 0.0011014873
0.0 0.005038499
0.0 0.00039804418
0.0 0.0064056544
0.0 0.68067515
0.0 0.00035901205
0.0 0.00047440614
0.0 0.0002860002
0.0 0.005976802
0.0 0.00039411004
0.0 0.0003821283
0.0 0.000571803
0.0 0.0004014912
1.0 0.9142068
0.0 0.00041527738
0.0 0.00038282148
0.0 0.021666434
1.0 0.9480249
0.0 0.0003819615
0.0 0.00039433385
0.0 0.00043940163
1.0 0.94821084
1.0 0.9768876
0.0 0.017667588
1.0 0.9894322
0.0 0.0004036591
0.0 0.00043064516
0.0 0.00037646954
1.0 0.9142068
0.0 0.58350426
0.0 0.00040557882
0.0 0.0003819615
0.0 0.027638825
0.0 0.5132538
0.0 0.0019265944
0.0 0.17043139
0.0 0.00035836129
0.0 0.0004036591
0.0 0.00040506438
0.0 0.00029785364
0.0 0.00055768684
0.0 0.00037587248
0.0 0.0003725187
0.0 0.0004437634
0.0 0.028691793
0.0 0.0003017917
0.0 0.00039804418
0.0 0.00039411004
1.0 0.9168522
0.0 0.00038247384
0.0 0.00029780055
0.0 0.00041019812
0.0 0.0019265944
0.0 0.00041088418
0.0 0.006297659
1.0 0.9480249
0.0 0.0053437296
1.0 0.9768876
1.0 0.98658305
0.0 0.00041019812
1.0 0.98658305
1.0 0.9390599
0.0 0.00056438043
0.0 0.00040557882
0.0 0.00034897286
0.0 0.024950821
0.0 0.5132538
0.0 0.00031076453
1.0 0.9480249
0.0 0.58350426
0.0 0.0021305145
0.0 0.00038282148
1.0 0.9847659
1.0 0.9854995
1.0 0.98019916
0.0 0.0019265944
0.0 0.0019265944
0.0 0.00036096855
0.0 0.00029329903
1.0 0.9390599
0.0 0.00040557882
0.0 0.0010278681
0.0 0.00041618588
0.0 0.0007099095
0.0 0.18446752
0.0 0.027638825
1.0 0.9807
1.0 0.94821084
0.0 0.0064577507
0.0 0.00041527738
0.0 0.0010681099
0.0 0.00029197044
1.0 0.9480249
0.0 0.0006285201
0.0 0.0003017917
0.0 0.0004585384
1.0 0.9390599
0.0 0.0004437634
1.0 0.9390599
0.0 0.18446752
0.0 0.00039932388
0.0 0.0003821283
0.0 0.17043139
0.0 0.00038837348
1.0 0.98581636
0.0 0.028691793
0.0 0.00041088418
0.0 0.00034897286
0.0 0.0010681099
0.0 0.024950821
0.0 0.00038282148
0.0 0.021666434
0.0 0.0004036591
0.0 0.02749675
0.0 0.0005706164
1.0 0.9847659
0.0 0.00031076453
1.0 0.9894322
0.0 0.005818158
0.0 0.001089758
0.0 0.0011501806
0.0 0.001089758
0.0 0.5156336
0.0 0.0003819615
0.0 0.0006285201
0.0 0.017667588
0.0 0.18446752
0.0 0.00029785364
0.0 0.00039649167
0.0 0.00041527738
0.0 0.02749675
1.0 0.9807
0.0 0.0018811785
0.0 0.021666434
0.0 0.00055768684
0.0 0.16229853
0.0 0.024779215
0.0 0.00035021215
0.0 0.0064577507
0.0 0.0004257748
1.0 0.9847659
0.0 0.00039433385
0.0 0.0002860002
0.0 0.00055768684
0.0 0.00047440614
0.0 0.00042614996
0.0 0.0004099927
0.0 0.4849376
0.0 0.00041088418
0.0 0.0021566502
0.0 0.024779215
0.0 0.18446752
0.0 0.00029780055
0.0 0.00042178392
0.0 0.00030132395
0.0 0.0025993946
0.0 0.0006554189
0.0 0.00044744014
0.0 0.15081547
0.0 0.0006544302
0.0 0.14851415
1.0 0.9390599
0.0 0.0006494122
0.0 0.0002860002
0.0 0.00029329903
0.0 0.028691793
0.0 0.15081547
0.0 0.00039932388
0.0 0.00037739694
0.0 0.022281963
0.0 0.00037739694
0.0 0.0003819615
0.0 0.5132538
0.0 0.21381384
0.0 0.18524083
0.0 0.19469927
0.0 0.0019265944
0.0 0.0005706164
0.0 0.00029785364
0.0 0.0004257748
1.0 0.9807
0.0 0.5132538
1.0 0.9847659
0.0 0.17043139
0.0 0.0062938794
0.0 0.0021566502
0.0 0.005038499
0.0 0.002131427
0.0 0.00040506438
0.0 0.0011501806
0.0 0.00039932388
1.0 0.98581636
1.0 0.93876016
1.0 0.9854995
0.0 0.00040786015
0.0 0.001089758
0.0 0.00041019812
0.0 0.00035021215
0.0 0.021666434
0.0 0.00043064516
