true vs pred:
1.0 0.9723068
1.0 0.9959623
1.0 0.99481696
0.0 0.0045125745
1.0 0.9977239
0.0 0.0043289135
1.0 0.92750144
1.0 0.9951321
1.0 0.9956267
0.0 0.0073068817
0.0 0.0018861237
1.0 0.74773335
1.0 0.9985911
0.0 0.0018233835
0.0 0.003772154
0.0 0.0021120703
1.0 0.8882622
1.0 0.7562158
0.0 0.033270665
1.0 0.99895215
1.0 0.6033774
1.0 0.9982399
1.0 0.9989502
0.0 0.001874428
1.0 0.8697202
0.0 0.0034724062
0.0 0.0042453147
0.0 0.0026148614
0.0 0.0024190904
0.0 0.001597142
1.0 0.99522865
1.0 0.999148
1.0 0.8787243
0.0 0.0017552776
0.0 0.0067919134
1.0 0.9946155
1.0 0.63497376
1.0 0.99806076
1.0 0.99751186
1.0 0.99916506
1.0 0.9984168
1.0 0.99871814
1.0 0.998728
0.0 0.0026784523
0.0 0.0021846178
0.0 0.006346829
1.0 0.99828964
1.0 0.9961223
1.0 0.9990088
1.0 0.9896185
0.0 0.032048427
0.0 0.0025431544
1.0 0.9974721
1.0 0.9898032
0.0 0.0017051436
1.0 0.9975725
1.0 0.99890244
1.0 0.9987118
1.0 0.9969182
1.0 0.99906737
1.0 0.999106
0.0 0.0017991944
0.0 0.0029467412
1.0 0.9991806
1.0 0.9306256
1.0 0.9855397
1.0 0.9979194
1.0 0.92782295
1.0 0.99808073
1.0 0.9981325
1.0 0.9618198
0.0 0.0023428192
1.0 0.99784935
1.0 0.8041026
1.0 0.8084686
0.0 0.004244853
1.0 0.9974591
0.0 0.0036470525
0.0 0.01377015
1.0 0.5622224
1.0 0.99743927
1.0 0.99519783
0.0 0.0037913858
1.0 0.94437295
0.0 0.0021846178
1.0 0.99543387
1.0 0.94034195
1.0 0.99728525
0.0 0.01198243
0.0 0.002524818
1.0 0.99123096
1.0 0.99867284
0.0 0.13301906
1.0 0.994726
0.0 0.0025920973
1.0 0.9788382
1.0 0.9984242
1.0 0.99867755
0.0 0.0025721767
1.0 0.99884546
0.0 0.013651453
0.0 0.0024617175
1.0 0.99852556
1.0 0.99902916
1.0 0.98463595
1.0 0.68817055
1.0 0.98399895
0.0 0.0021387823
1.0 0.9986363
0.0 0.032592837
1.0 0.9989599
0.0 0.0026439477
0.0 0.0352175
1.0 0.99727136
1.0 0.99849236
1.0 0.9975132
0.0 0.0020397904
1.0 0.9979734
0.0 0.0017982329
1.0 0.81033415
0.0 0.33993953
0.0 0.49356586
1.0 0.99733317
1.0 0.9343925
1.0 0.9360923
1.0 0.9976445
1.0 0.99297005
0.0 0.0033116813
0.0 0.0026439477
0.0 0.010698606
1.0 0.8172163
1.0 0.97442144
1.0 0.8002296
0.0 0.005967107
1.0 0.99563414
1.0 0.9988424
0.0 0.003400325
1.0 0.9981806
1.0 0.99181527
1.0 0.816021
1.0 0.99838984
1.0 0.99686784
1.0 0.9976284
0.0 0.0024252834
1.0 0.9987936
0.0 0.0025114396
0.0 0.0029467412
0.0 0.18705574
1.0 0.97642887
0.0 0.002708428
0.0 0.2725073
0.0 0.0020027643
1.0 0.11556976
0.0 0.0037780346
1.0 0.9979292
0.0 0.003964721
0.0 0.0017991944
0.0 0.0015044486
1.0 0.31771657
1.0 0.95929116
0.0 0.027988508
0.0 0.9574138
0.0 0.7595225
0.0 0.0031422654
1.0 0.998917
0.0 0.005053686
1.0 0.9920318
1.0 0.9759754
1.0 0.94675213
1.0 0.99084365
1.0 0.99898463
1.0 0.9984213
1.0 0.88537866
1.0 0.9981414
0.0 0.008861232
1.0 0.9720719
0.0 0.0017096668
1.0 0.9862884
0.0 0.0024956737
0.0 0.096411236
1.0 0.99218494
0.0 0.35744616
1.0 0.998733
1.0 0.9945293
0.0 0.0022448527
1.0 0.99819
0.0 0.0032312542
0.0 0.07473467
1.0 0.8541384
0.0 0.002772807
1.0 0.9978405
1.0 0.99890554
1.0 0.9986853
1.0 0.9990233
1.0 0.9987318
1.0 0.99909925
0.0 0.014650039
1.0 0.9899706
1.0 0.32044375
1.0 0.70470744
1.0 0.9971221
0.0 0.004093478
0.0 0.00449677
0.0 0.037259948
1.0 0.98670363
1.0 0.7790012
1.0 0.9982317
0.0 0.04150547
1.0 0.5136594
1.0 0.7890928
1.0 0.999025
1.0 0.90576965
0.0 0.036170345
1.0 0.9957716
0.0 0.005295122
1.0 0.9735074
0.0 0.0053686304
1.0 0.99888104
1.0 0.9984243
0.0 0.004244853
1.0 0.9954406
1.0 0.97096384
1.0 0.98789084
0.0 0.002314176
0.0 0.0058356156
0.0 0.40404665
0.0 0.30327746
1.0 0.9480531
1.0 0.9990495
1.0 0.99814796
