true vs pred:
1.0 0.8331787
1.0 0.9979517
1.0 0.88784593
1.0 0.95496386
1.0 0.9957574
1.0 0.9956103
1.0 0.9958348
0.0 0.077175446
0.0 0.07335297
1.0 0.83476686
1.0 0.9798584
1.0 0.9982304
0.0 0.46964434
1.0 0.9983335
1.0 0.97036743
0.0 0.029514177
1.0 0.56732494
1.0 0.59718466
1.0 0.99827075
1.0 0.7619739
1.0 0.9961045
1.0 0.9898004
1.0 0.9566207
1.0 0.9980837
0.0 0.25779474
1.0 0.43898866
0.0 0.63680995
1.0 0.9984079
1.0 0.9969222
1.0 0.99249226
1.0 0.9922896
1.0 0.9980799
1.0 0.9859983
1.0 0.99886596
1.0 0.9779661
0.0 0.7911619
0.0 0.20580325
1.0 0.95921123
1.0 0.99702877
0.0 0.05452215
0.0 0.009890833
1.0 0.9986235
1.0 0.98973536
0.0 0.6068978
1.0 0.9955367
1.0 0.9974159
1.0 0.9610529
0.0 0.17685185
1.0 0.99635834
1.0 0.9882223
1.0 0.9984597
1.0 0.9988249
0.0 0.7804801
0.0 0.038129997
0.0 0.7090144
1.0 0.99617994
1.0 0.9974005
1.0 0.99099076
1.0 0.96112853
0.0 0.4267284
1.0 0.9984054
0.0 0.03510197
1.0 0.99152946
1.0 0.90100104
1.0 0.98203295
1.0 0.7852622
1.0 0.99787676
1.0 0.9866448
1.0 0.9981186
1.0 0.99777526
1.0 0.99672085
1.0 0.9049208
1.0 0.9947208
0.0 0.41961646
1.0 0.99858046
1.0 0.98147446
1.0 0.9643927
1.0 0.2422963
1.0 0.8915948
1.0 0.9960032
1.0 0.99791545
1.0 0.9985672
1.0 0.9923672
1.0 0.9983911
0.0 0.012493952
1.0 0.9985869
0.0 0.022932421
0.0 0.0147096105
1.0 0.99857795
0.0 0.021765038
1.0 0.9656027
1.0 0.98147446
1.0 0.9987987
1.0 0.97593224
0.0 0.67716295
1.0 0.96576256
1.0 0.97593224
1.0 0.99616313
1.0 0.9897327
1.0 0.9986639
1.0 0.9978922
0.0 0.00645683
0.0 0.45602635
1.0 0.9882831
1.0 0.98774546
1.0 0.99729925
1.0 0.72291476
1.0 0.7806646
1.0 0.99652183
1.0 0.9445779
1.0 0.9982551
1.0 0.995105
1.0 0.98532355
0.0 0.017225074
1.0 0.9984149
1.0 0.9972861
0.0 0.00651303
1.0 0.99838245
1.0 0.9924454
1.0 0.9972766
0.0 0.20068048
1.0 0.9986292
1.0 0.9890059
0.0 0.26168647
0.0 0.13796736
1.0 0.997976
1.0 0.6735628
1.0 0.99238986
1.0 0.9968104
0.0 0.02927871
1.0 0.9978542
1.0 0.8824479
1.0 0.07527235
1.0 0.97631276
1.0 0.8202741
1.0 0.9981133
1.0 0.99702877
1.0 0.9980165
0.0 0.005464854
1.0 0.9371393
0.0 0.025755443
1.0 0.9486266
1.0 0.8879952
0.0 0.005027455
1.0 0.99869376
1.0 0.99602216
1.0 0.4324755
1.0 0.9942298
1.0 0.32602787
0.0 0.004326662
0.0 0.022697307
1.0 0.9975891
1.0 0.9985368
1.0 0.9513523
1.0 0.95335406
1.0 0.99864167
0.0 0.53456676
1.0 0.9493865
1.0 0.9973496
1.0 0.99282724
1.0 0.9984396
1.0 0.91662157
1.0 0.9920265
0.0 0.13313827
0.0 0.17395355
1.0 0.99741554
0.0 0.045947026
0.0 0.13840017
0.0 0.03232972
1.0 0.9973779
1.0 0.9981786
0.0 0.07676521
0.0 0.011962693
0.0 0.005027455
1.0 0.99706024
1.0 0.35342687
0.0 0.010266804
0.0 0.04082502
1.0 0.99861693
0.0 0.008025929
1.0 0.99118584
1.0 0.7777674
1.0 0.9981287
0.0 0.16993482
1.0 0.9973496
1.0 0.4514171
1.0 0.81158465
0.0 0.00402253
1.0 0.64914024
1.0 0.99248534
1.0 0.98693603
1.0 0.98609155
1.0 0.6023232
1.0 0.99863917
1.0 0.9938638
1.0 0.9970168
0.0 0.077175446
1.0 0.9961887
0.0 0.029937731
1.0 0.8510224
0.0 0.050062686
1.0 0.9982187
1.0 0.99099076
1.0 0.9923494
1.0 0.9972766
1.0 0.9982362
1.0 0.60396016
0.0 0.07043509
1.0 0.99793494
0.0 0.39174792
1.0 0.9974331
1.0 0.99873334
1.0 0.98949754
1.0 0.99734664
1.0 0.9954158
1.0 0.9981108
1.0 0.30002272
1.0 0.99123996
0.0 0.27700472
1.0 0.97338605
0.0 0.17933796
1.0 0.99835986
1.0 0.9978904
1.0 0.9902608
0.0 0.7097101
1.0 0.99836236
0.0 0.005753759
1.0 0.99863464
1.0 0.9555844
0.0 0.39857945
