true vs pred:
1.0 0.9993766
1.0 0.9993395
1.0 0.9994042
1.0 0.9990772
1.0 0.9944936
1.0 0.9951139
1.0 0.9931845
1.0 0.9988255
1.0 0.7525715
1.0 0.9768599
1.0 0.9978951
1.0 0.99925953
1.0 0.99936396
1.0 0.99936396
1.0 0.99949837
1.0 0.9784896
1.0 0.75182104
1.0 0.48417932
1.0 0.9971021
1.0 0.9795903
1.0 0.99671495
1.0 0.99435943
1.0 0.9918059
1.0 0.75182104
1.0 0.99924207
1.0 0.9994973
1.0 0.9819064
1.0 0.9978951
1.0 0.99894875
1.0 0.9990466
1.0 0.9993857
1.0 0.9784896
1.0 0.9971021
1.0 0.9993857
1.0 0.97774065
1.0 0.99687874
1.0 0.9994325
1.0 0.9989581
1.0 0.9978951
1.0 0.5033426
1.0 0.9990606
1.0 0.99937314
1.0 0.999313
1.0 0.99412435
1.0 0.9992737
1.0 0.9988925
1.0 0.99476916
1.0 0.997982
1.0 0.9989002
1.0 0.9993395
1.0 0.99924207
1.0 0.9990682
1.0 0.9932769
1.0 0.99874675
1.0 0.7525715
1.0 0.9992859
1.0 0.99940526
1.0 0.9994973
1.0 0.9992859
1.0 0.99928004
1.0 0.99214786
1.0 0.99435717
1.0 0.9994973
1.0 0.997982
1.0 0.97577876
1.0 0.9784896
1.0 0.99922097
1.0 0.7392643
1.0 0.99937683
1.0 0.9988537
1.0 0.9988255
1.0 0.99214786
1.0 0.9989895
1.0 0.9819064
1.0 0.99935955
1.0 0.99937963
1.0 0.9995167
1.0 0.9990682
1.0 0.9994973
1.0 0.99936825
1.0 0.9989895
1.0 0.9993148
1.0 0.99924016
1.0 0.9993774
1.0 0.99928004
1.0 0.9993299
1.0 0.9989895
1.0 0.99653864
1.0 0.9982986
1.0 0.99812514
1.0 0.9980653
1.0 0.49558374
1.0 0.99932885
1.0 0.9990736
1.0 0.999495
1.0 0.7512143
1.0 0.99925596
1.0 0.9990606
1.0 0.99435943
1.0 0.9918041
1.0 0.99937904
1.0 0.9988537
1.0 0.9988537
1.0 0.7822777
1.0 0.9951139
1.0 0.999313
1.0 0.9988925
1.0 0.49558374
1.0 0.99949837
1.0 0.99874675
1.0 0.9768599
1.0 0.999363
1.0 0.97577876
1.0 0.9967553
1.0 0.9993148
1.0 0.9989002
1.0 0.99884903
1.0 0.9944936
1.0 0.99897397
1.0 0.99435943
1.0 0.9931845
1.0 0.99936515
1.0 0.97774065
1.0 0.9995061
1.0 0.99897456
1.0 0.99476916
1.0 0.9993774
1.0 0.99925596
1.0 0.75182104
1.0 0.9988894
1.0 0.9936418
1.0 0.9936186
1.0 0.99904615
1.0 0.7822777
1.0 0.99950564
1.0 0.9992737
1.0 0.7822777
1.0 0.9988925
1.0 0.99412435
1.0 0.9993857
1.0 0.9936186
1.0 0.99884665
1.0 0.7822777
1.0 0.999388
1.0 0.9980653
1.0 0.99924207
1.0 0.9988471
1.0 0.99812514
1.0 0.9993774
1.0 0.7622575
1.0 0.9929733
1.0 0.43959475
1.0 0.9983688
1.0 0.7512143
1.0 0.9992737
1.0 0.9944936
1.0 0.9994973
1.0 0.9768599
1.0 0.99824286
1.0 0.9988255
1.0 0.9988471
1.0 0.9768599
1.0 0.5002422
1.0 0.99669445
1.0 0.97952396
1.0 0.998953
1.0 0.97774065
1.0 0.9994042
1.0 0.5033426
1.0 0.9993299
1.0 0.9989002
1.0 0.9988471
1.0 0.9936186
1.0 0.99937314
1.0 0.75182104
1.0 0.99897456
1.0 0.99937904
1.0 0.9993882
1.0 0.9936418
1.0 0.9929733
1.0 0.9932769
1.0 0.9993882
1.0 0.99687874
1.0 0.99897397
1.0 0.99476916
1.0 0.9945062
1.0 0.9993148
1.0 0.5002422
1.0 0.99887234
1.0 0.99259263
1.0 0.99927205
1.0 0.9784896
1.0 0.99936396
1.0 0.99937904
1.0 0.99476916
1.0 0.74523306
1.0 0.9993766
1.0 0.9989581
1.0 0.9993395
1.0 0.99412435
1.0 0.99925596
1.0 0.9795903
1.0 0.49558374
1.0 0.9980653
1.0 0.9990682
1.0 0.9967553
1.0 0.49558374
1.0 0.46851614
1.0 0.9993357
1.0 0.9993882
1.0 0.7622575
1.0 0.9932769
1.0 0.5033426
1.0 0.9980323
1.0 0.99936503
1.0 0.9968078
1.0 0.99671495
1.0 0.99928004
1.0 0.7392643
1.0 0.998793
1.0 0.99893266
1.0 0.9918041
1.0 0.9993968
1.0 0.9945062
1.0 0.45952007
1.0 0.97577876
1.0 0.9995167
1.0 0.5193021
1.0 0.99893266
1.0 0.9993882
1.0 0.998953
1.0 0.99937683
1.0 0.9768599
1.0 0.99884665
1.0 0.9932769
1.0 0.9982986
1.0 0.9784896
1.0 0.49330696
1.0 0.9819064
1.0 0.99936515
1.0 0.9993968
1.0 0.999363
1.0 0.9988925
1.0 0.9993299
1.0 0.9982304
1.0 0.9993862
1.0 0.9971021
1.0 0.45952007
1.0 0.99950564
1.0 0.9980323
1.0 0.99476916
1.0 0.99950564
1.0 0.9993882
1.0 0.99430794
1.0 0.9993882
1.0 0.99476916
1.0 0.9989581
1.0 0.99902785
1.0 0.99936396
1.0 0.99925953
1.0 0.99278647
1.0 0.99937314
1.0 0.7822777
1.0 0.9918041
1.0 0.99902785
1.0 0.98109025
1.0 0.99936825
1.0 0.99687874
1.0 0.99936503
1.0 0.99884486
1.0 0.99897456
1.0 0.49330696
1.0 0.99922097
1.0 0.9983688
1.0 0.7512143
1.0 0.9990466
1.0 0.9993357
1.0 0.9994973
1.0 0.9945062
1.0 0.9992859
1.0 0.9980323
1.0 0.46851614
1.0 0.99928004
1.0 0.99936515
1.0 0.9784896
1.0 0.9936418
1.0 0.99687874
1.0 0.9988255
1.0 0.7622575
1.0 0.9992737
1.0 0.99925953
1.0 0.9992859
1.0 0.99671495
1.0 0.9990772
1.0 0.9994325
1.0 0.7822777
1.0 0.7392643
1.0 0.99950874
1.0 0.9784896
1.0 0.9967553
1.0 0.9993857
1.0 0.9980323
1.0 0.9980653
1.0 0.99928004
1.0 0.9993395
1.0 0.9944936
1.0 0.75182104
1.0 0.9993395
1.0 0.99430794
1.0 0.99476916
1.0 0.9972222
1.0 0.9931845
1.0 0.98109025
1.0 0.9993299
1.0 0.49558374
1.0 0.9982986
1.0 0.99924016
1.0 0.99937904
1.0 0.9993299
1.0 0.9932769
1.0 0.9993148
1.0 0.99950564
1.0 0.9989581
1.0 0.99897397
1.0 0.9936418
1.0 0.99924016
1.0 0.9931845
1.0 0.99940526
1.0 0.9966253
1.0 0.99935955
1.0 0.99435717
1.0 0.99669445
1.0 0.49558374
1.0 0.99938095
1.0 0.9993862
1.0 0.99430794
1.0 0.99874675
1.0 0.9994973
1.0 0.9988471
1.0 0.9995167
1.0 0.99928004
1.0 0.7512143
1.0 0.7525715
1.0 0.49558374
1.0 0.99812514
1.0 0.99887234
1.0 0.997982
1.0 0.99884665
1.0 0.99940526
1.0 0.99924016
1.0 0.999313
1.0 0.99430794
1.0 0.997982
1.0 0.9993862
1.0 0.9988537
1.0 0.99412435
1.0 0.5193021
1.0 0.99671495
1.0 0.75871146
1.0 0.9990772
1.0 0.7651173
1.0 0.9990914
1.0 0.99927205
1.0 0.9966253
1.0 0.9931845
1.0 0.99259263
1.0 0.99887234
1.0 0.999495
1.0 0.9989002
1.0 0.99897456
1.0 0.9993857
1.0 0.9993882
1.0 0.9994973
1.0 0.99940526
1.0 0.99950874
1.0 0.99815077
1.0 0.9993857
1.0 0.99932885
1.0 0.9993357
1.0 0.7525715
1.0 0.9989581
1.0 0.9978951
1.0 0.99824286
1.0 0.99925953
1.0 0.99887234
1.0 0.9993862
1.0 0.99937963
1.0 0.9784896
1.0 0.7512143
1.0 0.99938095
1.0 0.99887234
1.0 0.9983688
1.0 0.9971021
1.0 0.9936418
1.0 0.9989002
1.0 0.9993766
1.0 0.99259263
1.0 0.74523306
1.0 0.99902785
1.0 0.9980653
1.0 0.99935955
1.0 0.99948126
1.0 0.9819064
1.0 0.99897397
1.0 0.9993882
1.0 0.7392643
1.0 0.99687874
1.0 0.9993862
1.0 0.7525715
1.0 0.49330696
1.0 0.99897456
1.0 0.9936418
1.0 0.9915447
1.0 0.99937314
1.0 0.9993148
1.0 0.9951139
1.0 0.9990772
1.0 0.99940526
1.0 0.99874675
1.0 0.9990914
1.0 0.99884665
1.0 0.9993395
1.0 0.9980323
1.0 0.9936186
1.0 0.9993148
1.0 0.75182104
1.0 0.782697
1.0 0.99884486
1.0 0.99937314
1.0 0.9990466
1.0 0.7622575
1.0 0.9929733
1.0 0.9990466
1.0 0.99893266
1.0 0.99949837
1.0 0.998953
1.0 0.7512143
1.0 0.99924016
1.0 0.9978951
1.0 0.99887234
1.0 0.9918059
1.0 0.9936418
1.0 0.99884665
1.0 0.99922097
1.0 0.48417932
1.0 0.7822777
1.0 0.9980653
1.0 0.9995061
1.0 0.9972222
1.0 0.9988537
1.0 0.99935955
1.0 0.99924016
1.0 0.9988925
1.0 0.9993148
1.0 0.9990682
1.0 0.99259263
1.0 0.9993299
1.0 0.9993857
1.0 0.9990914
1.0 0.9967553
1.0 0.9993357
1.0 0.5033426
1.0 0.9995061
1.0 0.97952396
1.0 0.9983688
1.0 0.9971021
1.0 0.99894875
1.0 0.98109025
1.0 0.782697
1.0 0.99671495
1.0 0.9967553
1.0 0.9989166
1.0 0.9936418
1.0 0.99669445
1.0 0.782697
1.0 0.7392643
1.0 0.9795091
1.0 0.9993774
1.0 0.99924016
1.0 0.9784896
1.0 0.99884665
1.0 0.9964767
1.0 0.9795903
1.0 0.9982304
1.0 0.99935955
1.0 0.782697
1.0 0.99950564
1.0 0.9967553
1.0 0.74523306
1.0 0.99214786
1.0 0.999495
1.0 0.999388
1.0 0.9795091
1.0 0.999313
1.0 0.9980323
1.0 0.9989166
1.0 0.998953
1.0 0.9993766
1.0 0.9918041
1.0 0.99936825
1.0 0.9988537
1.0 0.46851614
1.0 0.9988255
1.0 0.99940526
1.0 0.99884486
1.0 0.9967553
1.0 0.9918059
1.0 0.9989166
1.0 0.98109025
1.0 0.49558374
1.0 0.99940526
1.0 0.999388
1.0 0.5143353
1.0 0.99937314
1.0 0.99922097
1.0 0.9993882
1.0 0.9978951
1.0 0.5002422
1.0 0.999313
1.0 0.99928004
