true vs pred:
0.0 0.12553306
0.0 0.00084530097
0.0 0.33239043
0.0 0.00076858513
0.0 0.6317621
0.0 0.00084530097
0.0 0.107498035
0.0 0.000788979
0.0 0.00079414895
0.0 0.002066955
0.0 0.08487952
0.0 0.0006137948
0.0 0.12553306
0.0 0.0021735623
0.0 0.0006554979
0.0 0.0007888051
0.0 0.6675939
0.0 0.0061183604
0.0 0.09112423
0.0 0.0074042263
0.0 0.000664624
0.0 0.010893359
0.0 0.11204564
0.0 0.38722426
0.0 0.00093539304
0.0 0.3633371
0.0 0.013355279
0.0 0.33239043
0.0 0.0008218783
0.0 0.0007607003
0.0 0.0010734394
0.0 0.47272542
0.0 0.0021735623
0.0 0.000872881
0.0 0.0017855545
0.0 0.0008326648
0.0 0.38722426
0.0 0.0074042263
0.0 0.0017745078
0.0 0.00080782344
0.0 0.00082698266
0.0 0.11473286
0.0 0.0006137948
0.0 0.00084530097
0.0 0.013355279
0.0 0.0021254881
0.0 0.00080782344
0.0 0.12517844
0.0 0.47272542
0.0 0.000664624
0.0 0.0008740125
0.0 0.3825487
0.0 0.3299315
0.0 0.0019494811
0.0 0.0075473087
0.0 0.011692266
0.0 0.00068912737
0.0 0.40542454
0.0 0.0007029109
0.0 0.6545582
0.0 0.3825487
0.0 0.009504494
0.0 0.09112423
0.0 0.0010486796
0.0 0.0007888051
0.0 0.00085127633
0.0 0.013028532
0.0 0.0077002477
0.0 0.011692266
0.0 0.6545582
0.0 0.0061183604
0.0 0.005726708
0.0 0.07438743
0.0 0.0008013231
0.0 0.0022234642
0.0 0.0019494811
0.0 0.09112423
0.0 0.0027769355
0.0 0.41096172
0.0 0.012185245
0.0 0.08487952
0.0 0.6139041
0.0 0.13689044
0.0 0.0010474594
0.0 0.000872881
0.0 0.00093539304
0.0 0.005726708
0.0 0.13111396
0.0 0.11473286
0.0 0.0008013231
0.0 0.00093539304
0.0 0.3975281
0.0 0.010459132
0.0 0.0021735623
0.0 0.0076977117
0.0 0.0019718946
0.0 0.13111396
0.0 0.0007127872
0.0 0.0019718946
0.0 0.006549526
0.0 0.08052865
0.0 0.001982449
0.0 0.0007888051
0.0 0.07505943
0.0 0.3633371
0.0 0.6139041
0.0 0.0008721589
0.0 0.38722426
0.0 0.0007029109
0.0 0.0024846215
0.0 0.013028532
0.0 0.014462002
0.0 0.0019494811
0.0 0.0008482876
0.0 0.0008218783
0.0 0.3299315
0.0 0.00072877127
0.0 0.0008326648
0.0 0.0024846215
0.0 0.0010486796
0.0 0.0008444271
0.0 0.005726708
0.0 0.00072877127
0.0 0.0009126163
0.0 0.60288465
0.0 0.0017123837
0.0 0.1439668
0.0 0.0017745078
0.0 0.0008740125
0.0 0.63620555
0.0 0.3825487
0.0 0.011692266
0.0 0.40007955
0.0 0.00080554077
0.0 0.002368065
0.0 0.3951951
0.0 0.00080782344
0.0 0.0008444271
0.0 0.0008740125
0.0 0.0009183594
0.0 0.14428551
0.0 0.11473286
0.0 0.00084530097
0.0 0.00078601757
0.0 0.38722426
0.0 0.08450035
0.0 0.00080739014
0.0 0.0017855545
0.0 0.0007113141
0.0 0.39781407
0.0 0.002368065
0.0 0.13111396
0.0 0.0017745078
0.0 0.0008013231
0.0 0.00084530097
0.0 0.00084110774
0.0 0.36512268
0.0 0.63620555
0.0 0.11473286
0.0 0.0017855545
0.0 0.000788979
0.0 0.3975281
0.0 0.40542454
0.0 0.0073811435
0.0 0.0008482876
0.0 0.00078601757
0.0 0.0009560211
0.0 0.00061287906
0.0 0.0074042263
0.0 0.3951951
0.0 0.39781407
0.0 0.0007215748
0.0 0.0007607003
0.0 0.009504494
0.0 0.00065675325
0.0 0.0008482876
0.0 0.00078014034
0.0 0.0010413672
0.0 0.012185245
0.0 0.002066955
0.0 0.002368065
0.0 0.0076977117
0.0 0.0009126163
0.0 0.0010413672
0.0 0.002368065
0.0 0.0010486796
0.0 0.000872881
0.0 0.006549526
0.0 0.40007955
0.0 0.0011071186
0.0 0.0009560211
0.0 0.0009126163
0.0 0.0026838647
0.0 0.002530561
0.0 0.3633371
0.0 0.09112423
0.0 0.13111396
0.0 0.11473286
0.0 0.36512268
0.0 0.0021254881
0.0 0.002530561
0.0 0.0025408464
0.0 0.40007955
0.0 0.0008740125
0.0 0.40542454
0.0 0.08956114
0.0 0.00065675325
0.0 0.4831817
0.0 0.0007113141
0.0 0.0007127872
0.0 0.0074042263
0.0 0.0009837886
0.0 0.0008444271
0.0 0.0010734394
0.0 0.0026654454
0.0 0.000872881
0.0 0.104884565
0.0 0.0025408464
0.0 0.387962
0.0 0.0026838647
0.0 0.00082629616
0.0 0.0007888051
0.0 0.00080009236
0.0 0.0010414127
0.0 0.002368065
0.0 0.00079373666
0.0 0.13111396
0.0 0.3609937
0.0 0.47272542
0.0 0.013355279
0.0 0.0010474594
0.0 0.00097307866
0.0 0.0007607003
0.0 0.00061287906
0.0 0.012185245
0.0 0.002368065
0.0 0.0021254881
0.0 0.42183453
0.0 0.0026548265
0.0 0.104884565
0.0 0.0007029109
0.0 0.0077002477
0.0 0.3299315
0.0 0.00065324095
0.0 0.005726708
0.0 0.0008218783
0.0 0.00084110774
0.0 0.0008326648
0.0 0.0019494811
0.0 0.07362675
0.0 0.0010414127
0.0 0.0026654454
0.0 0.3299315
0.0 0.0007056913
0.0 0.07438743
0.0 0.12517844
0.0 0.000664624
0.0 0.001982449
0.0 0.12553306
0.0 0.0017745078
0.0 0.107498035
0.0 0.00080739014
0.0 0.010893359
0.0 0.012185245
0.0 0.010893359
0.0 0.13689044
0.0 0.0073811435
0.0 0.0026654454
0.0 0.6317621
0.0 0.002368065
0.0 0.6675939
0.0 0.00073975656
0.0 0.3975281
0.0 0.0026548265
0.0 0.08450035
0.0 0.0020234769
0.0 0.0027769355
0.0 0.0069989786
0.0 0.00097307866
0.0 0.0019494811
0.0 0.6139041
0.0 0.014462002
0.0 0.0007029109
0.0 0.08052865
0.0 0.3609937
0.0 0.37567896
0.0 0.00079414895
0.0 0.07438743
0.0 0.07438743
0.0 0.009504494
0.0 0.60288465
0.0 0.0026654454
0.0 0.00084110774
0.0 0.63620555
0.0 0.0007029109
0.0 0.00080782344
0.0 0.0008740125
0.0 0.0026548265
0.0 0.0073811435
0.0 0.12553306
0.0 0.11204564
0.0 0.12517844
0.0 0.0007733116
0.0 0.00073975656
0.0 0.3299315
0.0 0.0006827807
0.0 0.37567896
0.0 0.47272542
0.0 0.0007607003
0.0 0.0010413672
0.0 0.107498035
0.0 0.00084530097
0.0 0.3951951
0.0 0.6162476
0.0 0.37567896
0.0 0.13137399
0.0 0.0007113141
0.0 0.00065675325
0.0 0.0027769355
0.0 0.0026838647
0.0 0.6162476
0.0 0.38857937
0.0 0.0027769355
0.0 0.0074042263
0.0 0.0024846215
0.0 0.00078601757
0.0 0.00082698266
0.0 0.014656286
0.0 0.013355279
0.0 0.00072877127
0.0 0.00079373666
0.0 0.00080009236
0.0 0.663162
0.0 0.00097307866
0.0 0.005726708
0.0 0.013028532
0.0 0.0009183594
0.0 0.00080739014
0.0 0.0008444271
0.0 0.00061287906
0.0 0.6545582
0.0 0.11347304
0.0 0.07362675
0.0 0.00097307866
0.0 0.00080739014
0.0 0.00073333236
0.0 0.387962
0.0 0.0009837886
0.0 0.11204564
0.0 0.0010486796
0.0 0.07438743
0.0 0.00079414895
0.0 0.63620555
0.0 0.0027769355
0.0 0.0008740125
0.0 0.11473286
0.0 0.0149656255
0.0 0.00073975656
0.0 0.0149656255
0.0 0.0019494811
0.0 0.0026838647
0.0 0.0010734394
0.0 0.3299315
0.0 0.0011071186
0.0 0.00076858513
0.0 0.0008218783
0.0 0.0011071186
0.0 0.013028532
0.0 0.00080782344
0.0 0.08956114
0.0 0.0008721589
0.0 0.33239043
0.0 0.6545582
0.0 0.1439668
0.0 0.0010414127
0.0 0.0009560211
0.0 0.00082629616
0.0 0.00073333236
0.0 0.00079373666
0.0 0.40542454
0.0 0.00079414895
0.0 0.012185245
0.0 0.00080009236
0.0 0.0009183594
0.0 0.0027769355
0.0 0.00078601757
0.0 0.00076858513
0.0 0.663162
0.0 0.00076858513
0.0 0.000788979
0.0 0.014656286
0.0 0.0021254881
0.0 0.00082629616
0.0 0.00082698266
0.0 0.0007215748
0.0 0.104884565
0.0 0.0006870826
0.0 0.0007888051
0.0 0.663162
0.0 0.0010734394
0.0 0.00072877127
0.0 0.3633371
0.0 0.0008444271
0.0 0.005726708
0.0 0.006549526
0.0 0.0149656255
0.0 0.6675939
0.0 0.0007113141
0.0 0.00080739014
0.0 0.000872881
0.0 0.0017745078
0.0 0.12553306
0.0 0.0007733116
0.0 0.0019718946
0.0 0.1439668
0.0 0.00073333236
0.0 0.0007029109
0.0 0.0021735623
0.0 0.00080739014
0.0 0.010893359
0.0 0.0073811435
0.0 0.3975281
0.0 0.0008444271
0.0 0.6139041
0.0 0.0024846215
0.0 0.39781407
0.0 0.00079414895
0.0 0.00085127633
0.0 0.3633371
0.0 0.0024846215
0.0 0.11204564
0.0 0.11347304
0.0 0.40542454
0.0 0.000872881
0.0 0.0017745078
0.0 0.104884565
0.0 0.0006870826
0.0 0.002530561
0.0 0.00079373666
0.0 0.663162
0.0 0.38857937
0.0 0.6162476
0.0 0.12553306
0.0 0.0024846215
0.0 0.60288465
0.0 0.3951951
0.0 0.33239043
0.0 0.00073975656
0.0 0.00079373666
0.0 0.0010486796
0.0 0.37567896
0.0 0.00060782215
0.0 0.07438743
0.0 0.40542454
0.0 0.0069989786
0.0 0.002368065
0.0 0.40542454
0.0 0.08052865
0.0 0.0009560211
0.0 0.6580517
0.0 0.33239043
0.0 0.0006853555
0.0 0.0069989786
0.0 0.0017745078
0.0 0.000788979
0.0 0.00084110774
0.0 0.0007056913
0.0 0.00084110774
0.0 0.0006853555
0.0 0.13111396
0.0 0.08450035
0.0 0.0021254881
0.0 0.0008218783
0.0 0.47272542
0.0 0.0007029109
0.0 0.38857937
0.0 0.07438743
0.0 0.0007127872
0.0 0.08052865
0.0 0.0008005595
0.0 0.0007733116
0.0 0.0019494811
0.0 0.6675939
0.0 0.0007733116
0.0 0.00097307866
0.0 0.0008740125
0.0 0.0017745078
0.0 0.0024846215
0.0 0.0149656255
0.0 0.0006137948
0.0 0.0008740125
0.0 0.0006554979
0.0 0.0008326648
0.0 0.07505943
0.0 0.08052865
0.0 0.14428551
0.0 0.38857937
0.0 0.00080782344
0.0 0.11473286
0.0 0.40542454
0.0 0.38857937
0.0 0.00073975656
0.0 0.00084110774
0.0 0.00084110774
0.0 0.41096172
0.0 0.002864459
0.0 0.0011071186
0.0 0.0149656255
0.0 0.387962
0.0 0.0011071186
0.0 0.08450035
0.0 0.005726708
0.0 0.002368065
0.0 0.0025408464
0.0 0.0025408464
0.0 0.005726708
0.0 0.0008740125
0.0 0.0007056913
0.0 0.00082698266
0.0 0.3299315
