true vs pred:
0.0 0.007974615
0.0 0.06081896
0.0 0.02142463
0.0 0.29533583
0.0 0.007223679
0.0 0.6293334
0.0 0.019483497
0.0 0.1669475
0.0 0.0051076342
0.0 0.004996153
0.0 0.0056850417
0.0 0.0041950983
0.0 0.0046849814
0.0 0.0035985045
0.0 0.27007145
0.0 0.013178584
0.0 0.0036056032
0.0 0.0041111046
0.0 0.0037987083
0.0 0.29718632
0.0 0.58961517
0.0 0.2143959
0.0 0.005768193
0.0 0.017098222
0.0 0.29718632
0.0 0.057678875
0.0 0.005581148
0.0 0.0039492897
0.0 0.016464368
0.0 0.18067217
0.0 0.0066102874
0.0 0.008135034
0.0 0.018154187
0.0 0.0041225585
0.0 0.27801228
0.0 0.0064121857
0.0 0.005473548
0.0 0.0046870424
0.0 0.0039719227
0.0 0.006095089
0.0 0.0050928695
0.0 0.0039492897
0.0 0.016464368
0.0 0.0038582906
0.0 0.02180095
0.0 0.005473548
0.0 0.007965815
0.0 0.004242131
0.0 0.0038581023
0.0 0.6263889
0.0 0.26735833
0.0 0.013770962
0.0 0.16065644
0.0 0.019501137
0.0 0.0036056032
0.0 0.0045741596
0.0 0.0046870424
0.0 0.25119203
0.0 0.25119203
0.0 0.019483497
0.0 0.013209477
0.0 0.021922987
0.0 0.1669475
0.0 0.013770962
0.0 0.018445076
0.0 0.0050928695
0.0 0.0079245735
0.0 0.020455342
0.0 0.58948857
0.0 0.0041111046
0.0 0.019501137
0.0 0.0038581023
0.0 0.06299724
0.0 0.005354535
0.0 0.014212835
0.0 0.0039492897
0.0 0.00478228
0.0 0.0079245735
0.0 0.004753968
0.0 0.0064121857
0.0 0.019286707
0.0 0.24389754
0.0 0.0039773257
0.0 0.0040806467
0.0 0.005473548
0.0 0.2583671
0.0 0.29533583
0.0 0.0039492897
0.0 0.26735833
0.0 0.0038755345
0.0 0.06859441
0.0 0.0051026545
0.0 0.18369797
0.0 0.06081896
0.0 0.006074806
0.0 0.0056850417
0.0 0.018445076
0.0 0.0039492897
0.0 0.0046849814
0.0 0.004154048
0.0 0.06962882
0.0 0.0056496877
0.0 0.32415706
0.0 0.26735833
0.0 0.32415706
0.0 0.013178584
0.0 0.0079245735
0.0 0.62166923
0.0 0.2447549
0.0 0.013763503
0.0 0.06441583
0.0 0.27930412
0.0 0.00524221
0.0 0.02142463
0.0 0.2447549
0.0 0.018154187
0.0 0.018159324
0.0 0.6176246
0.0 0.0039719227
0.0 0.00478228
0.0 0.0050928695
0.0 0.018445076
0.0 0.018256312
0.0 0.021443203
0.0 0.018154187
0.0 0.0037099307
0.0 0.01587643
0.0 0.0046870424
0.0 0.0070517287
0.0 0.0050928695
0.0 0.0046849814
0.0 0.0041950983
0.0 0.16065644
0.0 0.0040806467
0.0 0.06081896
0.0 0.005613272
0.0 0.013768669
0.0 0.5958209
0.0 0.004753968
0.0 0.016464368
0.0 0.27077222
0.0 0.62166923
0.0 0.0046695066
0.0 0.0039773257
0.0 0.005581148
0.0 0.0061067617
0.0 0.0039719227
0.0 0.006095089
0.0 0.005643969
0.0 0.0038582906
0.0 0.0046426984
0.0 0.16065644
0.0 0.0046426984
0.0 0.021443203
0.0 0.06859441
0.0 0.19521543
0.0 0.0041225585
0.0 0.0041950983
0.0 0.26735833
0.0 0.06962882
0.0 0.58961517
0.0 0.27077222
0.0 0.27077222
0.0 0.28317276
0.0 0.018159324
0.0 0.0067039165
0.0 0.24389754
0.0 0.058511805
0.0 0.0049481927
0.0 0.18067217
0.0 0.32415706
0.0 0.0047524115
0.0 0.018445076
0.0 0.0040070377
0.0 0.0039719227
0.0 0.2583671
0.0 0.013770962
0.0 0.0050928695
0.0 0.0046287403
0.0 0.004119844
0.0 0.004929829
0.0 0.004242131
0.0 0.0037987083
0.0 0.29718632
0.0 0.018242937
0.0 0.007965815
0.0 0.00740239
0.0 0.0049274694
0.0 0.02142463
0.0 0.18067217
0.0 0.0066102874
0.0 0.013770962
0.0 0.007965815
0.0 0.32415706
0.0 0.004929829
0.0 0.0047524115
0.0 0.0038581023
0.0 0.004119844
0.0 0.5958209
0.0 0.62166923
0.0 0.6091274
0.0 0.01587643
0.0 0.25788474
0.0 0.019154523
0.0 0.013768669
0.0 0.2447549
0.0 0.0057911496
0.0 0.013178584
0.0 0.29718632
0.0 0.019286707
0.0 0.0047524115
0.0 0.007926602
0.0 0.017098222
0.0 0.006671987
0.0 0.02180095
0.0 0.012601367
0.0 0.013209477
0.0 0.012163236
0.0 0.015563245
0.0 0.015563245
0.0 0.006671987
0.0 0.0045000287
0.0 0.2776833
0.0 0.019286707
0.0 0.6263889
0.0 0.021922987
0.0 0.0036056032
0.0 0.019501137
0.0 0.0046849814
0.0 0.6091274
0.0 0.008135034
0.0 0.0037099307
0.0 0.0036415174
0.0 0.00555276
0.0 0.018159324
0.0 0.013763503
0.0 0.0046287403
0.0 0.018154187
0.0 0.058511805
0.0 0.004996153
0.0 0.06299724
0.0 0.6091274
0.0 0.0036056032
0.0 0.27007145
0.0 0.013768669
0.0 0.020455342
0.0 0.0079245735
0.0 0.0036415174
0.0 0.0051026545
0.0 0.0037099307
0.0 0.06859441
0.0 0.34033585
0.0 0.020455342
0.0 0.006095089
0.0 0.0047831624
0.0 0.004553035
0.0 0.007528121
0.0 0.004242131
0.0 0.29533583
0.0 0.013763503
0.0 0.018445076
0.0 0.17146929
0.0 0.057678875
0.0 0.0051026545
0.0 0.0046287403
0.0 0.013763503
0.0 0.0037099307
0.0 0.05654171
0.0 0.013178584
0.0 0.004753968
0.0 0.006095089
0.0 0.0067039165
0.0 0.0038581023
0.0 0.0036056032
0.0 0.004753968
0.0 0.02180095
0.0 0.00524221
0.0 0.018445076
0.0 0.019154523
0.0 0.2143959
0.0 0.06081896
0.0 0.27930412
0.0 0.021922987
0.0 0.06859441
0.0 0.0079245735
0.0 0.02180095
0.0 0.007926602
0.0 0.06859441
0.0 0.24611774
0.0 0.0064121857
0.0 0.29533583
0.0 0.004553035
0.0 0.34033585
0.0 0.0037099307
0.0 0.020088982
0.0 0.004929829
0.0 0.004996153
0.0 0.2776833
0.0 0.0064121857
0.0 0.1669475
0.0 0.0039719227
0.0 0.0035985045
0.0 0.0056496877
0.0 0.24611774
0.0 0.005581148
0.0 0.0046287403
0.0 0.0041111046
0.0 0.005613272
0.0 0.0039773257
0.0 0.0036415174
0.0 0.013178584
0.0 0.0036415174
0.0 0.25788474
0.0 0.0049481927
0.0 0.0036056032
0.0 0.0051026545
0.0 0.6176246
0.0 0.58961517
0.0 0.02180095
0.0 0.62166923
0.0 0.013863243
0.0 0.18369797
0.0 0.0038755345
0.0 0.0038582906
0.0 0.008135034
0.0 0.0039492897
0.0 0.0037099307
0.0 0.006262031
0.0 0.27801228
0.0 0.0036415174
0.0 0.013763503
0.0 0.0070517287
0.0 0.004714528
0.0 0.0039719227
0.0 0.00740239
0.0 0.0041225585
0.0 0.004753968
0.0 0.018242937
0.0 0.0040070377
0.0 0.013209477
0.0 0.0056496877
0.0 0.29533583
0.0 0.0046870424
0.0 0.17146929
0.0 0.0061067617
0.0 0.0063023935
0.0 0.018242937
0.0 0.0049274694
0.0 0.01587643
0.0 0.0057911496
0.0 0.26735833
0.0 0.021443203
0.0 0.25788474
0.0 0.058511805
0.0 0.2583671
0.0 0.0039719227
0.0 0.2447549
0.0 0.0046426984
0.0 0.28317276
0.0 0.02180095
0.0 0.0039492897
0.0 0.0063023935
0.0 0.0049481927
0.0 0.0039773257
0.0 0.018445076
0.0 0.018445076
0.0 0.0039773257
0.0 0.0061067617
0.0 0.0063023935
0.0 0.06859441
0.0 0.0038582906
0.0 0.015563245
0.0 0.018256312
0.0 0.06859441
0.0 0.06299724
0.0 0.013768669
0.0 0.62166923
0.0 0.6293334
0.0 0.29533583
0.0 0.06299724
0.0 0.0061067617
0.0 0.0056496877
0.0 0.29718632
0.0 0.06859441
0.0 0.013178584
0.0 0.004714528
0.0 0.24389754
0.0 0.16065644
0.0 0.013178584
0.0 0.02180095
0.0 0.00555276
0.0 0.021922987
0.0 0.2143959
0.0 0.6293334
0.0 0.25788474
0.0 0.018154187
0.0 0.058511805
0.0 0.005643969
0.0 0.005581148
0.0 0.019286707
0.0 0.0064121857
0.0 0.0037099307
0.0 0.020455342
0.0 0.014212835
0.0 0.020088982
0.0 0.057678875
0.0 0.004119844
0.0 0.0049481927
0.0 0.6293334
0.0 0.004753968
0.0 0.0041950983
0.0 0.005473548
0.0 0.0046287403
0.0 0.004242131
0.0 0.005581148
0.0 0.007965815
0.0 0.58961517
0.0 0.05654171
0.0 0.0057911496
0.0 0.004929829
0.0 0.17891923
0.0 0.58961517
0.0 0.0041225585
0.0 0.0038755345
0.0 0.58961517
0.0 0.0046695066
0.0 0.018256312
0.0 0.2583671
0.0 0.0051026545
0.0 0.0041225585
0.0 0.007974615
0.0 0.25788474
0.0 0.2583671
0.0 0.27930412
0.0 0.58948857
0.0 0.013763503
0.0 0.0047524115
0.0 0.0036415174
0.0 0.18067217
0.0 0.2583671
0.0 0.27801228
0.0 0.0046287403
0.0 0.06081896
0.0 0.0041111046
0.0 0.004242131
0.0 0.18067217
0.0 0.015563245
0.0 0.013863243
0.0 0.16065644
0.0 0.1669475
0.0 0.019154523
0.0 0.0039492897
0.0 0.62166923
0.0 0.0036415174
0.0 0.0057911496
0.0 0.0038582906
0.0 0.0041950983
0.0 0.004996153
0.0 0.18369797
0.0 0.0047524115
0.0 0.005643969
0.0 0.0063023935
0.0 0.0063023935
0.0 0.01587643
0.0 0.0050928695
0.0 0.007926602
0.0 0.0049481927
0.0 0.6091274
0.0 0.63039273
0.0 0.0049481927
0.0 0.28317276
0.0 0.013209477
0.0 0.004119844
0.0 0.29533583
0.0 0.0061067617
0.0 0.0050928695
0.0 0.017098222
0.0 0.0056496877
0.0 0.32415706
0.0 0.021922987
0.0 0.0040806467
0.0 0.012163236
0.0 0.27314618
0.0 0.0046287403
0.0 0.18067217
0.0 0.057678875
0.0 0.00555276
0.0 0.02142463
0.0 0.25788474
0.0 0.020294545
0.0 0.006262031
0.0 0.004714528
0.0 0.17146929
0.0 0.06441583
0.0 0.29718632
0.0 0.0047831624
0.0 0.63039273
0.0 0.005354535
0.0 0.29718632
0.0 0.01587643
0.0 0.013763503
0.0 0.00740239
0.0 0.2776833
0.0 0.0038581023
0.0 0.27007145
0.0 0.0039492897
0.0 0.5958209
0.0 0.17934167
0.0 0.0039719227
0.0 0.015563245
0.0 0.58961517
0.0 0.013178584
0.0 0.007223679
0.0 0.0046426984
0.0 0.63770574
0.0 0.020088982
0.0 0.0045741596
0.0 0.06962882
0.0 0.29718632
0.0 0.19147313
