true vs pred:
1.0 0.05556202
1.0 0.19269888
1.0 0.985544
1.0 0.9978921
1.0 0.3767467
1.0 0.99755496
0.0 0.09893022
0.0 0.005842586
0.0 0.5955289
1.0 0.9756412
1.0 0.9941235
1.0 0.63354546
0.0 0.004179066
0.0 0.008158066
0.0 0.0041357037
0.0 0.0034413438
0.0 0.013002634
1.0 0.99520504
1.0 0.9694253
1.0 0.6152213
1.0 0.92697394
1.0 0.9756412
1.0 0.92914313
1.0 0.9980357
0.0 0.12630329
0.0 0.0040609343
1.0 0.9968214
1.0 0.9969236
1.0 0.5926634
1.0 0.7836628
0.0 0.008479159
1.0 0.995379
1.0 0.996469
0.0 0.0034663705
0.0 0.0040198658
1.0 0.99474853
1.0 0.9969708
1.0 0.99759525
1.0 0.9917835
1.0 0.9922098
0.0 0.28886616
1.0 0.8668913
0.0 0.010880957
1.0 0.9886451
1.0 0.99778455
0.0 0.007027703
0.0 0.0080364905
1.0 0.9924056
1.0 0.96984506
0.0 0.017344764
1.0 0.9954406
1.0 0.9916127
0.0 0.0041688248
1.0 0.99648297
1.0 0.9965419
1.0 0.9924114
0.0 0.00667621
0.0 0.08403402
1.0 0.9958742
0.0 0.9179017
1.0 0.9491467
0.0 0.88697493
0.0 0.029194748
1.0 0.9939685
1.0 0.99659747
1.0 0.9954242
0.0 0.54955894
1.0 0.99722123
0.0 0.01346685
1.0 0.9974021
0.0 0.0070435503
0.0 0.005882094
0.0 0.004350549
1.0 0.98324585
0.0 0.0142389005
1.0 0.9975139
0.0 0.034757767
0.0 0.007743939
1.0 0.9969586
0.0 0.0035993645
1.0 0.7836628
0.0 0.10490548
0.0 0.04013662
1.0 0.99779946
1.0 0.99791974
1.0 0.99577314
1.0 0.9938803
0.0 0.0037268004
0.0 0.5538016
0.0 0.0048810104
0.0 0.0067165596
1.0 0.9965643
1.0 0.99729496
0.0 0.030491808
0.0 0.006506701
1.0 0.9968401
1.0 0.9921355
0.0 0.0057457825
1.0 0.99779946
1.0 0.9952158
1.0 0.9960343
1.0 0.46961248
0.0 0.008466032
0.0 0.0036293922
1.0 0.05428096
1.0 0.990384
1.0 0.81969005
0.0 0.005725587
1.0 0.32661632
1.0 0.984963
1.0 0.9925557
1.0 0.9778772
0.0 0.0056458614
1.0 0.9869213
0.0 0.0035063296
1.0 0.99018425
0.0 0.004052463
0.0 0.017244708
1.0 0.99675626
0.0 0.007594602
1.0 0.99787295
0.0 0.09424301
1.0 0.99690694
1.0 0.9867084
0.0 0.0054866276
1.0 0.1458037
0.0 0.008093259
1.0 0.9936249
1.0 0.808164
1.0 0.99303955
0.0 0.0034810596
1.0 0.05556202
1.0 0.9527067
0.0 0.0038023551
1.0 0.9969586
1.0 0.9920419
1.0 0.9879732
0.0 0.007823758
1.0 0.9979469
0.0 0.2229291
1.0 0.99772304
1.0 0.99805295
1.0 0.99770087
0.0 0.0040785335
1.0 0.9857475
1.0 0.9964636
1.0 0.99594915
1.0 0.99354327
1.0 0.92227364
0.0 0.007215934
1.0 0.20945397
1.0 0.9939751
0.0 0.003992669
1.0 0.9972632
1.0 0.9973941
1.0 0.7346448
0.0 0.0056458614
0.0 0.0075954823
1.0 0.9963025
1.0 0.99748355
1.0 0.9812275
0.0 0.003476155
0.0 0.07637542
1.0 0.99501944
0.0 0.06817805
1.0 0.99780124
1.0 0.99465394
1.0 0.99734336
1.0 0.9959472
0.0 0.051037382
1.0 0.9925599
1.0 0.993652
1.0 0.811707
0.0 0.0037187818
1.0 0.9632219
0.0 0.0046376246
1.0 0.9975314
1.0 0.99756867
1.0 0.99033946
1.0 0.48457736
1.0 0.9973369
0.0 0.0040588477
0.0 0.009210584
1.0 0.99163353
1.0 0.99793845
0.0 0.006671917
1.0 0.99726546
1.0 0.99557436
1.0 0.9094522
0.0 0.003984474
0.0 0.5538016
0.0 0.005912327
1.0 0.99634236
1.0 0.995659
0.0 0.0041357037
0.0 0.88697493
0.0 0.051037382
1.0 0.994605
0.0 0.061774593
1.0 0.9969797
1.0 0.4014225
1.0 0.995946
1.0 0.99802715
1.0 0.99764794
1.0 0.9916631
1.0 0.9591516
0.0 0.03449719
1.0 0.9943989
0.0 0.007823758
1.0 0.98285013
0.0 0.06542193
1.0 0.99610597
0.0 0.0040034465
0.0 0.003925817
0.0 0.0046797455
1.0 0.9844327
0.0 0.27039403
1.0 0.9556478
0.0 0.16548944
1.0 0.5193177
1.0 0.9327883
1.0 0.63354546
0.0 0.0038805613
1.0 0.99765706
1.0 0.9875585
1.0 0.9975667
1.0 0.9850466
1.0 0.9721657
1.0 0.9968478
1.0 0.8498218
