true vs pred:
1.0 0.9929958
1.0 0.99734074
0.0 0.12028411
1.0 0.7755121
1.0 0.9935812
0.0 0.22398588
0.0 0.012682151
1.0 0.99596846
0.0 0.35151163
1.0 0.9961123
1.0 0.9968388
0.0 0.10435539
1.0 0.9625
0.0 0.37682208
0.0 0.013418851
0.0 0.011129101
1.0 0.9951089
1.0 0.98611593
1.0 0.9954596
0.0 0.16446328
0.0 0.23869176
1.0 0.99699175
0.0 0.016915761
0.0 0.1266668
0.0 0.8091238
1.0 0.5940903
1.0 0.9971353
1.0 0.99686915
0.0 0.014040062
1.0 0.80751514
1.0 0.94383
0.0 0.87572414
1.0 0.08917806
1.0 0.9593379
1.0 0.993399
1.0 0.9850663
0.0 0.00873286
1.0 0.567635
1.0 0.9959137
1.0 0.9963546
1.0 0.24903235
1.0 0.99035317
1.0 0.98236257
0.0 0.39740735
1.0 0.9895649
1.0 0.9792906
1.0 0.9925659
0.0 0.37682208
0.0 0.06817177
0.0 0.26316318
1.0 0.997233
0.0 0.1975732
0.0 0.020912282
0.0 0.09620886
1.0 0.9972127
1.0 0.99735487
1.0 0.99502265
1.0 0.9653638
1.0 0.9797778
1.0 0.99425936
1.0 0.99585754
0.0 0.6008022
1.0 0.99708897
0.0 0.8543031
1.0 0.99695563
0.0 0.5663757
1.0 0.9959275
1.0 0.9951008
0.0 0.14245689
1.0 0.9964365
0.0 0.025041308
1.0 0.9934429
1.0 0.9829625
0.0 0.34887087
0.0 0.008090022
1.0 0.99722594
1.0 0.99650586
0.0 0.01948547
1.0 0.9960192
1.0 0.9969072
0.0 0.007417769
1.0 0.9934863
1.0 0.9952068
1.0 0.92382914
1.0 0.98909175
1.0 0.99319917
1.0 0.99489814
1.0 0.99501014
1.0 0.9355925
1.0 0.9785953
1.0 0.97975016
1.0 0.9765623
0.0 0.024653818
1.0 0.99596846
1.0 0.9965725
0.0 0.05346283
1.0 0.7141391
0.0 0.34887087
1.0 0.9973029
1.0 0.93745416
1.0 0.9952068
0.0 0.3506658
1.0 0.99035317
1.0 0.21978506
1.0 0.99667645
0.0 0.11671765
1.0 0.99695075
1.0 0.9321823
0.0 0.9771721
1.0 0.9960317
1.0 0.9969984
1.0 0.9615551
1.0 0.9970866
1.0 0.43383682
1.0 0.4857162
1.0 0.96033466
1.0 0.96694696
1.0 0.97649586
1.0 0.9951696
0.0 0.035760056
1.0 0.99728286
1.0 0.9973442
0.0 0.0766175
0.0 0.08171553
1.0 0.99208367
1.0 0.9951089
1.0 0.9946725
1.0 0.9970534
1.0 0.99424475
1.0 0.98402506
1.0 0.9966223
0.0 0.0065038605
1.0 0.8912615
1.0 0.97126514
0.0 0.89804596
1.0 0.97698396
1.0 0.9968215
0.0 0.41894075
0.0 0.65781695
1.0 0.9969505
1.0 0.99668306
0.0 0.03916074
1.0 0.9969298
0.0 0.008551819
1.0 0.99719596
1.0 0.99375844
0.0 0.09734258
1.0 0.9704288
0.0 0.040035058
0.0 0.04653829
1.0 0.9625001
1.0 0.9962598
1.0 0.99318767
1.0 0.99535936
1.0 0.9961901
1.0 0.9969536
1.0 0.99618703
1.0 0.94652146
1.0 0.99717534
1.0 0.995663
1.0 0.9965706
1.0 0.99648345
1.0 0.98319376
1.0 0.9694622
1.0 0.9802816
1.0 0.9973678
1.0 0.98401433
1.0 0.966512
1.0 0.9972235
0.0 0.09200125
1.0 0.9958646
1.0 0.5898073
1.0 0.9964059
1.0 0.9746244
1.0 0.9215727
1.0 0.9951741
1.0 0.9358469
1.0 0.996518
0.0 0.113715716
0.0 0.0412433
1.0 0.95887655
0.0 0.3105509
1.0 0.9972525
1.0 0.9902148
1.0 0.9971397
1.0 0.9785454
0.0 0.35797688
1.0 0.9919825
1.0 0.98658633
1.0 0.39120033
1.0 0.99735487
1.0 0.9971438
1.0 0.9964264
0.0 0.6128268
0.0 0.13108814
1.0 0.99571496
1.0 0.99641466
1.0 0.81853145
0.0 0.32055235
1.0 0.92382914
1.0 0.9842785
1.0 0.98703337
1.0 0.743423
1.0 0.99727005
1.0 0.99531364
1.0 0.99687994
1.0 0.90519416
1.0 0.99317247
0.0 0.07245957
0.0 0.26891473
1.0 0.9915952
0.0 0.27937007
0.0 0.7099078
1.0 0.9065579
1.0 0.99719965
1.0 0.99289423
1.0 0.99632674
0.0 0.9890354
1.0 0.995994
1.0 0.61810756
1.0 0.99534297
0.0 0.06010421
0.0 0.013266901
1.0 0.98860407
1.0 0.9818507
1.0 0.9971271
1.0 0.9973525
1.0 0.99109066
0.0 0.07874869
1.0 0.997051
