true vs pred:
1.0 0.97889155
1.0 0.9576442
1.0 0.9893941
1.0 0.95558506
1.0 0.74466485
1.0 0.9809893
0.0 0.86474717
0.0 0.83820987
1.0 0.99485993
1.0 0.9705283
1.0 0.9867698
1.0 0.98393077
1.0 0.98275065
1.0 0.996618
0.0 0.071279615
1.0 0.9720143
0.0 0.36544305
1.0 0.7546533
1.0 0.9956857
1.0 0.9907064
0.0 0.04009591
1.0 0.62078077
1.0 0.7881471
1.0 0.9909389
0.0 0.4428485
1.0 0.6638879
1.0 0.9806559
1.0 0.9737346
0.0 0.83820987
1.0 0.98527735
1.0 0.99100226
1.0 0.9920266
0.0 0.24703924
1.0 0.9939405
1.0 0.9931231
1.0 0.979452
1.0 0.9721281
1.0 0.8328798
1.0 0.98006
1.0 0.9820157
0.0 0.27848828
1.0 0.98696405
1.0 0.9952378
1.0 0.9636971
0.0 0.9454813
1.0 0.98786736
1.0 0.99640155
1.0 0.9968675
1.0 0.99485564
1.0 0.93656826
1.0 0.77847975
1.0 0.9780214
1.0 0.9864347
1.0 0.9865529
1.0 0.99664354
0.0 0.87849295
1.0 0.9956632
0.0 0.44658825
1.0 0.99137855
1.0 0.98849535
1.0 0.9725202
1.0 0.99636626
0.0 0.032882873
1.0 0.992588
1.0 0.6064998
1.0 0.97963095
0.0 0.5276501
1.0 0.99660695
1.0 0.98365754
0.0 0.033444118
1.0 0.9953229
1.0 0.9963671
0.0 0.6056219
1.0 0.9791844
1.0 0.9941988
1.0 0.9878655
1.0 0.8813157
1.0 0.99422884
1.0 0.98679763
1.0 0.95773613
1.0 0.62083066
1.0 0.92476094
1.0 0.79457253
1.0 0.92156196
1.0 0.060628425
1.0 0.99510205
1.0 0.9838487
0.0 0.18448424
0.0 0.75324786
1.0 0.979452
1.0 0.99678254
1.0 0.8450135
1.0 0.9942386
1.0 0.97889847
1.0 0.9941202
1.0 0.44773963
1.0 0.99275523
0.0 0.06237879
1.0 0.99275136
1.0 0.7808716
1.0 0.9934454
1.0 0.97539324
1.0 0.9963421
0.0 0.44042432
1.0 0.99638903
1.0 0.53969747
0.0 0.20851085
1.0 0.92840344
1.0 0.6486386
1.0 0.71213233
1.0 0.9949183
1.0 0.9434992
1.0 0.99671566
1.0 0.99641514
0.0 0.118340276
1.0 0.9529148
1.0 0.947874
1.0 0.99485993
1.0 0.99506027
1.0 0.9961636
1.0 0.85965014
1.0 0.9475266
1.0 0.9957883
0.0 0.42763266
0.0 0.84450406
1.0 0.950693
1.0 0.990306
0.0 0.8839057
1.0 0.9946181
1.0 0.9824594
1.0 0.9855805
1.0 0.9916631
1.0 0.9958117
0.0 0.03648685
1.0 0.996414
0.0 0.024010612
1.0 0.99676573
1.0 0.8988262
1.0 0.9795706
1.0 0.9693803
0.0 0.086152345
0.0 0.95902455
1.0 0.5975029
1.0 0.9963832
1.0 0.9926386
1.0 0.9881434
1.0 0.9953206
1.0 0.99636877
1.0 0.9907404
1.0 0.805356
1.0 0.9951519
1.0 0.99523515
1.0 0.99566615
1.0 0.9888502
1.0 0.9902199
1.0 0.9123601
1.0 0.99125427
1.0 0.9966961
1.0 0.9902838
1.0 0.92526376
1.0 0.9956059
1.0 0.932421
1.0 0.9920934
1.0 0.984406
1.0 0.97171426
1.0 0.7827326
1.0 0.9873356
1.0 0.9944946
1.0 0.84256834
1.0 0.99574137
1.0 0.97252244
0.0 0.13327621
1.0 0.6691205
1.0 0.97539705
1.0 0.99674666
1.0 0.99557793
1.0 0.996366
1.0 0.9915109
1.0 0.99092346
1.0 0.9511381
1.0 0.9615312
0.0 0.45843667
1.0 0.9968586
1.0 0.9951139
1.0 0.9959978
1.0 0.986465
0.0 0.20769057
1.0 0.9694389
1.0 0.99587303
1.0 0.89237124
0.0 0.14952554
1.0 0.9871179
1.0 0.93987226
1.0 0.7591604
1.0 0.28747162
1.0 0.9965838
1.0 0.9954868
1.0 0.9958544
1.0 0.5011613
1.0 0.9943772
0.0 0.21768369
0.0 0.45571738
1.0 0.97677475
0.0 0.15574005
0.0 0.3742278
1.0 0.7911427
1.0 0.9963831
1.0 0.8858167
1.0 0.99635315
0.0 0.9601487
1.0 0.9953245
0.0 0.568453
1.0 0.98933613
0.0 0.34196302
0.0 0.044822827
1.0 0.9049044
1.0 0.92766446
1.0 0.99640274
1.0 0.9966757
1.0 0.9207037
0.0 0.21536522
1.0 0.99635386
1.0 0.99564594
1.0 0.9962148
1.0 0.9789919
1.0 0.98495525
0.0 0.10652864
1.0 0.99556726
1.0 0.996599
1.0 0.9893519
