true vs pred:
1.0 0.99883527
1.0 0.99820864
1.0 0.9969469
1.0 0.89299953
0.0 0.003127308
0.0 0.011316143
1.0 0.99881834
1.0 0.9988444
1.0 0.9933142
1.0 0.99464536
1.0 0.9986009
1.0 0.99886703
0.0 0.006925967
0.0 0.81456876
1.0 0.99780875
1.0 0.9988066
0.0 0.29314312
1.0 0.9984968
1.0 0.9988966
1.0 0.9987656
1.0 0.9984067
1.0 0.99831235
1.0 0.99841404
1.0 0.99884784
1.0 0.9203737
1.0 0.99854255
1.0 0.9986619
1.0 0.9988611
0.0 0.51325476
1.0 0.9987575
1.0 0.9984946
1.0 0.95852214
1.0 0.99868065
1.0 0.9904124
1.0 0.99692094
1.0 0.99889225
1.0 0.9970523
1.0 0.99878067
1.0 0.9986222
1.0 0.91598177
1.0 0.99806434
0.0 0.0027399187
1.0 0.99885607
0.0 0.008660031
1.0 0.9987827
1.0 0.99811816
1.0 0.98321253
1.0 0.99830556
0.0 0.010106942
0.0 0.030085167
1.0 0.9243162
1.0 0.99862707
1.0 0.99856937
1.0 0.99878854
0.0 0.008354582
1.0 0.9987159
1.0 0.9985368
1.0 0.94175106
1.0 0.9986707
1.0 0.9988651
0.0 0.5468649
1.0 0.14753392
1.0 0.99885523
1.0 0.99881727
0.0 0.047433283
1.0 0.99823123
0.0 0.17147484
1.0 0.9988657
1.0 0.9983852
1.0 0.9987746
1.0 0.99842983
1.0 0.99639016
1.0 0.9988092
1.0 0.99885285
1.0 0.9984397
1.0 0.9987715
1.0 0.99860805
1.0 0.99820065
1.0 0.99885046
1.0 0.9986518
1.0 0.99887973
1.0 0.9986091
1.0 0.99839455
1.0 0.9988142
1.0 0.99880767
1.0 0.9896679
1.0 0.998599
1.0 0.99883574
1.0 0.9235177
1.0 0.99736565
1.0 0.9981723
1.0 0.95304775
0.0 0.83912975
1.0 0.99846625
1.0 0.9976578
1.0 0.9988066
1.0 0.9928555
1.0 0.9742895
1.0 0.9987031
1.0 0.991055
1.0 0.99877864
1.0 0.99855214
1.0 0.98924226
1.0 0.99864405
1.0 0.99885464
1.0 0.9987361
1.0 0.99885094
1.0 0.99831593
0.0 0.022797612
1.0 0.998445
1.0 0.988593
1.0 0.94835556
1.0 0.9735599
0.0 0.032215584
1.0 0.6216644
1.0 0.99764913
1.0 0.9980202
1.0 0.9984035
1.0 0.9988643
1.0 0.9980861
1.0 0.99879164
1.0 0.9986817
1.0 0.9985524
1.0 0.9988519
1.0 0.9936878
1.0 0.99773705
1.0 0.99870765
1.0 0.98641056
0.0 0.69977975
1.0 0.99864274
1.0 0.98031473
1.0 0.8511643
1.0 0.9984242
1.0 0.998334
0.0 0.015392064
1.0 0.99881446
1.0 0.9988539
1.0 0.91084623
1.0 0.99881387
1.0 0.9988971
1.0 0.99833655
1.0 0.99853647
1.0 0.99886864
1.0 0.96176493
1.0 0.99750984
1.0 0.99884194
1.0 0.9951179
1.0 0.9988734
0.0 0.002084482
1.0 0.9988255
1.0 0.9988042
1.0 0.9988255
1.0 0.9987778
0.0 0.03786444
1.0 0.99502265
1.0 0.99881124
0.0 0.04065843
1.0 0.9392489
1.0 0.9986131
1.0 0.99864405
1.0 0.9983367
1.0 0.9976776
1.0 0.99883205
1.0 0.9981116
1.0 0.99879456
1.0 0.9988268
0.0 0.03735349
1.0 0.9399103
1.0 0.9988072
1.0 0.9988105
1.0 0.9829863
1.0 0.99851984
1.0 0.49113217
0.0 0.08566251
1.0 0.99862516
1.0 0.9986482
1.0 0.9975842
1.0 0.9984479
1.0 0.99849117
1.0 0.99369216
1.0 0.99855465
1.0 0.998338
1.0 0.99820864
1.0 0.9988236
1.0 0.99855465
1.0 0.9980902
1.0 0.99884194
1.0 0.998792
1.0 0.9988926
1.0 0.9794384
1.0 0.99883753
0.0 0.06975745
0.0 0.016987285
1.0 0.99825174
1.0 0.9908703
0.0 0.8871438
1.0 0.9894275
1.0 0.9972187
1.0 0.9987625
0.0 0.0038049768
0.0 0.3289849
1.0 0.99445206
1.0 0.9870344
1.0 0.9983241
1.0 0.9987876
1.0 0.99857235
1.0 0.99830186
0.0 0.0027761883
1.0 0.9987583
1.0 0.9983602
1.0 0.99875176
1.0 0.99866116
0.0 0.09326528
1.0 0.9866302
1.0 0.99855465
0.0 0.27385986
1.0 0.99881846
1.0 0.998713
1.0 0.998645
1.0 0.99829704
1.0 0.9987451
1.0 0.99882036
1.0 0.9988887
1.0 0.99885285
1.0 0.9975165
1.0 0.99534816
1.0 0.9970818
1.0 0.99862945
1.0 0.9988141
1.0 0.99886537
