true vs pred:
1.0 0.9981517
1.0 0.9960085
1.0 0.9803894
1.0 0.99756145
1.0 0.9975606
0.0 0.14671251
1.0 0.97979397
1.0 0.998176
0.0 0.34489983
1.0 0.9979085
1.0 0.99658585
1.0 0.99673295
1.0 0.8468431
1.0 0.99756145
0.0 0.030703198
1.0 0.99818254
1.0 0.99177706
1.0 0.9981706
1.0 0.8673313
1.0 0.9981811
1.0 0.995526
1.0 0.23731826
1.0 0.998016
0.0 0.021997958
1.0 0.9981108
1.0 0.99769247
1.0 0.99782616
1.0 0.9980263
1.0 0.99818254
1.0 0.99287593
1.0 0.74563664
1.0 0.9979925
1.0 0.99808997
1.0 0.998123
1.0 0.9978689
1.0 0.99794346
1.0 0.96908754
1.0 0.99774855
1.0 0.99814653
1.0 0.997926
1.0 0.97777003
1.0 0.9925942
1.0 0.99788195
1.0 0.9963554
1.0 0.99803907
0.0 0.1735219
1.0 0.9898114
1.0 0.9976337
1.0 0.9979876
1.0 0.9934022
1.0 0.99813336
1.0 0.9978824
1.0 0.9904992
0.0 0.03716587
1.0 0.997979
1.0 0.9982199
1.0 0.99821895
1.0 0.99797624
1.0 0.997629
1.0 0.99799025
1.0 0.9963588
1.0 0.9473249
0.0 0.026976759
1.0 0.9982343
1.0 0.9928929
1.0 0.99820757
1.0 0.9978623
1.0 0.9910159
1.0 0.9977769
1.0 0.99787235
1.0 0.9014069
0.0 0.15793274
1.0 0.9976497
1.0 0.9966599
1.0 0.9951239
0.0 0.7064967
1.0 0.99809176
1.0 0.9979393
1.0 0.99816906
0.0 0.056147218
1.0 0.99805367
1.0 0.9588222
1.0 0.94425875
1.0 0.8363898
0.0 0.27552098
0.0 0.10625892
0.0 0.050287627
1.0 0.9977259
1.0 0.99581194
1.0 0.9980872
0.0 0.5230229
1.0 0.99808276
0.0 0.08940921
1.0 0.99378914
1.0 0.36583626
1.0 0.9769843
0.0 0.97513175
1.0 0.92895347
1.0 0.9979716
1.0 0.9981456
0.0 0.987351
0.0 0.8506271
1.0 0.99744415
1.0 0.99816835
1.0 0.9981164
1.0 0.9973164
1.0 0.9809542
1.0 0.9934302
1.0 0.99796355
1.0 0.998106
1.0 0.99762386
0.0 0.0396531
1.0 0.98805726
0.0 0.6775591
1.0 0.9977024
1.0 0.99749714
1.0 0.997773
1.0 0.99288046
1.0 0.9978549
0.0 0.014461981
1.0 0.9844135
0.0 0.014189064
1.0 0.998002
1.0 0.9973055
1.0 0.99793833
1.0 0.9644762
1.0 0.998175
0.0 0.0845193
0.0 0.01482848
1.0 0.9978173
0.0 0.890709
1.0 0.9878562
1.0 0.99808013
1.0 0.99820685
0.0 0.6871814
1.0 0.9979182
0.0 0.03096336
1.0 0.9979875
1.0 0.99721634
1.0 0.99739575
1.0 0.9978823
1.0 0.9981047
1.0 0.9978549
1.0 0.9982322
1.0 0.99813807
1.0 0.9886021
1.0 0.70749974
1.0 0.9979207
0.0 0.4151544
1.0 0.99677175
1.0 0.9760828
1.0 0.9972464
1.0 0.98221487
1.0 0.99818534
1.0 0.90540695
1.0 0.99816126
1.0 0.99794704
1.0 0.9974763
1.0 0.998052
1.0 0.996548
1.0 0.9975737
0.0 0.070441514
1.0 0.9979096
0.0 0.0494238
1.0 0.9980107
1.0 0.99738055
1.0 0.9974412
1.0 0.9979735
1.0 0.9981932
1.0 0.97148335
1.0 0.996775
1.0 0.9981609
1.0 0.99799687
1.0 0.9979085
1.0 0.996259
1.0 0.9981665
1.0 0.859496
1.0 0.99758804
1.0 0.9981487
1.0 0.9981133
1.0 0.8225234
0.0 0.02949341
1.0 0.997954
1.0 0.9982547
1.0 0.9978613
1.0 0.9979797
1.0 0.98731196
1.0 0.997976
1.0 0.9979095
0.0 0.006623771
0.0 0.14159773
0.0 0.99197716
1.0 0.9979868
1.0 0.99785584
1.0 0.99745697
1.0 0.99023247
1.0 0.997954
1.0 0.998016
1.0 0.9978884
0.0 0.10188605
1.0 0.99741447
1.0 0.9971439
1.0 0.99773324
1.0 0.998176
1.0 0.99815696
1.0 0.99798536
1.0 0.99816835
1.0 0.99808013
1.0 0.99806005
1.0 0.9481535
1.0 0.9935998
1.0 0.99602735
1.0 0.9468953
1.0 0.9981828
1.0 0.9978459
1.0 0.9963174
1.0 0.99644643
1.0 0.9981133
1.0 0.99706346
1.0 0.9978828
1.0 0.9982027
0.0 0.0031391822
1.0 0.92520714
1.0 0.9980627
1.0 0.9237161
1.0 0.6630888
0.0 0.274565
1.0 0.731515
1.0 0.99812967
1.0 0.99763143
