true vs pred:
1.0 0.99987626
1.0 0.99992144
1.0 0.9999217
1.0 0.9999392
1.0 0.9998324
1.0 0.99683386
1.0 0.99984586
1.0 0.99993753
0.0 0.2891903
0.0 0.15298371
1.0 0.9966455
1.0 0.99993026
1.0 0.98453736
1.0 0.9999223
1.0 0.99969554
1.0 0.9998491
0.0 0.16942905
1.0 0.9993444
1.0 0.9993129
1.0 0.99613637
0.0 0.2891903
1.0 0.9993129
1.0 0.9984999
1.0 0.9998832
1.0 0.99935704
1.0 0.9850835
1.0 0.9998791
1.0 0.99992836
1.0 0.9688269
1.0 0.9999075
0.0 0.19946104
1.0 0.999931
1.0 0.99440706
1.0 0.99850357
1.0 0.9973295
1.0 0.9998783
1.0 0.9984999
1.0 0.9993617
1.0 0.9999232
1.0 0.9999211
0.0 0.20610689
1.0 0.99992836
1.0 0.9999075
1.0 0.9985032
1.0 0.9999223
1.0 0.9998115
1.0 0.99993026
1.0 0.9958561
1.0 0.9998815
1.0 0.9999316
1.0 0.9999198
1.0 0.9992387
1.0 0.9999386
1.0 0.99990547
1.0 0.9998815
1.0 0.9998791
1.0 0.99982965
1.0 0.9999198
0.0 0.08430881
1.0 0.99850357
1.0 0.99991965
1.0 0.9996301
1.0 0.9948026
1.0 0.9999045
1.0 0.9998441
1.0 0.99694014
1.0 0.9999074
1.0 0.9973295
1.0 0.9998815
1.0 0.99984586
1.0 0.9872039
1.0 0.9996784
1.0 0.9999026
1.0 0.9999211
0.0 0.19946104
1.0 0.9999291
1.0 0.9999075
1.0 0.9998791
1.0 0.99916875
1.0 0.9999082
1.0 0.99984396
1.0 0.99982965
1.0 0.9998491
1.0 0.98453736
1.0 0.9998491
0.0 0.1710448
1.0 0.9999045
1.0 0.9996737
1.0 0.9997062
0.0 0.4370886
1.0 0.99993026
1.0 0.99991965
0.0 0.48504037
1.0 0.9998783
1.0 0.9999291
1.0 0.9999316
1.0 0.999813
1.0 0.99993026
1.0 0.98095083
1.0 0.99990296
1.0 0.9999386
1.0 0.99613637
1.0 0.99990547
1.0 0.9999223
1.0 0.9999316
1.0 0.99992144
1.0 0.9999056
1.0 0.9999367
1.0 0.9999248
1.0 0.999931
1.0 0.9999386
0.0 0.15298371
1.0 0.99982786
1.0 0.9999391
0.0 0.19946104
1.0 0.99916005
1.0 0.99993753
1.0 0.98453736
0.0 0.4370886
1.0 0.9998783
1.0 0.9999236
1.0 0.9999207
1.0 0.9999311
1.0 0.99987626
1.0 0.9996737
1.0 0.9996737
1.0 0.99683386
0.0 0.3964819
1.0 0.99935704
1.0 0.99694014
1.0 0.9999056
0.0 0.4281026
1.0 0.98115826
1.0 0.99992824
1.0 0.99702317
1.0 0.99983597
1.0 0.9858958
1.0 0.99817514
1.0 0.9999026
0.0 0.19946104
1.0 0.9998783
1.0 0.99850357
1.0 0.99934405
0.0 0.19946104
1.0 0.9999056
1.0 0.9996296
1.0 0.9999062
1.0 0.9999082
1.0 0.9998115
1.0 0.9999223
0.0 0.18493344
1.0 0.9996301
1.0 0.99969447
1.0 0.9999219
0.0 0.3243287
1.0 0.99987626
1.0 0.9999393
1.0 0.9998491
1.0 0.99982315
1.0 0.99980503
1.0 0.99916005
0.0 0.4370886
1.0 0.9999232
1.0 0.9996737
1.0 0.9999082
1.0 0.999931
0.0 0.22028473
1.0 0.9993617
1.0 0.9999232
1.0 0.99993026
1.0 0.9997062
0.0 0.4370886
1.0 0.9999223
1.0 0.9993772
1.0 0.969661
1.0 0.9999217
1.0 0.9999082
1.0 0.999931
1.0 0.9999237
1.0 0.99990547
1.0 0.9998791
1.0 0.9999316
1.0 0.9999082
1.0 0.9999211
1.0 0.99982315
1.0 0.9993129
1.0 0.9998832
0.0 0.4018311
1.0 0.9999217
1.0 0.999848
1.0 0.99916875
1.0 0.99702317
1.0 0.9992387
1.0 0.99969447
1.0 0.99994016
0.0 0.16942905
1.0 0.9999367
0.0 0.22028473
1.0 0.9999074
1.0 0.9858958
1.0 0.9998222
1.0 0.969661
0.0 0.22028473
1.0 0.99817514
1.0 0.9999217
1.0 0.9966455
1.0 0.99984396
1.0 0.9999232
1.0 0.999833
1.0 0.9966455
1.0 0.9998115
1.0 0.9999237
1.0 0.99987066
1.0 0.99993026
1.0 0.9948026
1.0 0.999853
0.0 0.18493344
0.0 0.2891903
1.0 0.9984999
1.0 0.9999217
0.0 0.44919148
1.0 0.99985194
0.0 0.09156383
1.0 0.9996973
1.0 0.9997062
1.0 0.99994016
1.0 0.999853
0.0 0.3243287
1.0 0.9999255
0.0 0.3964819
1.0 0.9998832
1.0 0.99969447
1.0 0.9850835
1.0 0.999813
0.0 0.09156383
1.0 0.99983203
1.0 0.9999223
1.0 0.99785465
1.0 0.9978586
1.0 0.9999391
0.0 0.09156383
1.0 0.99843174
1.0 0.99984074
1.0 0.9993617
1.0 0.9999218
1.0 0.9999026
1.0 0.9996784
1.0 0.9999386
1.0 0.9997062
1.0 0.9999211
1.0 0.9999074
1.0 0.9958561
1.0 0.99993026
1.0 0.99991965
1.0 0.99992514
1.0 0.969661
1.0 0.99984396
1.0 0.99992514
1.0 0.9993617
1.0 0.9948026
1.0 0.9998491
1.0 0.9999237
1.0 0.999848
1.0 0.9999056
1.0 0.9688269
1.0 0.9999217
1.0 0.99985194
1.0 0.98453736
0.0 0.15298371
1.0 0.969661
1.0 0.99990547
1.0 0.9966319
1.0 0.9999316
0.0 0.44919148
1.0 0.9999232
0.0 0.19946104
1.0 0.99993026
1.0 0.9999223
1.0 0.99982315
1.0 0.9999248
1.0 0.99992836
0.0 0.44919148
1.0 0.99702317
1.0 0.99982315
1.0 0.99440706
1.0 0.9992387
1.0 0.9999026
1.0 0.999833
1.0 0.99992836
0.0 0.18493344
1.0 0.99694014
1.0 0.9973295
0.0 0.22028473
0.0 0.15298371
1.0 0.9998491
1.0 0.99812347
1.0 0.9993772
1.0 0.9978586
0.0 0.10763385
1.0 0.9966455
1.0 0.99985194
1.0 0.9998815
0.0 0.4281026
0.0 0.22944668
1.0 0.99980503
1.0 0.9999367
1.0 0.9966455
1.0 0.9999075
1.0 0.99613637
1.0 0.9999211
1.0 0.9999064
1.0 0.9966319
1.0 0.9688269
1.0 0.99812347
1.0 0.9999311
1.0 0.9999392
1.0 0.9999391
1.0 0.9978586
1.0 0.99969447
1.0 0.9999393
1.0 0.999848
1.0 0.99984396
1.0 0.9993617
1.0 0.99934405
1.0 0.9999392
1.0 0.99982315
1.0 0.99440706
1.0 0.99983203
1.0 0.97680867
1.0 0.99702317
1.0 0.9999391
1.0 0.9999255
1.0 0.9999045
1.0 0.9999223
1.0 0.9985695
0.0 0.1710448
1.0 0.9998491
1.0 0.9872039
1.0 0.999931
1.0 0.9978586
1.0 0.99702317
1.0 0.99966264
1.0 0.99990296
1.0 0.9996296
1.0 0.9999392
1.0 0.99983597
1.0 0.99966264
1.0 0.999853
0.0 0.09156383
1.0 0.9999217
1.0 0.9872039
1.0 0.9998491
1.0 0.9999223
1.0 0.9999223
1.0 0.99843174
1.0 0.99785465
1.0 0.9996737
1.0 0.9998791
1.0 0.99916005
1.0 0.99937016
1.0 0.9996737
1.0 0.99980503
1.0 0.9858958
1.0 0.99812347
1.0 0.99980503
1.0 0.9998783
1.0 0.99990296
1.0 0.9872039
0.0 0.19946104
1.0 0.98095083
0.0 0.10763385
1.0 0.98453736
1.0 0.99440706
1.0 0.9996737
1.0 0.9993129
1.0 0.99440706
1.0 0.99991965
1.0 0.9984999
1.0 0.99980503
1.0 0.9999311
1.0 0.999848
1.0 0.99982965
1.0 0.9858958
1.0 0.9999211
1.0 0.9999291
1.0 0.9996784
1.0 0.99987626
0.0 0.44919148
1.0 0.99991965
1.0 0.99984074
1.0 0.9688269
1.0 0.9984999
0.0 0.2891903
0.0 0.1710448
1.0 0.9999211
0.0 0.26858932
1.0 0.9993772
1.0 0.9999393
1.0 0.99993026
1.0 0.9958561
1.0 0.9999329
0.0 0.48504037
1.0 0.99994016
1.0 0.99702317
0.0 0.15298371
1.0 0.969661
1.0 0.99994016
1.0 0.9996973
1.0 0.99983203
1.0 0.9999242
1.0 0.9999248
1.0 0.9996737
1.0 0.999931
1.0 0.999848
1.0 0.9999367
1.0 0.9872039
1.0 0.9996784
1.0 0.99983597
1.0 0.99993753
1.0 0.9999236
1.0 0.9999045
1.0 0.9999255
1.0 0.9999207
1.0 0.99990296
1.0 0.99993026
1.0 0.9999045
1.0 0.9999386
1.0 0.98343533
1.0 0.98343533
1.0 0.99980503
1.0 0.9993617
1.0 0.99982965
1.0 0.99994016
1.0 0.99983203
1.0 0.9998827
1.0 0.9999232
1.0 0.99994016
1.0 0.9999217
1.0 0.9850835
1.0 0.9999074
1.0 0.9872039
0.0 0.48504037
1.0 0.99992275
0.0 0.10763385
1.0 0.99985194
1.0 0.9999045
1.0 0.99916875
1.0 0.9998783
1.0 0.99969447
1.0 0.9999291
1.0 0.99993026
1.0 0.9983311
1.0 0.9998115
1.0 0.99993026
1.0 0.999833
1.0 0.98115826
0.0 0.1710448
1.0 0.9999392
1.0 0.99985194
1.0 0.9999269
1.0 0.9948026
1.0 0.99993825
1.0 0.9999269
0.0 0.3964819
1.0 0.9999062
1.0 0.99916875
1.0 0.98343533
1.0 0.98453736
1.0 0.9966319
1.0 0.9966455
1.0 0.99982315
1.0 0.9993617
1.0 0.9858958
1.0 0.99992144
0.0 0.10763385
1.0 0.99993026
1.0 0.9999316
1.0 0.9999064
1.0 0.9978586
1.0 0.99992836
1.0 0.9999075
1.0 0.9999074
0.0 0.2891903
1.0 0.99984074
1.0 0.9850835
1.0 0.9966319
1.0 0.9999391
1.0 0.99983597
0.0 0.22028473
1.0 0.9985032
1.0 0.9999386
1.0 0.99987566
1.0 0.99993753
1.0 0.9993444
1.0 0.99812347
0.0 0.4018311
1.0 0.9966319
1.0 0.9999329
1.0 0.999848
1.0 0.98095083
1.0 0.9998338
1.0 0.99916005
1.0 0.9872039
1.0 0.99966264
1.0 0.9688269
1.0 0.9999378
1.0 0.99983203
1.0 0.9999386
1.0 0.9992387
1.0 0.99982315
1.0 0.9999026
1.0 0.99991965
1.0 0.99990547
1.0 0.9948026
1.0 0.9999074
1.0 0.99982965
0.0 0.10763385
1.0 0.99991965
1.0 0.9978586
1.0 0.9978586
