true vs pred:
0.0 5.2779058e-05
0.0 0.0016063559
0.0 0.00012808108
1.0 0.9994599
1.0 0.99942744
0.0 0.0038930972
0.0 7.6172255e-05
0.0 0.00010999786
0.0 8.209716e-05
0.0 0.00010432449
1.0 0.994048
0.0 5.503939e-05
0.0 5.2779058e-05
0.0 0.0013927572
0.0 5.7574292e-05
0.0 0.0010584203
0.0 0.00070925965
0.0 0.20544958
0.0 0.0010584203
0.0 0.00010999786
0.0 9.461506e-05
0.0 5.5755947e-05
0.0 0.0001196166
0.0 0.00012669511
0.0 0.001474795
0.0 0.024464492
0.0 9.7042095e-05
1.0 0.99362034
1.0 0.9953746
0.0 0.9508273
0.0 0.000985405
0.0 0.00011293751
0.0 0.0012427801
0.0 5.2779058e-05
0.0 0.0017372972
0.0 0.0009894049
0.0 0.0001196166
0.0 0.00020363889
0.0 5.774772e-05
0.0 9.044721e-05
0.0 0.00012105228
0.0 5.5696266e-05
0.0 0.95856136
0.0 6.02561e-05
0.0 0.0012427801
0.0 0.0038927624
0.0 0.0016551331
0.0 0.0001287504
0.0 0.0029067558
0.0 0.20544958
1.0 0.99190736
0.0 0.004005896
0.0 8.209716e-05
0.0 8.5453015e-05
0.0 0.0013927572
0.0 0.0012150198
0.0 0.0013927572
0.0 0.0010584203
1.0 0.9992576
0.0 0.95825464
0.0 0.97058165
0.0 0.16207251
0.0 5.3488675e-05
0.0 5.3051546e-05
0.0 0.00012669511
0.0 0.96590114
0.0 0.00011003982
0.0 5.8804308e-05
0.0 0.00010432449
0.0 0.000115594485
0.0 0.0001196166
0.0 0.0010584203
0.0 0.0010609952
1.0 0.994048
0.0 9.044721e-05
0.0 0.030171553
0.0 0.0017372972
1.0 0.99927956
0.0 0.0012427801
0.0 5.650149e-05
0.0 0.20544958
0.0 6.0243638e-05
0.0 0.0008366581
0.0 0.9508273
0.0 0.20386711
0.0 5.8804308e-05
0.0 0.2783385
0.0 0.00072132074
0.0 0.00010210036
1.0 0.99944407
0.0 0.0015428608
0.0 0.00072132074
0.0 0.0012968305
0.0 5.5696266e-05
0.0 0.0015428608
1.0 0.99938416
0.0 0.95825464
0.0 0.030017514
0.0 5.774772e-05
0.0 0.024464492
1.0 0.99245936
0.0 0.00023924143
0.0 0.00022408091
0.0 0.00012669511
0.0 6.02561e-05
0.0 0.0015428608
0.0 0.032519873
0.0 0.95825464
0.0 0.9619355
0.0 0.00024166213
0.0 0.00012225186
0.0 0.34750748
1.0 0.9943592
0.0 5.5755947e-05
0.0 0.003160778
0.0 0.0012435332
1.0 0.99139684
0.0 0.0021647483
1.0 0.99938416
0.0 0.00012504171
0.0 0.030017514
0.0 0.00025015362
0.0 0.95535696
0.0 0.030017514
0.0 0.15677957
1.0 0.99942744
1.0 0.9939248
1.0 0.9943592
0.0 5.774772e-05
0.0 0.024464492
0.0 0.0038927624
0.0 0.0011055677
0.0 8.9969966e-05
0.0 8.5453015e-05
0.0 5.650149e-05
0.0 5.332295e-05
0.0 5.650149e-05
1.0 0.9994537
0.0 0.0012427801
0.0 0.00012808108
0.0 5.8804308e-05
0.0 5.503939e-05
0.0 4.9791823e-05
0.0 0.20386711
0.0 0.00010210036
0.0 0.000115594485
0.0 0.0021647483
0.0 0.16207251
1.0 0.9943592
0.0 0.0038930972
1.0 0.9939248
0.0 0.004111575
0.0 0.00010794534
0.0 0.000115594485
0.0 0.0038930972
0.0 0.00024308865
1.0 0.9939248
0.0 0.20386711
0.0 0.00025221007
0.0 0.03703357
0.0 6.584103e-05
0.0 0.2867993
0.0 0.00010794534
0.0 0.0038930972
0.0 0.97058165
0.0 0.96590114
0.0 0.0012369097
0.0 0.20544958
0.0 8.5453015e-05
0.0 0.94881594
0.0 0.97058165
0.0 0.00072132074
0.0 5.8804308e-05
0.0 0.00011379855
0.0 5.332295e-05
0.0 5.7574292e-05
0.0 0.0010584203
0.0 0.00013573962
0.0 9.461506e-05
0.0 0.0010584203
0.0 0.2867993
0.0 0.00020661879
1.0 0.9939248
0.0 0.00022408091
0.0 8.9969966e-05
0.0 0.2867993
0.0 0.030017514
0.0 6.584103e-05
0.0 0.00010432449
0.0 0.0011179652
0.0 0.00020363889
0.0 5.3488675e-05
0.0 8.698693e-05
0.0 5.299249e-05
0.0 0.30656806
0.0 0.0016551331
0.0 0.0009894049
0.0 0.0016551331
1.0 0.99190736
0.0 0.00012105228
1.0 0.99938416
0.0 0.0012968305
0.0 0.9508273
0.0 0.00011003982
0.0 0.9722669
0.0 0.032519873
1.0 0.994048
0.0 0.0012968305
1.0 0.9994537
1.0 0.999514
0.0 0.0008685712
0.0 0.0011179652
1.0 0.9953746
0.0 0.0016063559
0.0 0.0001287504
0.0 0.95856136
0.0 0.004005896
0.0 0.00072132074
1.0 0.9926797
0.0 5.299249e-05
1.0 0.99245936
0.0 0.00025015362
0.0 0.002501141
0.0 0.9619355
0.0 0.00012669511
0.0 0.001649933
0.0 5.650149e-05
1.0 0.9992576
0.0 0.003160778
0.0 0.0012150198
1.0 0.99139684
1.0 0.99942744
0.0 0.9619355
0.0 0.00011921031
0.0 0.00023942922
1.0 0.9992576
0.0 0.0012150198
0.0 0.0009820875
0.0 0.032519873
1.0 0.9926797
0.0 4.9791823e-05
0.0 9.461506e-05
0.0 0.9508273
0.0 0.00013573962
0.0 0.000115594485
0.0 0.0013927572
0.0 6.584103e-05
0.0 0.04661948
0.0 0.9619355
0.0 0.001649933
0.0 0.0010854313
0.0 0.0012435332
0.0 0.002370183
0.0 6.02561e-05
0.0 0.0012886617
0.0 0.030830214
0.0 0.0001287504
0.0 0.003160778
0.0 4.9039176e-05
0.0 0.00012669511
0.0 0.030017514
0.0 6.02561e-05
0.0 0.0010584203
0.0 0.00012669511
0.0 0.001474795
0.0 5.8804308e-05
0.0 0.0009820875
1.0 0.9992926
0.0 0.0017372972
0.0 0.0029067558
1.0 0.9921863
1.0 0.99944407
0.0 0.9722669
0.0 0.34750748
1.0 0.9953746
0.0 0.0013927572
0.0 0.0029067558
0.0 9.294124e-05
0.0 0.15677957
0.0 0.00010432449
0.0 0.00012225186
0.0 6.584103e-05
0.0 5.650149e-05
0.0 0.0021647483
0.0 5.332295e-05
0.0 5.503939e-05
0.0 0.00011293751
1.0 0.99942744
0.0 0.0008366581
0.0 0.00025221007
0.0 0.0009820875
1.0 0.99942744
0.0 0.15677957
0.0 0.0038930972
0.0 0.002370183
1.0 0.99362034
0.0 0.94881594
0.0 0.20386711
0.0 8.698693e-05
0.0 0.97058165
0.0 0.0015468275
0.0 0.0001196166
0.0 0.16207251
1.0 0.99190736
0.0 0.0012478984
0.0 5.332295e-05
0.0 0.0038930972
0.0 0.0012427801
0.0 0.9722669
1.0 0.9943592
0.0 0.00011293751
0.0 0.030513886
0.0 0.0012478984
1.0 0.9926797
0.0 0.00011379855
0.0 9.294124e-05
0.0 0.00011003982
1.0 0.99938416
0.0 0.00010432449
0.0 0.002817666
0.0 0.00022408091
1.0 0.99190736
0.0 0.000115594485
0.0 0.95856136
0.0 0.00012504171
0.0 0.00025015362
0.0 0.20386711
0.0 0.34750748
1.0 0.99927956
1.0 0.9994537
0.0 0.0012435332
0.0 0.30656806
0.0 0.00072132074
0.0 0.001474795
0.0 0.00010794534
0.0 0.00010999786
0.0 0.00072132074
0.0 0.0038927624
1.0 0.9943592
0.0 0.00011293751
1.0 0.99938416
0.0 0.00012669511
0.0 5.3488675e-05
0.0 0.030513886
0.0 0.000985405
1.0 0.9939248
0.0 5.5696266e-05
0.0 0.9619355
0.0 0.0013767666
0.0 0.9619355
0.0 0.00010999786
1.0 0.999514
0.0 0.04661948
0.0 0.2770968
0.0 5.8804308e-05
0.0 5.503939e-05
0.0 0.028526288
0.0 9.294124e-05
0.0 0.95825464
0.0 0.003160778
0.0 8.209716e-05
0.0 5.8804308e-05
0.0 0.00011862928
1.0 0.99927956
0.0 0.9722669
0.0 8.344526e-05
0.0 0.16207251
0.0 0.024464492
0.0 0.04661948
0.0 0.00010432449
0.0 0.0010854313
0.0 0.20386711
0.0 8.5453015e-05
0.0 0.34750748
0.0 0.03841595
1.0 0.99245936
0.0 0.00010432449
0.0 0.028526288
0.0 0.0010609952
0.0 0.00011921031
0.0 0.00010999786
0.0 0.9722669
0.0 0.00010432449
0.0 5.503939e-05
0.0 0.94881594
0.0 0.0012886617
0.0 0.0013927572
0.0 0.00023924143
0.0 6.02561e-05
0.0 0.2783385
0.0 0.2867993
0.0 6.584103e-05
0.0 0.00012105228
0.0 0.20386711
0.0 0.0009894049
0.0 0.0015428608
0.0 0.028526288
0.0 0.03703357
0.0 0.0012968305
0.0 0.001474795
0.0 0.001649933
0.0 0.16207251
0.0 0.0010609952
0.0 0.00012808108
0.0 0.0015428608
0.0 0.30656806
0.0 0.0016551331
0.0 0.0038927624
0.0 0.0015468275
0.0 0.00011921031
1.0 0.9943592
0.0 0.030017514
0.0 5.5696266e-05
0.0 0.003160778
0.0 0.002501141
0.0 0.030513886
0.0 0.004005896
0.0 0.002501141
1.0 0.999514
0.0 6.0243638e-05
0.0 0.2867993
0.0 0.9431941
0.0 0.00023942922
0.0 0.002370183
1.0 0.9926797
1.0 0.99938416
0.0 0.0029067558
0.0 5.650149e-05
0.0 0.94881594
0.0 0.0009894049
0.0 0.00012384322
0.0 0.00025015362
0.0 0.2783385
0.0 0.032519873
0.0 0.00025015362
1.0 0.9939248
0.0 8.344526e-05
0.0 9.294124e-05
0.0 0.9508273
0.0 0.0016063559
1.0 0.99139684
0.0 5.5696266e-05
0.0 0.004111575
0.0 0.000115594485
1.0 0.99245936
0.0 0.00010432449
0.0 0.00010794534
0.0 0.00012808108
0.0 9.461506e-05
0.0 0.00012105228
0.0 0.00012669511
0.0 5.3488675e-05
0.0 0.00022408091
0.0 0.0015428608
1.0 0.99362034
1.0 0.99942744
0.0 0.00012808108
0.0 0.00022408091
0.0 0.0012369097
0.0 9.7042095e-05
0.0 0.024464492
0.0 6.02561e-05
0.0 0.024464492
0.0 0.003160778
0.0 5.650149e-05
1.0 0.9926797
0.0 0.00012105228
0.0 6.02561e-05
0.0 0.0038927624
1.0 0.9994599
0.0 0.001649933
0.0 5.774772e-05
0.0 0.04661948
0.0 0.00011293751
0.0 5.774772e-05
0.0 0.0013927572
0.0 9.7042095e-05
0.0 0.032519873
1.0 0.994048
0.0 0.00072132074
0.0 0.0015468275
1.0 0.9994537
0.0 0.00024166213
1.0 0.99190736
1.0 0.99942744
0.0 5.2779058e-05
0.0 0.00010210036
0.0 0.00010999786
0.0 5.3619984e-05
0.0 0.00072132074
0.0 0.0016551331
1.0 0.9992576
0.0 0.0001196166
1.0 0.9994599
0.0 0.9722669
0.0 7.6172255e-05
0.0 0.030171553
0.0 4.9039176e-05
0.0 0.9619355
0.0 0.0012369097
0.0 0.34750748
0.0 0.00070925965
0.0 0.0010609952
0.0 0.000985405
0.0 0.00010794534
0.0 4.9039176e-05
0.0 0.0008366581
0.0 0.00012504171
0.0 5.2779058e-05
0.0 5.7574292e-05
0.0 0.00024166213
0.0 0.002817666
0.0 0.00072132074
0.0 0.00011921031
0.0 0.00010432449
0.0 5.7574292e-05
1.0 0.99942744
0.0 0.0013767666
0.0 0.00023924143
1.0 0.99927956
