true vs pred:
0.0 0.0030510705
1.0 0.9973084
1.0 0.9970798
0.0 0.00430221
1.0 0.9976387
0.0 0.0037681034
0.0 0.00886385
0.0 0.0050966283
0.0 0.004506983
1.0 0.9963547
1.0 0.99737465
0.0 0.0030804279
0.0 0.0041517606
0.0 0.004242306
1.0 0.9914586
0.0 0.0029925485
1.0 0.9963169
1.0 0.9932591
1.0 0.88531506
1.0 0.9973756
1.0 0.9925275
1.0 0.9937245
1.0 0.9968245
0.0 0.004834365
1.0 0.992902
1.0 0.99512756
1.0 0.9963492
1.0 0.9974656
0.0 0.0050966283
0.0 0.0039951634
1.0 0.99752754
1.0 0.9975297
1.0 0.7843702
0.0 0.003430546
0.0 0.004553351
0.0 0.007281618
1.0 0.9929007
1.0 0.99678504
1.0 0.99719715
0.0 0.0036645113
1.0 0.9196954
0.0 0.003424928
1.0 0.99612904
0.0 0.0031343205
0.0 0.016104234
0.0 0.0039572846
0.0 0.37647012
0.0 0.049508393
0.0 0.003001358
1.0 0.9968502
1.0 0.99432445
1.0 0.99379265
1.0 0.9975356
0.0 0.0031298285
0.0 0.010358967
1.0 0.9712266
0.0 0.021821344
1.0 0.9956417
1.0 0.99750596
1.0 0.99714017
0.0 0.002952558
0.0 0.0032829328
1.0 0.9966079
0.0 0.0043639685
1.0 0.9976253
0.0 0.0072053727
0.0 0.010575786
1.0 0.4228672
1.0 0.9971616
1.0 0.9960342
0.0 0.0043236064
0.0 0.15557197
0.0 0.009704058
1.0 0.996702
0.0 0.004352421
0.0 0.0031577086
1.0 0.9972933
0.0 0.0038209935
1.0 0.9975842
1.0 0.99740344
1.0 0.9971928
1.0 0.9950494
1.0 0.9956235
1.0 0.9971528
0.0 0.58605105
0.0 0.0034393996
1.0 0.9961482
1.0 0.92382246
1.0 0.99179137
0.0 0.007281618
1.0 0.94368327
1.0 0.9963007
0.0 0.0042490694
0.0 0.0030166798
0.0 0.0034509348
1.0 0.9660981
1.0 0.99710685
1.0 0.9944976
1.0 0.99747235
1.0 0.97969234
0.0 0.00421894
1.0 0.99745566
0.0 0.019279389
1.0 0.99595815
1.0 0.46902925
1.0 0.9934948
1.0 0.99565625
1.0 0.9959686
1.0 0.99679285
1.0 0.9967964
0.0 0.0038015062
0.0 0.0045464165
0.0 0.009477039
1.0 0.7273204
1.0 0.9135074
0.0 0.005186902
1.0 0.99704117
0.0 0.004506983
0.0 0.0041220947
0.0 0.013652931
1.0 0.9972933
1.0 0.99725705
0.0 0.008900857
0.0 0.010158139
1.0 0.9896595
1.0 0.9939043
0.0 0.004217288
1.0 0.9967109
0.0 0.114501216
0.0 0.0038705524
0.0 0.0032979848
1.0 0.9948624
0.0 0.0088057425
1.0 0.99458575
0.0 0.00822014
0.0 0.943322
0.0 0.0044442615
1.0 0.99688584
0.0 0.004381253
1.0 0.9907952
1.0 0.9968772
0.0 0.010761136
1.0 0.99742585
0.0 0.0032913336
0.0 0.0043748156
1.0 0.996099
0.0 0.0044096005
0.0 0.0078057447
1.0 0.9976622
1.0 0.9966685
1.0 0.9963211
0.0 0.0041256393
0.0 0.005238638
1.0 0.9972941
0.0 0.003234901
1.0 0.9959972
0.0 0.0033160707
1.0 0.19758423
0.0 0.0032146978
1.0 0.99718565
1.0 0.99739635
0.0 0.0032452678
1.0 0.9975116
0.0 0.004199635
1.0 0.99718934
1.0 0.9971852
0.0 0.0030869688
0.0 0.004434464
1.0 0.9964561
0.0 0.0053784726
0.0 0.0029800776
1.0 0.95794684
1.0 0.9953744
0.0 0.003072091
0.0 0.01535828
0.0 0.003031603
0.0 0.041271035
0.0 0.0033209757
0.0 0.003536007
1.0 0.99764866
1.0 0.9973277
1.0 0.92993426
0.0 0.049735755
1.0 0.9976387
0.0 0.0032890863
0.0 0.003114246
1.0 0.990348
1.0 0.99743265
0.0 0.006716951
1.0 0.99475104
1.0 0.9925995
0.0 0.0031001256
1.0 0.9958996
1.0 0.9971584
1.0 0.9967602
0.0 0.08470895
0.0 0.0038893193
0.0 0.010082826
1.0 0.9970099
0.0 0.0037488209
1.0 0.9071052
1.0 0.99230313
1.0 0.99629754
1.0 0.9673089
1.0 0.9846689
1.0 0.993947
1.0 0.1986031
1.0 0.9958562
0.0 0.0033254658
1.0 0.99565804
0.0 0.004132178
1.0 0.93885845
1.0 0.99756
1.0 0.8385055
1.0 0.9902019
1.0 0.9970362
1.0 0.9969164
0.0 0.05113973
1.0 0.15583716
1.0 0.9971213
1.0 0.9777794
1.0 0.72639686
0.0 0.0061741513
0.0 0.016142912
1.0 0.99766976
1.0 0.9974605
0.0 0.94628304
0.0 0.0051365183
0.0 0.09296376
1.0 0.997727
