true vs pred:
1.0 0.9344724
0.0 0.44067657
1.0 0.12717198
0.0 0.06777893
1.0 0.97770464
0.0 0.008792035
1.0 0.9959098
1.0 0.9908805
1.0 0.59501815
1.0 0.5245957
0.0 0.58381176
1.0 0.9903122
1.0 0.9888121
1.0 0.65479773
0.0 0.013920838
0.0 0.031610586
1.0 0.984237
1.0 0.98304164
1.0 0.99566346
1.0 0.9812546
1.0 0.9904542
1.0 0.9956501
1.0 0.98737425
1.0 0.99494344
1.0 0.98215413
1.0 0.99321026
0.0 0.014003633
1.0 0.86067635
0.0 0.008854684
1.0 0.9958413
1.0 0.9907178
1.0 0.9952988
1.0 0.72543
1.0 0.9924798
0.0 0.09424193
0.0 0.9854998
1.0 0.9846324
1.0 0.9948383
0.0 0.041187175
1.0 0.9907566
1.0 0.9711335
1.0 0.14125952
0.0 0.31000698
1.0 0.9860189
0.0 0.10434444
1.0 0.99238694
1.0 0.9883691
0.0 0.027726248
1.0 0.9916186
1.0 0.9875831
1.0 0.97337365
1.0 0.9845105
1.0 0.99196726
0.0 0.13783838
1.0 0.9873374
1.0 0.99566025
1.0 0.9938585
1.0 0.99543226
1.0 0.7312739
1.0 0.983084
1.0 0.9815778
1.0 0.6005357
1.0 0.99433315
0.0 0.027660694
1.0 0.99553764
0.0 0.29878306
0.0 0.030832864
0.0 0.0093425885
1.0 0.9235753
0.0 0.09414105
1.0 0.9942167
1.0 0.9897736
1.0 0.99530315
0.0 0.7604035
1.0 0.9913483
0.0 0.009986624
1.0 0.9953092
1.0 0.9014293
1.0 0.99241734
1.0 0.9268144
1.0 0.99409026
1.0 0.995587
1.0 0.5689735
1.0 0.9920655
1.0 0.9903482
1.0 0.984993
1.0 0.629396
0.0 0.019633371
1.0 0.99167365
1.0 0.9931157
0.0 0.70142674
1.0 0.9928046
1.0 0.99315804
1.0 0.9911333
1.0 0.98715824
0.0 0.056388937
1.0 0.9952337
1.0 0.99235547
1.0 0.98333055
1.0 0.9820486
1.0 0.9922767
1.0 0.99543226
0.0 0.10587676
0.0 0.42578727
1.0 0.99566513
1.0 0.99054515
1.0 0.53144425
0.0 0.09634414
0.0 0.008921826
1.0 0.9947748
1.0 0.9072543
1.0 0.94287837
0.0 0.050951056
1.0 0.99044
1.0 0.9932221
1.0 0.29492295
1.0 0.9960175
0.0 0.81340986
1.0 0.9953099
1.0 0.96115667
1.0 0.99427927
1.0 0.89333206
1.0 0.85890275
1.0 0.36112955
1.0 0.987573
0.0 0.05169194
1.0 0.99582064
0.0 0.01593902
1.0 0.96927345
1.0 0.9958729
1.0 0.9943222
0.0 0.025230402
0.0 0.08565575
1.0 0.9949915
1.0 0.969494
1.0 0.8826021
1.0 0.9942169
1.0 0.9954932
1.0 0.84013253
0.0 0.038591508
1.0 0.99092615
1.0 0.9851392
1.0 0.99547607
0.0 0.017735079
0.0 0.03404953
0.0 0.044052046
1.0 0.9950854
1.0 0.94852936
1.0 0.9915945
1.0 0.9945926
1.0 0.994206
1.0 0.9928848
1.0 0.9566082
1.0 0.98054737
1.0 0.99094206
1.0 0.99547946
0.0 0.017336288
0.0 0.1662181
1.0 0.9958092
1.0 0.9858618
1.0 0.98810893
0.0 0.0283231
1.0 0.98531425
1.0 0.9726041
1.0 0.99201035
1.0 0.99477506
1.0 0.9835813
1.0 0.9956682
1.0 0.99408495
1.0 0.99283653
1.0 0.95987326
1.0 0.98880893
1.0 0.9950405
1.0 0.98428094
0.0 0.019235456
1.0 0.9920563
1.0 0.9807695
0.0 0.46351206
1.0 0.94852936
1.0 0.97610533
1.0 0.99553597
1.0 0.98456895
1.0 0.9792932
0.0 0.054520406
1.0 0.8945942
0.0 0.026871933
0.0 0.06702679
0.0 0.9865839
0.0 0.016422916
1.0 0.99306
0.0 0.054218054
0.0 0.013499095
1.0 0.99431604
1.0 0.9946455
1.0 0.9956962
1.0 0.9959428
1.0 0.9922321
1.0 0.94650745
1.0 0.981487
1.0 0.9926077
1.0 0.9952226
1.0 0.97794855
1.0 0.97896564
1.0 0.9958528
1.0 0.9921645
1.0 0.9860212
0.0 0.33750716
0.0 0.055317804
1.0 0.9782924
1.0 0.9950329
0.0 0.3771837
0.0 0.036418445
1.0 0.9955277
1.0 0.99315804
1.0 0.99505424
0.0 0.030012654
1.0 0.9855715
1.0 0.9774315
1.0 0.9914259
0.0 0.03535816
1.0 0.98730475
1.0 0.99527645
1.0 0.977234
0.0 0.781815
0.0 0.082196124
1.0 0.99214476
0.0 0.017212326
1.0 0.8911614
1.0 0.9120152
0.0 0.10297387
