true vs pred:
1.0 0.9992945
1.0 0.99942076
1.0 0.999355
1.0 0.9945667
0.0 0.21396974
0.0 0.19336075
0.0 0.10672641
1.0 0.9845616
0.0 0.012808945
0.0 0.03683078
0.0 0.81072384
1.0 0.9984585
1.0 0.99951744
1.0 0.99951744
1.0 0.999762
0.0 0.047930993
0.0 0.015775725
0.0 0.01159051
0.0 0.47911587
0.0 0.046046898
0.0 0.52192163
0.0 0.22765693
0.0 0.13684021
0.0 0.015775725
1.0 0.99822015
1.0 0.999752
0.0 0.049356505
0.0 0.81072384
1.0 0.9636439
1.0 0.99363554
1.0 0.99930894
0.0 0.047930993
0.0 0.47911587
1.0 0.99930894
0.0 0.056796975
0.0 0.4785406
1.0 0.99938905
1.0 0.9722679
0.0 0.81072384
0.0 0.012339615
1.0 0.9934674
1.0 0.99943167
1.0 0.9994004
0.0 0.18469085
1.0 0.9984712
1.0 0.9821792
0.0 0.20859033
0.0 0.7963976
1.0 0.98324376
1.0 0.99942076
1.0 0.99822015
1.0 0.99368614
0.0 0.11575902
1.0 0.9829028
0.0 0.012808945
1.0 0.99839276
1.0 0.99931145
1.0 0.999752
1.0 0.99839276
1.0 0.9984748
0.0 0.11629054
0.0 0.24585143
1.0 0.999752
0.0 0.7963976
0.0 0.04222549
0.0 0.047930993
1.0 0.9982943
0.0 0.012809988
1.0 0.9993305
1.0 0.9800969
1.0 0.9845616
0.0 0.11629054
1.0 0.9723653
0.0 0.049356505
1.0 0.99946815
1.0 0.9995167
1.0 0.9997681
1.0 0.99368614
1.0 0.999752
1.0 0.9995473
1.0 0.9723653
1.0 0.9994343
1.0 0.99844813
1.0 0.9995197
1.0 0.9984748
1.0 0.9994282
1.0 0.9723653
0.0 0.52368915
0.0 0.7561775
0.0 0.8148583
0.0 0.82954204
0.0 0.012760864
1.0 0.9993624
1.0 0.9934453
1.0 0.99976057
0.0 0.012664718
1.0 0.998483
1.0 0.9934674
0.0 0.22765693
0.0 0.09899025
1.0 0.9994599
1.0 0.9800969
1.0 0.9800969
0.0 0.012261014
0.0 0.19336075
1.0 0.9994004
1.0 0.9821792
0.0 0.012760864
1.0 0.999762
1.0 0.9829028
0.0 0.03683078
1.0 0.99946195
0.0 0.04222549
0.0 0.47002998
1.0 0.9994343
1.0 0.98324376
1.0 0.9840253
0.0 0.21396974
1.0 0.96528983
0.0 0.22765693
0.0 0.10672641
1.0 0.99951553
0.0 0.056796975
1.0 0.99977726
1.0 0.9684429
0.0 0.20859033
1.0 0.9995197
1.0 0.998483
0.0 0.015775725
1.0 0.98426604
0.0 0.20230868
0.0 0.19970177
1.0 0.99291044
0.0 0.012261014
1.0 0.9997615
1.0 0.9984712
0.0 0.012261014
1.0 0.9821792
0.0 0.18469085
1.0 0.99930894
0.0 0.19970177
1.0 0.98514605
0.0 0.012261014
1.0 0.9993555
0.0 0.82954204
1.0 0.99822015
1.0 0.97984916
0.0 0.8148583
1.0 0.9995197
0.0 0.015302611
0.0 0.098755956
0.0 0.010694186
0.0 0.8090814
0.0 0.012664718
1.0 0.9984712
0.0 0.21396974
1.0 0.999752
0.0 0.03683078
0.0 0.80794376
1.0 0.9845616
1.0 0.97984916
0.0 0.03683078
0.0 0.009542709
0.0 0.50710857
0.0 0.039642517
1.0 0.97048384
0.0 0.056796975
1.0 0.999355
0.0 0.012339615
1.0 0.9994282
1.0 0.98324376
1.0 0.97984916
0.0 0.19970177
1.0 0.99943167
0.0 0.015775725
1.0 0.9684429
1.0 0.9994599
1.0 0.99954295
0.0 0.20230868
0.0 0.098755956
0.0 0.11575902
1.0 0.99954295
0.0 0.4785406
1.0 0.96528983
0.0 0.20859033
0.0 0.20019834
1.0 0.9994343
0.0 0.009542709
1.0 0.9687755
0.0 0.1567329
1.0 0.9985499
0.0 0.047930993
1.0 0.99951744
1.0 0.9994599
0.0 0.20859033
0.0 0.018393587
1.0 0.9992945
1.0 0.9722679
1.0 0.99942076
0.0 0.18469085
1.0 0.998483
0.0 0.046046898
0.0 0.012760864
0.0 0.82954204
1.0 0.99368614
0.0 0.47002998
0.0 0.012760864
0.0 0.011648048
1.0 0.9994086
1.0 0.99954295
0.0 0.015302611
0.0 0.11575902
0.0 0.012339615
0.0 0.80624366
1.0 0.9994035
0.0 0.5149255
0.0 0.52192163
1.0 0.9984748
0.0 0.012809988
1.0 0.9681961
1.0 0.96816593
0.0 0.09899025
1.0 0.99926406
0.0 0.20019834
0.0 0.009578055
0.0 0.04222549
1.0 0.9997681
0.0 0.009719751
1.0 0.96816593
1.0 0.99954295
1.0 0.97048384
1.0 0.9993305
0.0 0.03683078
1.0 0.98514605
0.0 0.11575902
0.0 0.7561775
0.0 0.047930993
0.0 0.013761321
0.0 0.049356505
1.0 0.99951553
1.0 0.99926406
1.0 0.99946195
1.0 0.9821792
1.0 0.9994282
0.0 0.8036934
1.0 0.9995271
0.0 0.47911587
0.0 0.009578055
1.0 0.9997615
0.0 0.80624366
0.0 0.20859033
1.0 0.9997615
1.0 0.99954295
0.0 0.2120527
1.0 0.99954295
0.0 0.20859033
1.0 0.9722679
1.0 0.99322695
1.0 0.99951744
1.0 0.9984585
0.0 0.10710789
1.0 0.99943167
0.0 0.012261014
0.0 0.09899025
1.0 0.99322695
0.0 0.044105098
1.0 0.9995473
0.0 0.4785406
1.0 0.9994035
1.0 0.9849731
1.0 0.9684429
0.0 0.013761321
1.0 0.9982943
0.0 0.8090814
0.0 0.012664718
1.0 0.99363554
1.0 0.9994086
1.0 0.999752
0.0 0.20019834
1.0 0.99839276
0.0 0.80624366
0.0 0.011648048
1.0 0.9984748
1.0 0.99951553
0.0 0.047930993
0.0 0.20230868
0.0 0.4785406
1.0 0.9845616
0.0 0.015302611
1.0 0.9984712
1.0 0.9984585
1.0 0.99839276
0.0 0.52192163
1.0 0.9945667
1.0 0.99938905
0.0 0.012261014
0.0 0.012809988
1.0 0.9997764
0.0 0.047930993
0.0 0.47002998
1.0 0.99930894
0.0 0.80624366
0.0 0.82954204
1.0 0.9984748
1.0 0.99942076
0.0 0.21396974
0.0 0.015775725
1.0 0.99942076
0.0 0.2120527
0.0 0.20859033
0.0 0.47523797
0.0 0.10672641
0.0 0.044105098
1.0 0.9994282
0.0 0.012760864
0.0 0.7561775
1.0 0.99844813
1.0 0.9994599
1.0 0.9994282
0.0 0.11575902
1.0 0.9994343
1.0 0.9997615
1.0 0.9722679
1.0 0.96528983
0.0 0.20230868
1.0 0.99844813
0.0 0.10672641
1.0 0.9993395
0.0 0.5470613
1.0 0.99946815
0.0 0.24585143
0.0 0.50710857
0.0 0.012760864
1.0 0.9995265
1.0 0.9995271
0.0 0.2120527
1.0 0.9829028
1.0 0.999752
1.0 0.97984916
1.0 0.9997681
1.0 0.9984748
0.0 0.012664718
0.0 0.012808945
0.0 0.012760864
0.0 0.8148583
1.0 0.9687755
0.0 0.7963976
1.0 0.98514605
1.0 0.9993395
1.0 0.99844813
1.0 0.9994004
0.0 0.2120527
0.0 0.7963976
1.0 0.9995271
1.0 0.9800969
0.0 0.18469085
0.0 0.009719751
0.0 0.52192163
0.0 0.015250033
1.0 0.9945667
0.0 0.013275523
1.0 0.9931973
1.0 0.9985499
0.0 0.5470613
0.0 0.10672641
0.0 0.1567329
1.0 0.9687755
1.0 0.99976057
1.0 0.98324376
1.0 0.9684429
1.0 0.99930894
1.0 0.99954295
1.0 0.999752
1.0 0.99931145
1.0 0.9997764
0.0 0.76055115
1.0 0.99930894
1.0 0.9993624
1.0 0.9994086
0.0 0.012808945
1.0 0.9722679
0.0 0.81072384
0.0 0.80794376
1.0 0.9984585
1.0 0.9687755
1.0 0.9995271
1.0 0.9995167
0.0 0.047930993
0.0 0.012664718
1.0 0.9995265
1.0 0.9687755
0.0 0.8090814
0.0 0.47911587
0.0 0.20230868
1.0 0.98324376
1.0 0.9992945
0.0 0.1567329
0.0 0.018393587
1.0 0.99322695
0.0 0.82954204
1.0 0.99946815
1.0 0.9997423
0.0 0.049356505
1.0 0.96528983
1.0 0.99954295
0.0 0.012809988
0.0 0.4785406
1.0 0.9995271
0.0 0.012808945
0.0 0.013761321
1.0 0.9684429
0.0 0.20230868
0.0 0.13540082
1.0 0.99943167
1.0 0.9994343
0.0 0.19336075
1.0 0.9945667
1.0 0.9993395
1.0 0.9829028
1.0 0.9931973
1.0 0.98514605
1.0 0.99942076
0.0 0.80624366
0.0 0.19970177
1.0 0.9994343
0.0 0.015775725
0.0 0.013771292
1.0 0.9849731
1.0 0.99943167
1.0 0.99363554
0.0 0.015302611
0.0 0.098755956
1.0 0.99363554
1.0 0.96816593
1.0 0.999762
1.0 0.97048384
0.0 0.012664718
1.0 0.99844813
0.0 0.81072384
1.0 0.9687755
0.0 0.13684021
0.0 0.20230868
1.0 0.98514605
1.0 0.9982943
0.0 0.01159051
0.0 0.012261014
0.0 0.82954204
1.0 0.99977726
0.0 0.47523797
1.0 0.9800969
1.0 0.99946815
1.0 0.99844813
1.0 0.9821792
1.0 0.9994343
1.0 0.99368614
0.0 0.1567329
1.0 0.9994282
1.0 0.99930894
1.0 0.9931973
0.0 0.47002998
1.0 0.9994086
0.0 0.012339615
1.0 0.99977726
0.0 0.039642517
0.0 0.8090814
0.0 0.47911587
1.0 0.9636439
0.0 0.044105098
0.0 0.013771292
0.0 0.52192163
0.0 0.47002998
1.0 0.97037506
0.0 0.20230868
0.0 0.50710857
0.0 0.013771292
0.0 0.012809988
0.0 0.047083877
1.0 0.9995197
1.0 0.99844813
0.0 0.047930993
1.0 0.98514605
0.0 0.541855
0.0 0.046046898
0.0 0.8036934
1.0 0.99946815
0.0 0.013771292
1.0 0.9997615
0.0 0.47002998
0.0 0.018393587
0.0 0.11629054
1.0 0.99976057
1.0 0.9993555
0.0 0.047083877
1.0 0.9994004
0.0 0.80624366
1.0 0.97037506
1.0 0.97048384
1.0 0.9992945
0.0 0.09899025
1.0 0.9995473
1.0 0.9800969
0.0 0.011648048
1.0 0.9845616
1.0 0.99931145
1.0 0.9849731
0.0 0.47002998
0.0 0.13684021
1.0 0.97037506
0.0 0.044105098
0.0 0.012760864
1.0 0.9993395
1.0 0.9993555
0.0 0.011960749
1.0 0.99943167
1.0 0.9982943
1.0 0.99954295
0.0 0.81072384
0.0 0.009542709
1.0 0.9994004
1.0 0.9984748
