true vs pred:
1.0 0.9331665
1.0 0.99734277
1.0 0.9938186
1.0 0.9500203
1.0 0.9732476
0.0 0.24980757
0.0 0.03078419
1.0 0.99523085
1.0 0.9921348
1.0 0.9895845
1.0 0.9927665
1.0 0.9748086
1.0 0.9170911
1.0 0.9885367
1.0 0.97913957
1.0 0.9870105
1.0 0.9962225
1.0 0.9911375
1.0 0.98048043
1.0 0.9959823
1.0 0.99374986
1.0 0.9975375
0.0 0.054223914
1.0 0.99341947
0.0 0.10102003
0.0 0.6922032
1.0 0.99524057
1.0 0.9927154
0.0 0.1758834
1.0 0.91971004
1.0 0.7663246
1.0 0.9951616
0.0 0.3951725
1.0 0.19701669
1.0 0.9856162
1.0 0.94163954
1.0 0.9854321
1.0 0.99442345
1.0 0.99039406
1.0 0.988736
0.0 0.4336055
1.0 0.99605006
1.0 0.99426454
1.0 0.99260944
1.0 0.98865926
1.0 0.7678927
1.0 0.9830183
1.0 0.9885367
0.0 0.65031016
1.0 0.99526715
1.0 0.99660313
1.0 0.988351
1.0 0.9870935
1.0 0.9952897
1.0 0.99732095
1.0 0.9976538
1.0 0.9970323
1.0 0.9422145
1.0 0.9767437
1.0 0.9420659
1.0 0.99323225
1.0 0.9935454
1.0 0.9975592
0.0 0.87104154
1.0 0.9953133
0.0 0.55935365
1.0 0.9928173
1.0 0.9916618
1.0 0.9934617
1.0 0.997358
0.0 0.06039524
1.0 0.99435
1.0 0.31105706
1.0 0.9927408
1.0 0.9549756
1.0 0.997486
1.0 0.9901383
0.0 0.088841595
1.0 0.99626046
1.0 0.99702615
0.0 0.9691927
1.0 0.99104977
1.0 0.99608994
1.0 0.9928999
1.0 0.49315506
1.0 0.9962637
1.0 0.9897754
1.0 0.8854018
1.0 0.6482494
1.0 0.87260497
1.0 0.9909559
1.0 0.9838688
1.0 0.22672051
1.0 0.99523085
1.0 0.99519914
0.0 0.16790234
0.0 0.69772416
1.0 0.9927408
1.0 0.99761665
1.0 0.8533152
1.0 0.99608994
1.0 0.99208355
1.0 0.99605006
1.0 0.48196796
1.0 0.9939195
0.0 0.09092799
1.0 0.9957338
1.0 0.8969513
1.0 0.99621516
1.0 0.99384767
1.0 0.9969643
0.0 0.06930142
1.0 0.99681205
1.0 0.575104
0.0 0.07772015
1.0 0.9446054
1.0 0.3964791
1.0 0.5262155
1.0 0.9959884
1.0 0.98533845
1.0 0.9975725
1.0 0.9973333
0.0 0.41240913
1.0 0.9895494
1.0 0.9828038
1.0 0.9962225
1.0 0.99644643
1.0 0.997177
1.0 0.94574857
1.0 0.9163345
1.0 0.9960163
1.0 0.8713426
0.0 0.65335476
1.0 0.898954
1.0 0.9955786
0.0 0.74658716
1.0 0.9962894
1.0 0.9890688
1.0 0.99120104
1.0 0.9734195
1.0 0.9961247
0.0 0.022508498
1.0 0.9974718
1.0 0.07093659
1.0 0.9976284
1.0 0.74873215
1.0 0.99387944
1.0 0.9680895
0.0 0.037155773
1.0 0.98999935
0.0 0.19476794
1.0 0.9973531
1.0 0.99439126
1.0 0.9945064
1.0 0.9966383
1.0 0.99748814
1.0 0.9793788
1.0 0.9532176
1.0 0.99649495
1.0 0.9965485
1.0 0.99705374
1.0 0.995014
1.0 0.994007
1.0 0.9476792
1.0 0.9947049
1.0 0.9975248
1.0 0.9940456
1.0 0.91462153
1.0 0.9948072
1.0 0.9844619
1.0 0.99353325
1.0 0.9944518
1.0 0.98032975
1.0 0.90922153
1.0 0.9930194
1.0 0.9961069
1.0 0.9400909
1.0 0.9969791
1.0 0.9931201
0.0 0.30736163
0.0 0.27825496
1.0 0.9911724
1.0 0.9975885
1.0 0.99682117
1.0 0.9973802
1.0 0.9946261
1.0 0.9963018
1.0 0.9414211
1.0 0.92722845
0.0 0.7295485
1.0 0.9976472
1.0 0.99339217
1.0 0.99738115
1.0 0.99373466
1.0 0.3804029
1.0 0.994038
1.0 0.9966839
1.0 0.95452446
0.0 0.35381317
1.0 0.9928999
1.0 0.9847119
1.0 0.9132397
1.0 0.49256247
1.0 0.99745005
1.0 0.99706084
1.0 0.9970202
0.0 0.42794585
1.0 0.99631613
0.0 0.6211423
0.0 0.49051002
1.0 0.9239775
0.0 0.20242423
0.0 0.18220663
0.0 0.53501207
1.0 0.9972843
1.0 0.94281447
1.0 0.9973615
0.0 0.7463176
1.0 0.996646
0.0 0.55473757
1.0 0.9915001
0.0 0.53526354
0.0 0.2932642
1.0 0.96635014
1.0 0.9745601
1.0 0.99738663
1.0 0.9975237
1.0 0.9816731
0.0 0.623138
1.0 0.996976
