true vs pred:
1.0 0.97793967
1.0 0.98754174
1.0 0.9780547
1.0 0.9945958
0.0 0.153379
1.0 0.9934622
1.0 0.99738663
1.0 0.9965209
1.0 0.9962388
1.0 0.686975
1.0 0.9616421
1.0 0.98638386
0.0 0.47726429
1.0 0.9954477
0.0 0.014009231
1.0 0.99657464
0.0 0.037075244
0.0 0.009864805
0.0 0.007154075
1.0 0.9666021
0.0 0.1815363
1.0 0.9929502
1.0 0.98151463
1.0 0.9950812
1.0 0.84132135
1.0 0.98704314
0.0 0.0075801965
1.0 0.99686027
1.0 0.96166474
1.0 0.9952277
1.0 0.95720047
1.0 0.9953714
1.0 0.99686617
1.0 0.51443756
1.0 0.99533325
1.0 0.9943251
1.0 0.7307431
1.0 0.54734665
0.0 0.024154924
1.0 0.99575293
1.0 0.9896082
0.0 0.803521
1.0 0.99468344
1.0 0.9796267
1.0 0.98151463
1.0 0.9944594
0.0 0.013434997
1.0 0.997031
1.0 0.9928514
1.0 0.99360365
1.0 0.99094725
1.0 0.9933431
1.0 0.99628687
0.0 0.19859262
0.0 0.11506782
1.0 0.9973003
1.0 0.99505734
0.0 0.28246883
0.0 0.110941455
0.0 0.0073488695
1.0 0.99258864
1.0 0.9513921
1.0 0.35082966
0.0 0.021668695
1.0 0.995187
1.0 0.99691844
1.0 0.6669427
1.0 0.9970925
1.0 0.8529942
1.0 0.996223
1.0 0.98194593
1.0 0.99666935
1.0 0.6187537
1.0 0.88334835
1.0 0.64983034
1.0 0.9934324
0.0 0.022349257
1.0 0.99750924
0.0 0.006619631
1.0 0.9682514
1.0 0.99730057
1.0 0.9967211
0.0 0.02948707
0.0 0.030400563
1.0 0.99519324
1.0 0.97885245
1.0 0.90706474
1.0 0.9943013
1.0 0.99706227
1.0 0.91783226
0.0 0.04596253
1.0 0.99363565
1.0 0.97181344
1.0 0.9970921
0.0 0.010172864
0.0 0.007220797
0.0 0.107828125
1.0 0.9959812
1.0 0.88648844
1.0 0.994503
1.0 0.9960044
1.0 0.996479
1.0 0.99556017
1.0 0.70739865
1.0 0.8441093
1.0 0.9796851
1.0 0.9972677
0.0 0.010037504
0.0 0.061239153
1.0 0.9972818
1.0 0.99107754
1.0 0.9928242
0.0 0.010762293
1.0 0.98863643
1.0 0.99137235
1.0 0.99438393
1.0 0.99613637
1.0 0.979862
1.0 0.9974522
1.0 0.99621636
1.0 0.9870679
1.0 0.9844508
1.0 0.9924414
1.0 0.99713147
1.0 0.9925184
0.0 0.009579217
1.0 0.99647695
1.0 0.98687136
0.0 0.19274263
1.0 0.83649117
1.0 0.89322686
1.0 0.996503
1.0 0.98735774
1.0 0.991042
0.0 0.020517154
1.0 0.95483506
0.0 0.042162564
0.0 0.028797502
1.0 0.9896597
0.0 0.026321547
1.0 0.9963999
0.0 0.027381461
0.0 0.009298967
1.0 0.9954477
1.0 0.996923
1.0 0.996789
1.0 0.9973465
1.0 0.99495393
1.0 0.70739865
1.0 0.9918166
1.0 0.9950395
1.0 0.99697936
1.0 0.98344004
1.0 0.9915633
1.0 0.9972596
1.0 0.9952619
1.0 0.9895606
0.0 0.034362715
0.0 0.013400355
1.0 0.99269754
1.0 0.99614406
0.0 0.02596888
0.0 0.036359236
1.0 0.9968347
1.0 0.9808009
1.0 0.99683505
0.0 0.015296531
1.0 0.77171576
1.0 0.99408555
1.0 0.99506676
0.0 0.015181676
1.0 0.9935673
1.0 0.99537873
1.0 0.9795267
0.0 0.21105693
0.0 0.014069236
1.0 0.99131423
0.0 0.006922813
1.0 0.91679627
1.0 0.92902696
0.0 0.022452878
1.0 0.9425608
1.0 0.99666154
1.0 0.9953133
0.0 0.18453813
1.0 0.9948691
1.0 0.97872674
1.0 0.9610225
1.0 0.97803473
0.0 0.52681255
1.0 0.95527273
1.0 0.99222344
1.0 0.99424946
1.0 0.997291
0.0 0.013227494
1.0 0.857843
1.0 0.99484813
0.0 0.45704606
0.0 0.029781256
1.0 0.8377133
0.0 0.030400563
1.0 0.99605906
1.0 0.99694616
0.0 0.007220797
1.0 0.985809
0.0 0.014775076
0.0 0.011283732
0.0 0.0073778005
1.0 0.9750768
1.0 0.98874503
1.0 0.9963192
0.0 0.016254114
0.0 0.026938416
1.0 0.9933617
0.0 0.044334404
0.0 0.013174387
0.0 0.92154634
1.0 0.8197524
1.0 0.9967955
1.0 0.9969367
0.0 0.045860097
1.0 0.8494831
1.0 0.9826994
0.0 0.11506782
1.0 0.46448848
1.0 0.98848677
1.0 0.99423414
1.0 0.9936274
0.0 0.0075801965
0.0 0.124174595
