true vs pred:
1.0 0.9937065
0.0 0.3066018
1.0 0.9995815
0.0 0.4965006
0.0 0.09335891
1.0 0.99962246
1.0 0.99784875
1.0 0.9444161
1.0 0.9998505
1.0 0.9995815
1.0 0.9996728
1.0 0.99962246
1.0 0.9980958
0.0 0.4965006
0.0 0.4841355
0.0 0.29233325
1.0 0.9939029
0.0 0.010596238
0.0 0.08505868
1.0 0.95189404
1.0 0.99921954
1.0 0.99976104
1.0 0.99976104
1.0 0.9998505
0.0 0.111722976
0.0 0.012649606
0.0 0.011589772
0.0 0.7880956
0.0 0.11139009
0.0 0.8006453
0.0 0.52313334
0.0 0.33218837
0.0 0.012649606
1.0 0.99912244
1.0 0.99984705
0.0 0.119250655
1.0 0.95189404
1.0 0.9874247
1.0 0.99784875
1.0 0.9995889
0.0 0.111722976
0.0 0.7880956
1.0 0.9995889
0.0 0.13005982
0.0 0.7761956
1.0 0.99964845
1.0 0.9899888
1.0 0.95189404
0.0 0.012118788
1.0 0.9977829
1.0 0.99968684
1.0 0.9996507
0.0 0.44392738
1.0 0.9992386
1.0 0.9932161
0.0 0.5036562
1.0 0.9525445
1.0 0.99370253
1.0 0.9996728
1.0 0.99912244
1.0 0.9978703
0.0 0.30564976
1.0 0.99281186
0.0 0.010596238
1.0 0.99920976
1.0 0.9996063
1.0 0.99984705
1.0 0.99920976
1.0 0.99923897
0.0 0.3066018
0.0 0.5507055
1.0 0.99984705
1.0 0.9525445
0.0 0.096763045
0.0 0.111722976
1.0 0.9991327
0.0 0.010774169
1.0 0.9995987
1.0 0.99240005
1.0 0.9939029
0.0 0.3066018
1.0 0.99085546
0.0 0.119250655
1.0 0.99969745
1.0 0.9997634
1.0 0.9998565
1.0 0.9978703
1.0 0.99984705
1.0 0.99976975
1.0 0.99085546
1.0 0.9996712
1.0 0.99920064
1.0 0.9997652
1.0 0.99923897
1.0 0.99967396
1.0 0.99085546
0.0 0.7960301
1.0 0.9467212
1.0 0.95733166
1.0 0.9604929
0.0 0.0123015335
1.0 0.9996451
1.0 0.9977852
1.0 0.9998498
0.0 0.010231471
1.0 0.999226
1.0 0.9977829
0.0 0.52313334
0.0 0.2530934
1.0 0.99970335
1.0 0.99240005
1.0 0.99240005
0.0 0.01045626
0.0 0.4841355
1.0 0.9996507
1.0 0.9932161
0.0 0.0123015335
1.0 0.9998505
1.0 0.99281186
0.0 0.08505868
1.0 0.9997414
0.0 0.096763045
0.0 0.7669771
1.0 0.9996712
1.0 0.99370253
1.0 0.9937065
0.0 0.4965006
1.0 0.98850876
0.0 0.52313334
0.0 0.29233325
1.0 0.99975985
0.0 0.13005982
1.0 0.9998591
1.0 0.9892813
0.0 0.5036562
1.0 0.9997652
1.0 0.999226
0.0 0.012649606
1.0 0.9941712
0.0 0.46981564
0.0 0.4781487
1.0 0.9975962
0.0 0.01045626
1.0 0.9998512
1.0 0.9992386
0.0 0.01045626
1.0 0.9932161
0.0 0.44392738
1.0 0.9995889
0.0 0.4781487
1.0 0.99402905
0.0 0.01045626
1.0 0.9996171
1.0 0.9604929
1.0 0.99912244
1.0 0.99225724
1.0 0.95733166
1.0 0.9997652
0.0 0.012530037
0.0 0.2619013
0.0 0.00988868
1.0 0.9599117
0.0 0.010231471
1.0 0.9992386
0.0 0.4965006
1.0 0.99984705
0.0 0.08505868
1.0 0.9570815
1.0 0.9939029
1.0 0.99225724
0.0 0.08505868
0.0 0.009985399
0.0 0.7933068
0.0 0.09335891
1.0 0.98940164
0.0 0.13005982
1.0 0.99962246
0.0 0.012118788
1.0 0.99967396
1.0 0.99370253
1.0 0.99225724
0.0 0.4781487
1.0 0.99968684
0.0 0.012649606
1.0 0.9892813
1.0 0.99970335
1.0 0.99977344
0.0 0.46981564
0.0 0.2619013
0.0 0.30564976
1.0 0.99977344
0.0 0.7761956
1.0 0.98850876
0.0 0.5036562
0.0 0.47803295
1.0 0.9996712
0.0 0.009985399
1.0 0.988367
0.0 0.37125042
1.0 0.9992619
0.0 0.111722976
1.0 0.99976104
1.0 0.99970335
0.0 0.5036562
0.0 0.014412947
1.0 0.9995815
1.0 0.9899888
1.0 0.9996728
0.0 0.44392738
1.0 0.999226
0.0 0.11139009
0.0 0.0123015335
1.0 0.9604929
1.0 0.9978703
0.0 0.7669771
0.0 0.0123015335
0.0 0.010912734
1.0 0.999668
1.0 0.99977344
0.0 0.012530037
0.0 0.30564976
0.0 0.012118788
1.0 0.9536583
1.0 0.99968076
0.0 0.79624283
0.0 0.8006453
1.0 0.99923897
0.0 0.010774169
1.0 0.98746103
1.0 0.98924434
0.0 0.2530934
1.0 0.99957603
0.0 0.47803295
0.0 0.009332381
0.0 0.096763045
1.0 0.9998565
0.0 0.009884222
1.0 0.98924434
1.0 0.99977344
1.0 0.98940164
1.0 0.9995987
0.0 0.08505868
1.0 0.99402905
0.0 0.30564976
1.0 0.9467212
0.0 0.111722976
0.0 0.013264746
0.0 0.119250655
1.0 0.99975985
1.0 0.99957603
1.0 0.9997414
1.0 0.9932161
1.0 0.99967396
1.0 0.95643115
1.0 0.99976665
0.0 0.7880956
0.0 0.009332381
1.0 0.9998512
1.0 0.9536583
0.0 0.5036562
1.0 0.9998512
1.0 0.99977344
0.0 0.4987767
1.0 0.99977344
0.0 0.5036562
1.0 0.9899888
1.0 0.9976921
1.0 0.99976104
1.0 0.99921954
0.0 0.2801094
1.0 0.99968684
0.0 0.01045626
0.0 0.2530934
1.0 0.9976921
0.0 0.10902309
1.0 0.99976975
0.0 0.7761956
1.0 0.99968076
1.0 0.9938753
1.0 0.9892813
0.0 0.013264746
1.0 0.9991327
1.0 0.9599117
0.0 0.010231471
1.0 0.99784875
1.0 0.999668
1.0 0.99984705
0.0 0.47803295
1.0 0.99920976
1.0 0.9536583
0.0 0.010912734
1.0 0.99923897
1.0 0.99975985
0.0 0.111722976
0.0 0.46981564
0.0 0.7761956
1.0 0.9939029
0.0 0.012530037
1.0 0.9992386
1.0 0.99921954
1.0 0.99920976
0.0 0.8006453
1.0 0.9980958
1.0 0.99964845
0.0 0.01045626
0.0 0.010774169
1.0 0.9998574
0.0 0.111722976
0.0 0.7669771
1.0 0.9995889
1.0 0.9536583
1.0 0.9604929
1.0 0.99923897
1.0 0.9996728
0.0 0.4965006
0.0 0.012649606
1.0 0.9996728
0.0 0.4987767
0.0 0.5036562
0.0 0.78689605
0.0 0.29233325
0.0 0.10902309
1.0 0.99967396
0.0 0.0123015335
1.0 0.9467212
1.0 0.99920064
1.0 0.99970335
1.0 0.99967396
0.0 0.30564976
1.0 0.9996712
1.0 0.9998512
1.0 0.9899888
1.0 0.98850876
0.0 0.46981564
1.0 0.99920064
0.0 0.29233325
1.0 0.9996159
0.0 0.8198235
1.0 0.99969745
0.0 0.5507055
0.0 0.7933068
0.0 0.0123015335
1.0 0.9997681
1.0 0.99976665
0.0 0.4987767
1.0 0.99281186
1.0 0.99984705
1.0 0.99225724
1.0 0.9998565
1.0 0.99923897
0.0 0.010231471
0.0 0.010596238
0.0 0.0123015335
1.0 0.95733166
1.0 0.988367
1.0 0.9525445
1.0 0.99402905
1.0 0.9996159
1.0 0.99920064
1.0 0.9996507
0.0 0.4987767
1.0 0.9525445
1.0 0.99976665
1.0 0.99240005
0.0 0.44392738
0.0 0.009884222
0.0 0.8006453
0.0 0.012659727
1.0 0.9980958
0.0 0.010993639
1.0 0.99779403
1.0 0.9992619
0.0 0.8198235
0.0 0.29233325
0.0 0.37125042
1.0 0.988367
1.0 0.9998498
1.0 0.99370253
1.0 0.9892813
1.0 0.9995889
1.0 0.99977344
1.0 0.99984705
1.0 0.9996063
1.0 0.9998574
1.0 0.9444161
1.0 0.9995889
1.0 0.9996451
1.0 0.999668
0.0 0.010596238
1.0 0.9899888
1.0 0.95189404
1.0 0.9570815
1.0 0.99921954
1.0 0.988367
1.0 0.99976665
1.0 0.9997634
0.0 0.111722976
0.0 0.010231471
1.0 0.9997681
1.0 0.988367
1.0 0.9599117
0.0 0.7880956
0.0 0.46981564
1.0 0.99370253
1.0 0.9995815
0.0 0.37125042
0.0 0.014412947
1.0 0.9976921
1.0 0.9604929
1.0 0.99969745
1.0 0.99983835
0.0 0.119250655
1.0 0.98850876
1.0 0.99977344
0.0 0.010774169
0.0 0.7761956
1.0 0.99976665
0.0 0.010596238
0.0 0.013264746
1.0 0.9892813
0.0 0.46981564
0.0 0.3229386
1.0 0.99968684
1.0 0.9996712
0.0 0.4841355
1.0 0.9980958
1.0 0.9996159
1.0 0.99281186
1.0 0.99779403
1.0 0.99402905
1.0 0.9996728
1.0 0.9536583
0.0 0.4781487
1.0 0.9996712
0.0 0.012649606
0.0 0.011940435
1.0 0.9938753
1.0 0.99968684
1.0 0.99784875
0.0 0.012530037
0.0 0.2619013
1.0 0.99784875
1.0 0.98924434
1.0 0.9998505
1.0 0.98940164
0.0 0.010231471
1.0 0.99920064
1.0 0.95189404
1.0 0.988367
0.0 0.33218837
0.0 0.46981564
1.0 0.99402905
1.0 0.9991327
0.0 0.011589772
0.0 0.01045626
1.0 0.9604929
1.0 0.9998591
0.0 0.78689605
1.0 0.99240005
1.0 0.99969745
1.0 0.99920064
1.0 0.9932161
1.0 0.9996712
1.0 0.9978703
0.0 0.37125042
1.0 0.99967396
1.0 0.9995889
1.0 0.99779403
0.0 0.7669771
1.0 0.999668
0.0 0.012118788
1.0 0.9998591
0.0 0.09335891
1.0 0.9599117
0.0 0.7880956
1.0 0.9874247
0.0 0.10902309
0.0 0.011940435
0.0 0.8006453
0.0 0.7669771
1.0 0.98931915
0.0 0.46981564
0.0 0.7933068
0.0 0.011940435
0.0 0.010774169
0.0 0.11807661
1.0 0.9997652
1.0 0.99920064
0.0 0.111722976
1.0 0.99402905
0.0 0.8087184
0.0 0.11139009
1.0 0.95643115
1.0 0.99969745
0.0 0.011940435
1.0 0.9998512
0.0 0.7669771
0.0 0.014412947
0.0 0.3066018
1.0 0.9998498
1.0 0.9996171
0.0 0.11807661
1.0 0.9996507
1.0 0.9536583
1.0 0.98931915
1.0 0.98940164
1.0 0.9995815
0.0 0.2530934
1.0 0.99976975
1.0 0.99240005
0.0 0.010912734
1.0 0.9939029
1.0 0.9996063
1.0 0.9938753
0.0 0.7669771
0.0 0.33218837
1.0 0.98931915
0.0 0.10902309
0.0 0.0123015335
1.0 0.9996159
