true vs pred:
0.0 0.010688638
0.0 0.010688638
0.0 0.0109346565
1.0 0.9950976
0.0 0.0006446347
1.0 0.9923959
0.0 0.0026579164
0.0 0.0063742474
0.0 0.005902151
0.0 0.035923164
0.0 0.00030625387
0.0 0.05999685
0.0 0.2801701
0.0 0.00090810756
0.0 0.89504856
0.0 0.89504856
1.0 0.99321246
0.0 0.060562305
0.0 0.00090810756
1.0 0.999821
0.0 0.0048406823
1.0 0.99935216
0.0 0.00017899809
0.0 0.00021575124
0.0 0.0019243585
1.0 0.9998053
1.0 0.9923959
1.0 0.99931026
1.0 0.9950976
0.0 0.0032368936
0.0 0.002541077
0.0 0.060562305
0.0 0.0030841774
0.0 0.00023380367
0.0 0.008357387
1.0 0.9998043
0.0 0.008357387
0.0 0.006739002
0.0 0.38822553
1.0 0.99931026
0.0 0.002404097
0.0 0.29687405
0.0 0.00014374261
0.0 0.00083210564
1.0 0.99931026
0.0 0.0001252853
0.0 0.011959695
0.0 0.00035954788
0.0 0.00023380367
0.0 0.00013711124
1.0 0.9992829
1.0 0.9998086
1.0 0.999821
1.0 0.9923959
0.0 0.91693294
0.0 0.00035343875
0.0 0.0063742474
0.0 0.0058503686
1.0 0.9950976
0.0 0.012820014
0.0 0.00017899809
0.0 0.010688638
1.0 0.99920624
0.0 0.00019576876
1.0 0.99920624
0.0 0.24519335
0.0 0.007596176
0.0 0.004142021
0.0 0.04188595
1.0 0.99935216
0.0 0.91693294
0.0 0.00021620572
1.0 0.99334186
1.0 0.9913073
1.0 0.99935216
0.0 0.0034737973
0.0 0.00021316705
0.0 0.0001794537
0.0 0.00017628499
0.0 0.04188595
1.0 0.9991208
0.0 0.008019467
1.0 0.99399734
0.0 0.0024560601
0.0 0.0016729914
0.0 0.00013783957
0.0 0.00017412078
1.0 0.99358565
0.0 0.0027417147
1.0 0.99976176
0.0 0.0024560601
0.0 0.00015510374
0.0 0.0006446347
0.0 0.0002607703
1.0 0.99981743
0.0 0.003286341
0.0 0.045259118
0.0 0.012820014
0.0 0.00019570792
0.0 0.008410023
0.0 0.0002607703
0.0 0.0006417252
0.0 0.002404097
1.0 0.9992423
0.0 0.00016400129
0.0 0.00037427896
0.0 0.89504856
0.0 0.00013783957
0.0 0.0009375232
0.0 0.0016729914
0.0 0.04188595
0.0 0.00030625387
1.0 0.9993204
0.0 0.31090987
0.0 0.2801701
0.0 0.00040844883
0.0 0.34118462
0.0 0.0058503686
1.0 0.99235135
0.0 0.012820014
0.0 0.0028053096
0.0 0.29687405
0.0 0.00020719109
0.0 0.0006446347
0.0 0.2801701
0.0 0.00030625387
1.0 0.9993204
0.0 0.053309917
0.0 0.0009375232
1.0 0.9950976
0.0 0.0010603656
0.0 0.24519335
0.0 0.92642164
0.0 0.08764679
0.0 0.00011110124
1.0 0.99982053
0.0 0.005902151
0.0 0.00017412078
0.0 0.31090987
0.0 0.005902151
1.0 0.9950976
1.0 0.99982053
0.0 0.0023820866
0.0 0.060065746
0.0 0.9542561
0.0 0.053309917
0.0 0.005902151
1.0 0.99321246
0.0 0.29687405
0.0 0.00029571145
0.0 0.008357387
0.0 0.00018838172
0.0 0.035923164
0.0 0.002541077
1.0 0.9913073
1.0 0.99920624
1.0 0.9950976
0.0 0.00021316705
1.0 0.9992829
0.0 0.0028053096
0.0 0.003908102
0.0 0.00017628499
0.0 0.0019243585
0.0 0.0025704866
1.0 0.9919769
0.0 0.006764732
0.0 0.007820431
0.0 0.91693294
1.0 0.99358565
0.0 0.0016729914
0.0 0.00014374261
0.0 0.00014374261
1.0 0.9992829
0.0 0.00023380367
1.0 0.999313
0.0 0.00013522274
0.0 0.006739002
0.0 0.00013522274
0.0 0.00019576876
1.0 0.9997731
0.0 0.011959695
1.0 0.9991208
0.0 0.00020719109
0.0 0.9444705
0.0 0.08764679
0.0 0.00021316705
0.0 0.0019243585
0.0 0.010688638
0.0 0.89504856
0.0 0.00017412078
0.0 0.29139784
0.0 0.0001578516
0.0 0.29687405
0.0 0.0009659523
0.0 0.92642164
0.0 0.0009375232
0.0 0.00013783957
0.0 0.9002591
0.0 0.0058503686
0.0 0.00089098286
0.0 0.007310795
0.0 0.002404097
0.0 0.00036880843
0.0 0.0048406823
0.0 0.08764679
0.0 0.91693294
0.0 0.0034737973
0.0 0.00030625387
0.0 0.00018838172
0.0 0.00090810756
1.0 0.9913073
0.0 0.00021620572
0.0 0.00011110124
1.0 0.9998043
0.0 0.006739002
1.0 0.9923959
0.0 0.00019281896
0.0 0.003248887
0.0 0.0058503686
0.0 0.053309917
0.0 0.00011110124
0.0 0.0027417147
1.0 0.99976367
1.0 0.9923959
1.0 0.9992113
1.0 0.9997731
0.0 0.00014685959
0.0 0.004363513
0.0 0.0009375232
0.0 0.94431543
0.0 0.0001252853
1.0 0.9997731
0.0 0.00035343875
0.0 0.00014685959
0.0 0.9002591
0.0 0.89504856
0.0 0.00422171
0.0 0.0016729914
0.0 0.29037306
0.0 0.9542561
1.0 0.99976176
0.0 0.000113766866
0.0 0.08764679
0.0 0.007596176
0.0 0.00013711124
0.0 0.008357387
0.0 0.38822553
1.0 0.999821
0.0 0.00029571145
0.0 0.0010603656
0.0 0.00013711124
0.0 0.000872082
0.0 0.048237856
0.0 0.000113766866
0.0 0.048237856
1.0 0.9945456
0.0 0.0006417252
0.0 0.94158846
0.0 0.00017628499
1.0 0.9992113
0.0 0.00013783957
1.0 0.99321246
0.0 0.29139784
0.0 0.0007956754
0.0 0.00012962997
0.0 0.004363513
0.0 0.0064874277
0.0 0.0016729914
0.0 0.0048406823
0.0 0.00036880843
0.0 0.29139784
0.0 0.00013783957
0.0 0.00017899809
1.0 0.99334186
0.0 0.00019576876
0.0 0.00012757925
0.0 0.00017899809
0.0 0.006739002
1.0 0.99982053
0.0 0.00015319108
0.0 0.0007956754
0.0 0.043002337
0.0 0.0001578516
0.0 0.94680315
0.0 0.003908102
1.0 0.9993204
0.0 0.0019243585
0.0 0.0007956754
0.0 0.008410023
1.0 0.9945456
0.0 0.00014685959
0.0 0.04188595
0.0 0.00020719109
0.0 0.00012757925
0.0 0.012820014
0.0 0.045259118
1.0 0.99931026
0.0 0.004142021
0.0 0.035923164
0.0 0.00021575124
0.0 0.000872082
0.0 0.05999685
0.0 0.94680315
0.0 0.0016729914
1.0 0.999313
0.0 0.04188595
0.0 0.0006446347
0.0 0.0034737973
0.0 0.00014685959
0.0 0.00036987424
1.0 0.99981743
0.0 0.0109346565
0.0 0.9002591
0.0 0.008019467
0.0 0.08764679
1.0 0.99935216
0.0 0.00031459477
0.0 0.012820014
0.0 0.011959695
0.0 0.9386249
0.0 0.9444705
1.0 0.999821
0.0 0.007820431
0.0 0.0001794537
0.0 0.00422171
0.0 0.002404097
0.0 0.00083210564
1.0 0.99982053
1.0 0.9998086
0.0 0.94158846
0.0 0.31090987
0.0 0.0032368936
1.0 0.999313
0.0 0.00012962997
0.0 0.2801701
0.0 0.0023349572
1.0 0.99976367
0.0 0.9002591
0.0 0.00011110124
0.0 0.00089098286
0.0 0.38822553
1.0 0.9992113
0.0 0.04188595
0.0 0.00036987424
1.0 0.9992829
0.0 0.0001794537
0.0 0.00035954788
0.0 0.00017899809
0.0 0.0009375232
1.0 0.9991208
0.0 0.34118462
0.0 0.0032368936
0.0 0.00031459477
1.0 0.9945456
0.0 0.060065746
0.0 0.000872082
0.0 0.0001794537
0.0 0.010688638
0.0 0.27021268
0.0 0.00031459477
0.0 0.35349885
0.0 0.94680315
0.0 0.002404097
0.0 0.045259118
0.0 0.053309917
0.0 0.00029571145
0.0 0.048237856
1.0 0.9945456
0.0 0.00083210564
1.0 0.99935216
0.0 0.00083210564
0.0 0.0030841774
0.0 0.29687405
0.0 0.00019570792
0.0 0.0024560601
0.0 0.00019576876
0.0 0.00014685959
0.0 0.006739002
1.0 0.9945456
0.0 0.00089098286
0.0 0.29139784
0.0 0.0001252853
0.0 0.08764679
1.0 0.9919769
0.0 0.00031489215
0.0 0.00021316705
0.0 0.00017412078
0.0 0.0001578516
0.0 0.000872082
0.0 0.00035954788
0.0 0.00019570792
0.0 0.00016400129
0.0 0.00021316705
0.0 0.00089098286
0.0 0.00035343875
0.0 0.00019570792
0.0 0.00031459477
0.0 0.38822553
0.0 0.008410023
0.0 0.0009375232
0.0 0.00021575124
0.0 0.035923164
0.0 0.007310795
0.0 0.0009659523
0.0 0.0019243585
1.0 0.99976367
0.0 0.007820431
0.0 0.0016729914
0.0 0.0025704866
0.0 0.035923164
0.0 0.2801701
0.0 0.0009659523
0.0 0.003908102
1.0 0.99920624
0.0 0.0006417252
0.0 0.00422171
0.0 0.00019281896
1.0 0.99920624
1.0 0.9998043
0.0 0.00014374261
0.0 0.00029571145
1.0 0.9993204
0.0 0.89504856
0.0 0.007820431
0.0 0.0001578516
1.0 0.9998086
0.0 0.000219945
0.0 0.008357387
0.0 0.00017899809
0.0 0.9542561
0.0 0.0006446347
0.0 0.0020887642
0.0 0.0001794537
0.0 0.00013522274
0.0 0.00017412078
0.0 0.00021575124
1.0 0.9997975
1.0 0.99358565
0.0 0.0019243585
0.0 0.0032368936
0.0 0.0030841774
0.0 0.00015510374
0.0 0.0002607703
0.0 0.00019570792
1.0 0.99358565
0.0 0.007310795
0.0 0.0009375232
0.0 0.94158846
1.0 0.999821
1.0 0.99358565
0.0 0.0009375232
0.0 0.0058503686
0.0 0.00422171
0.0 0.0016729914
1.0 0.9997731
0.0 0.00011110124
0.0 0.00083210564
0.0 0.0024560601
0.0 0.9002591
0.0 0.89504856
0.0 0.0063742474
0.0 0.0009375232
0.0 0.0064874277
0.0 0.011959695
0.0 0.006739002
1.0 0.9998043
0.0 0.00013522274
0.0 0.0048406823
1.0 0.9945456
0.0 0.002404097
0.0 0.29037306
1.0 0.9993204
1.0 0.9992423
0.0 0.00014374261
1.0 0.9992113
0.0 0.31090987
0.0 0.00020719109
0.0 0.00017628499
0.0 0.04188595
0.0 0.38822553
0.0 0.0024560601
1.0 0.99235135
1.0 0.9992423
1.0 0.99976176
1.0 0.9992423
0.0 0.000872082
0.0 0.9542561
0.0 0.010688638
0.0 0.29687405
0.0 0.0109346565
0.0 0.010688638
0.0 0.0109346565
0.0 0.00012757925
0.0 0.24519335
0.0 0.004142021
0.0 0.00013783957
0.0 0.27021268
0.0 0.9444705
0.0 0.005902151
0.0 0.008357387
1.0 0.99976176
1.0 0.9998086
0.0 0.0006417252
1.0 0.9923959
0.0 0.38822553
1.0 0.99358565
0.0 0.011481026
0.0 0.00021620572
0.0 0.012820014
0.0 0.91693294
0.0 0.00090810756
0.0 0.89504856
0.0 0.00013522274
1.0 0.99235135
1.0 0.9992829
0.0 0.060065746
0.0 0.00023380367
0.0 0.00031459477
0.0 0.00029571145
0.0 0.0032368936
