true vs pred:
1.0 0.99781513
1.0 0.9957968
1.0 0.99679023
1.0 0.9977048
1.0 0.9980317
1.0 0.996725
1.0 0.981658
1.0 0.9979373
1.0 0.997624
1.0 0.9978551
1.0 0.99767417
1.0 0.9928597
1.0 0.9864739
1.0 0.9954541
1.0 0.99812645
1.0 0.9928597
1.0 0.9440935
1.0 0.99791926
0.0 0.14864714
1.0 0.99715376
1.0 0.9661756
1.0 0.99772674
1.0 0.9950352
1.0 0.96431124
1.0 0.99720794
1.0 0.95152974
1.0 0.9978694
1.0 0.33254448
0.0 0.012042002
1.0 0.96951866
1.0 0.8586806
1.0 0.9981098
1.0 0.99279106
1.0 0.9979943
1.0 0.9954541
1.0 0.8645366
1.0 0.9933181
1.0 0.98871815
1.0 0.369891
1.0 0.99813855
1.0 0.9977773
1.0 0.99787784
1.0 0.93753314
0.0 0.14641108
1.0 0.99734575
1.0 0.9977889
1.0 0.8969567
0.0 0.095727555
1.0 0.96638864
1.0 0.9929951
1.0 0.99640095
1.0 0.85611635
1.0 0.99809307
1.0 0.99719197
1.0 0.99796367
1.0 0.92075837
1.0 0.9969055
0.0 0.0742729
0.0 0.3070299
1.0 0.9948207
0.0 0.062818624
0.0 0.48635194
1.0 0.87867635
1.0 0.99805343
1.0 0.9952539
1.0 0.9977799
0.0 0.9933119
1.0 0.997624
1.0 0.7738005
1.0 0.9969355
0.0 0.05537433
0.0 0.005064446
1.0 0.9927769
1.0 0.9929997
1.0 0.99798954
1.0 0.99812645
1.0 0.99460053
0.0 0.06485374
1.0 0.99796486
1.0 0.9978947
1.0 0.998047
1.0 0.9958359
1.0 0.9973941
0.0 0.0062149665
1.0 0.9975643
1.0 0.99809307
1.0 0.99681914
1.0 0.060918625
1.0 0.99174666
1.0 0.36206058
0.0 0.39531717
1.0 0.9968495
0.0 0.21450108
0.0 0.042918727
1.0 0.99494535
1.0 0.8389132
1.0 0.9945709
0.0 0.98314315
1.0 0.9979943
1.0 0.9978231
1.0 0.9928597
1.0 0.933592
1.0 0.99795854
0.0 0.06811086
1.0 0.17839366
1.0 0.9979785
0.0 0.10814602
1.0 0.99713683
1.0 0.99733907
1.0 0.9830777
0.0 0.073383525
1.0 0.99786407
1.0 0.9848082
1.0 0.99767226
1.0 0.15631919
1.0 0.966854
0.0 0.50136346
0.0 0.03035267
1.0 0.9950068
1.0 0.99813473
1.0 0.99804115
1.0 0.8869905
1.0 0.96955633
1.0 0.9978448
1.0 0.50282896
1.0 0.997804
0.0 0.07946032
1.0 0.15053296
1.0 0.99537706
1.0 0.99809223
0.0 0.20580027
1.0 0.9978947
1.0 0.99663854
1.0 0.9966987
1.0 0.9980786
0.0 0.02843071
0.0 0.005501259
1.0 0.9883984
1.0 0.99797577
1.0 0.99734664
1.0 0.9979931
1.0 0.9978417
1.0 0.9973074
1.0 0.9978198
1.0 0.9937563
0.0 0.43235147
1.0 0.9969459
1.0 0.99748814
1.0 0.9951238
1.0 0.99781656
1.0 0.97424996
1.0 0.99708885
1.0 0.9884405
1.0 0.9979528
1.0 0.7918725
1.0 0.9981115
1.0 0.9951834
1.0 0.99772125
0.0 0.007572664
1.0 0.99799144
1.0 0.99521446
1.0 0.9977324
1.0 0.8955896
1.0 0.9977562
1.0 0.9971649
1.0 0.93942523
1.0 0.9390342
1.0 0.9949469
1.0 0.99737585
1.0 0.99712497
1.0 0.994676
1.0 0.9956468
0.0 0.0075380644
0.0 0.022513824
0.0 0.0052294293
1.0 0.95682913
1.0 0.9948042
1.0 0.996231
1.0 0.9955569
1.0 0.8235311
1.0 0.9980716
1.0 0.8280104
1.0 0.9978886
1.0 0.9973475
1.0 0.9968233
1.0 0.99677473
1.0 0.9979081
1.0 0.9955657
1.0 0.97445303
1.0 0.4975786
1.0 0.9975762
0.0 0.07973515
0.0 0.29812375
1.0 0.9981312
1.0 0.99645764
1.0 0.9971928
1.0 0.9821697
1.0 0.96459156
1.0 0.9880866
0.0 0.4367528
1.0 0.99639696
1.0 0.979183
1.0 0.9951206
0.0 0.023821335
0.0 0.9418158
0.0 0.015399307
1.0 0.99797994
1.0 0.9979888
1.0 0.71233094
0.0 0.050045345
1.0 0.99802846
1.0 0.967155
1.0 0.9807957
1.0 0.99787354
1.0 0.9661324
0.0 0.31985652
1.0 0.8645366
1.0 0.95935965
1.0 0.13819204
1.0 0.994591
1.0 0.9956909
0.0 0.012624407
1.0 0.9977202
0.0 0.005649385
1.0 0.99797326
1.0 0.818419
0.0 0.03291527
1.0 0.59108824
1.0 0.9938321
1.0 0.9965932
