true vs pred:
1.0 0.9934275
0.0 0.110199764
0.0 0.018147584
1.0 0.99696666
1.0 0.993891
1.0 0.9928094
1.0 0.9961941
1.0 0.9839752
1.0 0.97169363
1.0 0.9926974
0.0 0.9811156
0.0 0.9894414
1.0 0.99777955
1.0 0.9941824
1.0 0.99217427
1.0 0.9964289
1.0 0.9945873
1.0 0.99826247
0.0 0.021315575
1.0 0.9960394
0.0 0.073269054
0.0 0.7803238
1.0 0.99736685
1.0 0.99622947
0.0 0.0355926
1.0 0.95278144
1.0 0.89132935
1.0 0.9970836
0.0 0.2063055
1.0 0.459871
1.0 0.984396
1.0 0.983788
0.0 0.9888609
1.0 0.99679
1.0 0.99539447
1.0 0.9957995
0.0 0.3927945
1.0 0.9968278
1.0 0.9962578
1.0 0.9950681
1.0 0.9926934
1.0 0.9143771
1.0 0.99373215
1.0 0.9926974
0.0 0.43020624
1.0 0.99694556
1.0 0.99774915
1.0 0.9918133
0.0 0.9902084
1.0 0.9960381
1.0 0.998154
1.0 0.9982869
1.0 0.99791354
1.0 0.948986
1.0 0.9882373
1.0 0.97248816
1.0 0.99423003
1.0 0.99627244
1.0 0.9982292
0.0 0.6284159
1.0 0.99692875
0.0 0.47457036
1.0 0.99660325
1.0 0.995856
1.0 0.9958397
1.0 0.998072
0.0 0.012906561
1.0 0.99720025
1.0 0.6028367
1.0 0.99501437
1.0 0.90887725
1.0 0.9982135
1.0 0.9957831
0.0 0.014634025
1.0 0.99794453
1.0 0.9980276
0.0 0.9734517
1.0 0.99533
1.0 0.9976441
1.0 0.99600416
1.0 0.49026382
1.0 0.99763167
1.0 0.99490017
1.0 0.9852689
1.0 0.9655945
1.0 0.9168651
1.0 0.9910527
1.0 0.98929274
1.0 0.07466026
1.0 0.9971064
1.0 0.99661404
0.0 0.07042508
0.0 0.5629467
1.0 0.9950401
1.0 0.9982535
1.0 0.9326715
1.0 0.9975368
1.0 0.9933687
1.0 0.99681526
1.0 0.5202783
1.0 0.99709487
0.0 0.05174038
1.0 0.9971457
1.0 0.93281424
1.0 0.99757993
1.0 0.9960699
1.0 0.9979912
0.0 0.074841626
1.0 0.998019
1.0 0.7866923
0.0 0.056787077
1.0 0.9744742
1.0 0.875275
1.0 0.94663715
1.0 0.99777764
1.0 0.9873144
1.0 0.99821967
1.0 0.998109
0.0 0.32159573
1.0 0.9902569
1.0 0.98785675
1.0 0.99777955
1.0 0.9977145
1.0 0.99812955
1.0 0.9856
1.0 0.90425116
1.0 0.99770844
1.0 0.86734116
0.0 0.7437772
1.0 0.9737936
1.0 0.9973085
0.0 0.7555708
1.0 0.99768746
1.0 0.9929651
1.0 0.99375844
1.0 0.9918903
1.0 0.99773693
0.0 0.021031544
1.0 0.99821043
0.0 0.03115884
1.0 0.9982622
1.0 0.8429646
1.0 0.9960174
1.0 0.98630434
0.0 0.019898059
1.0 0.99283797
1.0 0.105421074
1.0 0.9980698
1.0 0.99720025
1.0 0.9960824
1.0 0.99781966
1.0 0.99821043
1.0 0.9943341
1.0 0.9842435
1.0 0.9977629
1.0 0.99797505
1.0 0.99800485
1.0 0.99707305
1.0 0.99711454
1.0 0.97992826
1.0 0.99725527
1.0 0.9982046
1.0 0.99709487
1.0 0.94607526
1.0 0.9974632
1.0 0.9900883
1.0 0.99680185
1.0 0.9967811
1.0 0.98419744
1.0 0.9213274
1.0 0.99600416
1.0 0.99755824
1.0 0.97413087
1.0 0.9979863
1.0 0.9960394
0.0 0.1804621
1.0 0.23767953
1.0 0.99340546
1.0 0.99827075
1.0 0.9979791
1.0 0.9981133
1.0 0.99724954
1.0 0.9971221
1.0 0.98311126
1.0 0.93726104
0.0 0.7426929
1.0 0.99829215
1.0 0.99707913
1.0 0.99809486
1.0 0.99618065
1.0 0.14697835
1.0 0.9954845
1.0 0.99788827
1.0 0.9668684
0.0 0.20471518
1.0 0.9959461
1.0 0.98857427
1.0 0.964056
1.0 0.40208972
1.0 0.9981958
1.0 0.9978992
1.0 0.99809057
0.0 0.42293474
1.0 0.9976367
0.0 0.36927378
0.0 0.17967571
1.0 0.96250683
0.0 0.089477085
0.0 0.21989223
0.0 0.48522475
1.0 0.9981286
1.0 0.9547795
1.0 0.99806184
0.0 0.89809185
1.0 0.9979765
0.0 0.45625755
1.0 0.9958966
0.0 0.3125356
0.0 0.03843128
1.0 0.9887875
1.0 0.993269
1.0 0.998131
1.0 0.9982046
1.0 0.9913845
0.0 0.39850286
1.0 0.9980254
1.0 0.9979924
1.0 0.99813735
1.0 0.99426055
1.0 0.9958786
