true vs pred:
0.0 0.0010359575
0.0 0.11149058
0.0 0.0018612976
0.0 0.00085867103
0.0 0.0069708494
0.0 0.0011626009
0.0 0.0016163852
0.0 0.007389477
0.0 0.0016189682
0.0 0.00065709604
0.0 0.26407745
0.0 0.0069708494
0.0 0.04895365
0.0 0.007389477
0.0 0.0017622756
0.0 0.0011626009
0.0 0.0011136777
0.0 0.00092763326
0.0 0.0018659364
0.0 0.11149058
0.0 0.0014790354
0.0 0.00074001245
0.0 0.0032284467
0.0 0.09052217
0.0 0.09052217
0.0 0.26407745
0.0 0.0015784657
0.0 0.12500942
0.0 0.32921505
0.0 0.00097380485
0.0 0.0014168033
0.0 0.0010678433
0.0 0.0010822708
0.0 0.00093219755
0.0 0.12500942
0.0 0.0026452495
0.0 0.22665986
0.0 0.0014757336
0.0 0.00074001245
0.0 0.00087087846
0.0 0.0016189682
0.0 0.0071481103
0.0 0.0015784657
0.0 0.00097380485
0.0 0.0071481103
0.0 0.0015835403
0.0 0.0009959466
0.0 0.006230444
0.0 0.0008155191
0.0 0.00074001245
0.0 0.36357084
0.0 0.0017503434
0.0 0.04125444
0.0 0.051092677
0.0 0.001106164
0.0 0.0031191471
0.0 0.0019738644
0.0 0.0011602809
0.0 0.0006669845
0.0 0.0019060983
0.0 0.04895365
0.0 0.0026452495
0.0 0.0016441989
0.0 0.00086964865
0.0 0.0020424197
0.0 0.11149058
0.0 0.0028130717
0.0 0.0057829926
0.0 0.22665986
0.0 0.0028130717
0.0 0.0034092355
0.0 0.00085867103
0.0 0.0011236763
0.0 0.22665986
0.0 0.0006669845
0.0 0.0015875478
0.0 0.0015784657
0.0 0.0033297846
0.0 0.11193142
0.0 0.0076922136
0.0 0.0017429149
0.0 0.0018659364
0.0 0.00085867103
0.0 0.0007599566
0.0 0.0014757336
0.0 0.054145835
0.0 0.09236971
0.0 0.2573246
0.0 0.0016441989
0.0 0.22665986
0.0 0.12487753
0.0 0.0007599566
0.0 0.05444476
0.0 0.003364039
0.0 0.095889956
0.0 0.0034092355
0.0 0.05312934
0.0 0.0007599566
0.0 0.0010423275
0.0 0.000690453
0.0 0.000700641
0.0 0.00070888427
0.0 0.3670647
0.0 0.04302933
0.0 0.0014939855
0.0 0.25357044
0.0 0.17297557
0.0 0.0032206639
0.0 0.0017503434
0.0 0.0010822708
0.0 0.00087492156
0.0 0.04557472
0.0 0.0017429149
0.0 0.0017429149
0.0 0.118283324
0.0 0.0011136777
0.0 0.051092677
0.0 0.0019738644
0.0 0.3670647
0.0 0.26407745
0.0 0.0020424197
0.0 0.0014790354
0.0 0.07342037
0.0 0.0015875478
0.0 0.0009943187
0.0 0.05444476
0.0 0.0019060983
0.0 0.0018612976
0.0 0.0011626009
0.0 0.00078830984
0.0 0.0010822708
0.0 0.00092763326
0.0 0.09630645
0.0 0.0015835403
0.0 0.27280042
0.0 0.0007585895
0.0 0.0011602809
0.0 0.095889956
0.0 0.0032206639
0.0 0.12500942
0.0 0.001605463
0.0 0.0010843292
0.0 0.0010776833
0.0 0.0018806242
0.0 0.118283324
0.0 0.23162298
0.0 0.0031191471
0.0 0.118283324
0.0 0.0019738644
0.0 0.001106164
0.0 0.0071481103
0.0 0.0010776833
0.0 0.0018380693
0.0 0.118283324
0.0 0.0075720227
0.0 0.00070888427
0.0 0.0026452495
0.0 0.0017521522
0.0 0.000700641
0.0 0.095889956
0.0 0.13179949
0.0 0.0009841772
0.0 0.38667977
0.0 0.0006369708
0.0 0.17297557
0.0 0.0031191471
0.0 0.0011626009
0.0 0.22665986
0.0 0.0014790354
0.0 0.00068506127
0.0 0.0018659364
0.0 0.0017521522
0.0 0.0014790354
0.0 0.34429383
0.0 0.0010015997
0.0 0.0016163852
0.0 0.0008337827
0.0 0.0015835403
0.0 0.007389477
0.0 0.36357084
0.0 0.05312934
0.0 0.0019060983
0.0 0.0017521522
0.0 0.0010776833
0.0 0.04125444
0.0 0.12500942
0.0 0.0007585895
0.0 0.04557472
0.0 0.11574517
0.0 0.0010843292
0.0 0.0009841772
0.0 0.00086964865
0.0 0.11574517
0.0 0.0009959466
0.0 0.00078830984
0.0 0.0011602809
0.0 0.0011298567
0.0 0.05444476
0.0 0.34429383
0.0 0.0008453405
0.0 0.00097217376
0.0 0.003678535
0.0 0.0015784657
0.0 0.09052217
0.0 0.04557472
0.0 0.0011602809
0.0 0.13466294
0.0 0.0069708494
0.0 0.0008155191
0.0 0.04895365
0.0 0.001106164
0.0 0.0032206639
0.0 0.0014168033
0.0 0.3670647
0.0 0.00070888427
0.0 0.0016441989
0.0 0.0009943187
0.0 0.3670647
0.0 0.39705682
0.0 0.047774047
0.0 0.11574517
0.0 0.13179949
0.0 0.00086964865
0.0 0.36357084
0.0 0.00071475335
0.0 0.041332625
0.0 0.0011988225
0.0 0.0010678433
0.0 0.0034092355
0.0 0.11193142
0.0 0.0009556395
0.0 0.0007536225
0.0 0.00087492156
0.0 0.005385071
0.0 0.0011298567
0.0 0.36972514
0.0 0.0015875478
0.0 0.2573246
0.0 0.31506512
0.0 0.0007536225
0.0 0.11574517
0.0 0.0008337827
0.0 0.0076922136
0.0 0.0014790354
0.0 0.0018380693
0.0 0.00086964865
0.0 0.000690453
0.0 0.0015784657
0.0 0.35899842
0.0 0.0014757336
0.0 0.09630645
0.0 0.005385071
0.0 0.07342037
0.0 0.0019738644
0.0 0.05312934
0.0 0.00072468485
0.0 0.07737965
0.0 0.00097380485
0.0 0.36972514
0.0 0.23162298
0.0 0.00071475335
0.0 0.0011602809
0.0 0.23162298
0.0 0.11574517
0.0 0.0011024552
0.0 0.11574517
0.0 0.0011602809
0.0 0.0008155191
0.0 0.0017047728
0.0 0.09052217
0.0 0.0032284467
0.0 0.00092615845
0.0 0.04125444
0.0 0.118283324
0.0 0.00087492156
0.0 0.0017047728
0.0 0.0016929198
0.0 0.12487753
0.0 0.0009959466
0.0 0.041332625
0.0 0.0020034565
0.0 0.0007585895
0.0 0.35899842
0.0 0.0033297846
0.0 0.0006369708
0.0 0.17297557
0.0 0.0016189682
0.0 0.047774047
0.0 0.22665986
0.0 0.0011298567
0.0 0.0028130717
0.0 0.00071475335
0.0 0.39705682
0.0 0.0034092355
0.0 0.09630645
0.0 0.0015784657
0.0 0.0010843292
0.0 0.0009959466
0.0 0.0018659364
0.0 0.13179949
0.0 0.0031191471
0.0 0.0032284467
0.0 0.0028130717
0.0 0.0010678433
0.0 0.0017622756
0.0 0.006230444
0.0 0.118283324
0.0 0.11193142
0.0 0.27499384
0.0 0.0015784657
0.0 0.0009943187
0.0 0.0071481103
0.0 0.00071475335
0.0 0.00070888427
0.0 0.0034092355
0.0 0.04895365
0.0 0.0011626009
0.0 0.12500942
0.0 0.04895365
0.0 0.0011024552
0.0 0.0011602809
0.0 0.001037862
0.0 0.00092763326
0.0 0.0016929198
0.0 0.05312934
0.0 0.3670647
0.0 0.000690453
0.0 0.003364039
0.0 0.04557472
0.0 0.05312934
0.0 0.00086964865
0.0 0.05444476
0.0 0.23162298
0.0 0.0008155191
0.0 0.00078830984
0.0 0.0010843292
0.0 0.003364039
0.0 0.00092763326
0.0 0.006425225
0.0 0.0010271618
0.0 0.054145835
0.0 0.0011236763
0.0 0.0010015997
0.0 0.3670647
0.0 0.08487943
0.0 0.07737965
0.0 0.0011024552
0.0 0.0020424197
0.0 0.22665986
0.0 0.0017521522
0.0 0.2573246
0.0 0.0034092355
0.0 0.17297557
0.0 0.11149058
0.0 0.3670647
0.0 0.000700641
0.0 0.0008453405
0.0 0.0006669845
0.0 0.0018380693
0.0 0.006425225
0.0 0.003364039
0.0 0.051092677
0.0 0.0011024552
0.0 0.0006669845
0.0 0.07737965
0.0 0.0017429149
0.0 0.001106164
0.0 0.31506512
0.0 0.0010678433
0.0 0.11676473
0.0 0.0017622756
0.0 0.12980331
0.0 0.0017173331
0.0 0.003678535
0.0 0.0010271618
0.0 0.00092763326
0.0 0.00097217376
0.0 0.0008453405
0.0 0.25357044
0.0 0.0019060983
0.0 0.0007585895
0.0 0.0071481103
0.0 0.11574517
0.0 0.22665986
0.0 0.0057829926
0.0 0.27499384
0.0 0.00065709604
0.0 0.0071481103
0.0 0.04302933
0.0 0.047774047
0.0 0.11149058
0.0 0.0008155191
0.0 0.00074001245
0.0 0.00068506127
0.0 0.0032284467
0.0 0.0008453405
0.0 0.07737965
0.0 0.09236971
0.0 0.0015784657
0.0 0.17297557
0.0 0.08487943
0.0 0.0008453405
0.0 0.0006369708
0.0 0.00097380485
0.0 0.0010843292
0.0 0.0019060983
0.0 0.0069708494
0.0 0.00097217376
0.0 0.13466294
0.0 0.0017047728
0.0 0.00070888427
0.0 0.054145835
0.0 0.23429023
0.0 0.0014757336
0.0 0.00078830984
0.0 0.11574517
0.0 0.11193142
0.0 0.0009959466
0.0 0.07737965
0.0 0.11149058
0.0 0.35899842
0.0 0.0007585895
0.0 0.0010843292
0.0 0.00095968886
0.0 0.04125444
0.0 0.05444476
0.0 0.0011136777
0.0 0.0017622756
0.0 0.006425225
0.0 0.0020424197
0.0 0.0017173331
0.0 0.0018380693
0.0 0.04895365
0.0 0.00071475335
0.0 0.0010776833
0.0 0.05444476
0.0 0.12500942
0.0 0.1564851
0.0 0.0020034565
0.0 0.04125444
0.0 0.0016189682
0.0 0.13179949
0.0 0.0009841772
0.0 0.0016189682
0.0 0.0007536225
0.0 0.26407745
0.0 0.0008337827
0.0 0.17297557
0.0 0.003364039
0.0 0.00074001245
0.0 0.0008453405
0.0 0.00093219755
0.0 0.0010843292
0.0 0.0018380693
0.0 0.0033297846
0.0 0.32921505
0.0 0.118283324
0.0 0.00070888427
0.0 0.27280042
0.0 0.001037862
0.0 0.0017429149
0.0 0.054145835
0.0 0.003364039
0.0 0.0019738644
0.0 0.05444476
0.0 0.0016441989
0.0 0.00097217376
0.0 0.05312934
0.0 0.0071481103
0.0 0.0017173331
0.0 0.0009943187
0.0 0.047774047
0.0 0.36357084
0.0 0.27280042
0.0 0.0016163852
0.0 0.0006369708
0.0 0.00097380485
0.0 0.00087087846
0.0 0.0016929198
0.0 0.1564851
0.0 0.0010678433
0.0 0.0009943187
0.0 0.00083836436
0.0 0.0010843292
0.0 0.0010015997
0.0 0.1564851
0.0 0.11193142
0.0 0.0013657719
0.0 0.095889956
0.0 0.003364039
0.0 0.0015784657
0.0 0.0018380693
0.0 0.0010359575
0.0 0.0014168033
0.0 0.00072468485
0.0 0.054145835
0.0 0.1564851
0.0 0.23162298
0.0 0.0009943187
0.0 0.13466294
0.0 0.00085867103
0.0 0.25357044
0.0 0.0075720227
0.0 0.0013657719
0.0 0.051092677
0.0 0.00071475335
0.0 0.00083836436
0.0 0.0008337827
0.0 0.0069708494
0.0 0.00087492156
0.0 0.12487753
0.0 0.0017429149
0.0 0.39705682
0.0 0.0018659364
0.0 0.0057829926
0.0 0.0020034565
0.0 0.0009943187
0.0 0.00093219755
0.0 0.00083836436
0.0 0.0016929198
