true vs pred:
1.0 0.8051664
1.0 0.99929416
1.0 0.6102922
1.0 0.99913305
1.0 0.99884975
1.0 0.99923575
1.0 0.99923444
1.0 0.9992455
1.0 0.99886286
1.0 0.9992675
1.0 0.9970095
1.0 0.7959142
1.0 0.99886405
1.0 0.9929334
1.0 0.99926287
1.0 0.9953667
1.0 0.98177344
1.0 0.99929416
1.0 0.9990262
1.0 0.9983193
1.0 0.99934524
1.0 0.99926287
1.0 0.9992273
1.0 0.99929416
1.0 0.999049
1.0 0.9953667
1.0 0.995891
1.0 0.9943516
1.0 0.9988475
1.0 0.7959142
1.0 0.9790011
1.0 0.9981173
1.0 0.9991652
1.0 0.9992397
1.0 0.9992397
1.0 0.99934524
1.0 0.980589
1.0 0.7945276
1.0 0.52971524
1.0 0.997531
1.0 0.98176193
1.0 0.9971928
1.0 0.99545693
1.0 0.99269485
1.0 0.7945276
1.0 0.9991468
1.0 0.9993523
1.0 0.984171
1.0 0.9981173
1.0 0.9989095
1.0 0.9990262
1.0 0.9992719
1.0 0.980589
1.0 0.997531
1.0 0.9992719
1.0 0.9792107
1.0 0.9973628
1.0 0.9993135
1.0 0.99892044
1.0 0.9981173
1.0 0.56654876
1.0 0.999033
1.0 0.99925846
1.0 0.9991986
1.0 0.9953275
1.0 0.99917835
1.0 0.99888355
1.0 0.9958538
1.0 0.998187
1.0 0.99891293
1.0 0.9992273
1.0 0.9991468
1.0 0.9990392
1.0 0.9942093
1.0 0.9987941
1.0 0.7959142
1.0 0.99919254
1.0 0.9993037
1.0 0.9993523
1.0 0.99919254
1.0 0.9991756
1.0 0.9929334
1.0 0.9953635
1.0 0.9993523
1.0 0.998187
1.0 0.9790354
1.0 0.980589
1.0 0.99913305
1.0 0.777772
1.0 0.9992693
1.0 0.99886346
1.0 0.9988475
1.0 0.9929334
1.0 0.99896026
1.0 0.984171
1.0 0.99923587
1.0 0.9992531
1.0 0.99936765
1.0 0.9990392
1.0 0.9993523
1.0 0.99922764
1.0 0.99896026
1.0 0.9992028
1.0 0.99915624
1.0 0.9992536
1.0 0.9991756
1.0 0.9992187
1.0 0.99896026
1.0 0.99705124
1.0 0.9984366
1.0 0.998304
1.0 0.9982645
1.0 0.5599024
1.0 0.9992187
1.0 0.9990362
1.0 0.9993388
1.0 0.8051664
1.0 0.99916446
1.0 0.999033
1.0 0.99545693
1.0 0.9926979
1.0 0.9992675
1.0 0.99886346
1.0 0.99886346
1.0 0.83693933
1.0 0.995891
1.0 0.9991986
1.0 0.99888355
1.0 0.5599024
1.0 0.99934524
1.0 0.9987941
1.0 0.9790011
1.0 0.99923444
1.0 0.9790354
1.0 0.997182
1.0 0.9992028
1.0 0.99891293
1.0 0.99886405
1.0 0.9953667
1.0 0.99895716
1.0 0.99545693
1.0 0.9943516
1.0 0.9992455
1.0 0.9792107
1.0 0.9993567
1.0 0.9989416
1.0 0.9958538
1.0 0.9992536
1.0 0.99916446
1.0 0.7945276
1.0 0.99889106
1.0 0.9948435
1.0 0.9947129
1.0 0.99900275
1.0 0.83693933
1.0 0.99935335
1.0 0.99917835
1.0 0.83693933
1.0 0.99888355
1.0 0.9953275
1.0 0.9992719
1.0 0.9947129
1.0 0.99886286
1.0 0.83693933
1.0 0.9992767
1.0 0.9982645
1.0 0.9991468
1.0 0.9988714
1.0 0.998304
1.0 0.9992536
1.0 0.8049063
1.0 0.99386495
1.0 0.50094354
1.0 0.9985215
1.0 0.8051664
1.0 0.99917835
1.0 0.9953667
1.0 0.9993523
1.0 0.9790011
1.0 0.998401
1.0 0.9988475
1.0 0.9988714
1.0 0.9790011
1.0 0.59799045
1.0 0.99723935
1.0 0.98177344
1.0 0.9989122
1.0 0.9792107
1.0 0.99929416
1.0 0.56654876
1.0 0.9992187
1.0 0.99891293
1.0 0.9988714
1.0 0.9947129
1.0 0.99925846
1.0 0.7945276
1.0 0.9989416
1.0 0.9992675
1.0 0.99926263
1.0 0.9948435
1.0 0.99386495
1.0 0.9942093
1.0 0.99926263
1.0 0.9973628
1.0 0.99895716
1.0 0.9958538
1.0 0.9955445
1.0 0.9992028
1.0 0.59799045
1.0 0.9988587
1.0 0.9933515
1.0 0.9991769
1.0 0.980589
1.0 0.9992397
1.0 0.9992675
1.0 0.9958538
1.0 0.77838176
1.0 0.99926287
1.0 0.99892044
1.0 0.9992273
1.0 0.9953275
1.0 0.99916446
1.0 0.98176193
1.0 0.5599024
1.0 0.9982645
1.0 0.9990392
1.0 0.997182
1.0 0.5599024
1.0 0.53748196
1.0 0.99923575
1.0 0.99926263
1.0 0.8049063
1.0 0.9942093
1.0 0.56654876
1.0 0.99825186
1.0 0.99925524
1.0 0.997332
1.0 0.9971928
1.0 0.9991756
1.0 0.777772
1.0 0.99879754
1.0 0.9989033
1.0 0.9926979
1.0 0.99928766
1.0 0.9955445
1.0 0.538837
1.0 0.9790354
1.0 0.99936765
1.0 0.6102922
1.0 0.9989033
1.0 0.99926263
1.0 0.9989122
1.0 0.9992693
1.0 0.9790011
1.0 0.99886286
1.0 0.9942093
1.0 0.9984366
1.0 0.980589
1.0 0.5412734
1.0 0.984171
1.0 0.9992455
1.0 0.99928766
1.0 0.99923444
1.0 0.99888355
1.0 0.9992187
1.0 0.9984182
1.0 0.9992606
1.0 0.997531
1.0 0.538837
1.0 0.99935335
1.0 0.99825186
1.0 0.9958538
1.0 0.99935335
1.0 0.99926263
1.0 0.99535394
1.0 0.99926263
1.0 0.9958538
1.0 0.99892044
1.0 0.99900264
1.0 0.9992397
1.0 0.9991652
1.0 0.9938228
1.0 0.99925846
1.0 0.83693933
1.0 0.9926979
1.0 0.99900264
1.0 0.98429084
1.0 0.99922764
1.0 0.9973628
1.0 0.99925524
1.0 0.99884975
1.0 0.9989416
1.0 0.5412734
1.0 0.99913305
1.0 0.9985215
1.0 0.8051664
1.0 0.9990262
1.0 0.99923575
1.0 0.9993523
1.0 0.9955445
1.0 0.99919254
1.0 0.99825186
1.0 0.53748196
1.0 0.9991756
1.0 0.9992455
1.0 0.980589
1.0 0.9948435
1.0 0.9973628
1.0 0.9988475
1.0 0.8049063
1.0 0.99917835
1.0 0.9991652
1.0 0.99919254
1.0 0.9971928
1.0 0.999049
1.0 0.9993135
1.0 0.83693933
1.0 0.777772
1.0 0.99935156
1.0 0.980589
1.0 0.997182
1.0 0.9992719
1.0 0.99825186
1.0 0.9982645
1.0 0.9991756
1.0 0.9992273
1.0 0.9953667
1.0 0.7945276
1.0 0.9992273
1.0 0.99535394
1.0 0.9958538
1.0 0.9975738
1.0 0.9943516
1.0 0.98429084
1.0 0.9992187
1.0 0.5599024
1.0 0.9984366
1.0 0.99915624
1.0 0.9992675
1.0 0.9992187
1.0 0.9942093
1.0 0.9992028
1.0 0.99935335
1.0 0.99892044
1.0 0.99895716
1.0 0.9948435
1.0 0.99915624
1.0 0.9943516
1.0 0.99929464
1.0 0.99704677
1.0 0.99923587
1.0 0.9953635
1.0 0.99723935
1.0 0.5599024
1.0 0.9992514
1.0 0.9992606
1.0 0.99535394
1.0 0.9987941
1.0 0.9993523
1.0 0.9988714
1.0 0.99936765
1.0 0.9991756
1.0 0.8051664
1.0 0.7959142
1.0 0.5599024
1.0 0.998304
1.0 0.9988587
1.0 0.998187
1.0 0.99886286
1.0 0.99929464
1.0 0.99915624
1.0 0.9991986
1.0 0.99535394
1.0 0.998187
1.0 0.9992606
1.0 0.99886346
1.0 0.9953275
1.0 0.6102922
1.0 0.9971928
1.0 0.80348474
1.0 0.999049
1.0 0.8175162
1.0 0.9990658
1.0 0.9991769
1.0 0.99704677
1.0 0.9943516
1.0 0.9933515
1.0 0.9988587
1.0 0.9993388
1.0 0.99891293
1.0 0.9989416
1.0 0.9992719
1.0 0.99926263
1.0 0.9993523
1.0 0.9993037
1.0 0.99935156
1.0 0.9983193
1.0 0.9992719
1.0 0.9992187
1.0 0.99923575
1.0 0.7959142
1.0 0.99892044
1.0 0.9981173
1.0 0.998401
1.0 0.9991652
1.0 0.9988587
1.0 0.9992606
1.0 0.9992531
1.0 0.980589
1.0 0.8051664
1.0 0.9992514
1.0 0.9988587
1.0 0.9985215
1.0 0.997531
1.0 0.9948435
1.0 0.99891293
1.0 0.99926287
1.0 0.9933515
1.0 0.77838176
1.0 0.99900264
1.0 0.9982645
1.0 0.99923587
1.0 0.99932516
1.0 0.984171
1.0 0.99895716
1.0 0.99926263
1.0 0.777772
1.0 0.9973628
1.0 0.9992606
1.0 0.7959142
1.0 0.5412734
1.0 0.9989416
1.0 0.9948435
1.0 0.99261814
1.0 0.99925846
1.0 0.9992028
1.0 0.995891
1.0 0.999049
1.0 0.99929464
1.0 0.9987941
1.0 0.9990658
1.0 0.99886286
1.0 0.9992273
1.0 0.99825186
1.0 0.9947129
1.0 0.9992028
1.0 0.7945276
1.0 0.8412585
1.0 0.99884975
1.0 0.99925846
1.0 0.9990262
1.0 0.8049063
1.0 0.99386495
1.0 0.9990262
1.0 0.9989033
1.0 0.99934524
1.0 0.9989122
1.0 0.8051664
1.0 0.99915624
1.0 0.9981173
1.0 0.9988587
1.0 0.99269485
1.0 0.9948435
1.0 0.99886286
1.0 0.99913305
1.0 0.52971524
1.0 0.83693933
1.0 0.9982645
1.0 0.9993567
1.0 0.9975738
1.0 0.99886346
1.0 0.99923587
1.0 0.99915624
1.0 0.99888355
1.0 0.9992028
1.0 0.9990392
1.0 0.9933515
1.0 0.9992187
1.0 0.9992719
1.0 0.9990658
1.0 0.997182
1.0 0.99923575
1.0 0.56654876
1.0 0.9993567
1.0 0.98177344
1.0 0.9985215
1.0 0.997531
1.0 0.9989095
1.0 0.98429084
1.0 0.8412585
1.0 0.9971928
1.0 0.997182
1.0 0.9988914
1.0 0.9948435
1.0 0.99723935
1.0 0.8412585
1.0 0.777772
1.0 0.9807207
1.0 0.9992536
1.0 0.99915624
1.0 0.980589
1.0 0.99886286
1.0 0.9970095
1.0 0.98176193
1.0 0.9984182
1.0 0.99923587
1.0 0.8412585
1.0 0.99935335
1.0 0.997182
1.0 0.77838176
1.0 0.9929334
1.0 0.9993388
1.0 0.9992767
1.0 0.9807207
1.0 0.9991986
1.0 0.99825186
1.0 0.9988914
1.0 0.9989122
1.0 0.99926287
1.0 0.9926979
