true vs pred:
1.0 0.9970874
1.0 0.9979826
1.0 0.99736804
1.0 0.9981346
1.0 0.9576736
1.0 0.41309115
1.0 0.9943771
1.0 0.27651653
0.0 0.69879967
0.0 0.058501292
1.0 0.99514705
0.0 0.056498818
1.0 0.8926751
0.0 0.40894067
1.0 0.9159922
1.0 0.8792574
1.0 0.90147334
0.0 0.077900365
1.0 0.95935863
0.0 0.8300835
1.0 0.99755436
0.0 0.36620048
1.0 0.6973026
1.0 0.9467429
1.0 0.99633753
1.0 0.27745685
1.0 0.82217556
1.0 0.9972197
0.0 0.5632794
0.0 0.006615117
1.0 0.9969296
1.0 0.75081617
1.0 0.99814785
0.0 0.038379993
1.0 0.99787855
1.0 0.9806403
1.0 0.99771464
1.0 0.9965838
1.0 0.44412604
0.0 0.09280804
1.0 0.9612831
1.0 0.9934987
1.0 0.97396594
0.0 0.034492545
1.0 0.99801457
0.0 0.44361907
1.0 0.9972396
1.0 0.994919
1.0 0.9976538
0.0 0.12425042
1.0 0.5354418
1.0 0.99506927
0.0 0.6483778
1.0 0.9966174
1.0 0.9977824
1.0 0.9627181
0.0 0.032903425
1.0 0.9956251
0.0 0.54795516
1.0 0.9940143
1.0 0.8430812
1.0 0.64897823
0.0 0.03214381
1.0 0.53134894
1.0 0.9980259
1.0 0.9981034
0.0 0.4372811
1.0 0.8401749
1.0 0.99200976
1.0 0.99472976
1.0 0.997384
1.0 0.94731414
1.0 0.99332386
0.0 0.026592128
1.0 0.9863674
0.0 0.10871226
1.0 0.24925268
1.0 0.9968305
0.0 0.81349826
0.0 0.082213975
0.0 0.33544204
1.0 0.99472976
1.0 0.9918052
1.0 0.99212545
1.0 0.99821293
1.0 0.99691075
0.0 0.017737545
1.0 0.9806075
0.0 0.8191312
1.0 0.99659014
0.0 0.033129442
1.0 0.5871641
1.0 0.99667716
1.0 0.85830307
0.0 0.10064905
1.0 0.99710304
1.0 0.9979538
1.0 0.96255684
1.0 0.8856936
0.0 0.16656153
1.0 0.8952662
1.0 0.9961648
0.0 0.075343095
1.0 0.9456441
1.0 0.9978301
1.0 0.97051156
1.0 0.95022476
0.0 0.14569014
1.0 0.85811156
1.0 0.99254894
1.0 0.997612
0.0 0.07157933
1.0 0.8969942
0.0 0.0191523
1.0 0.9576787
1.0 0.99510753
0.0 0.17158447
1.0 0.98168474
1.0 0.996545
1.0 0.9902946
1.0 0.98802525
1.0 0.9975642
0.0 0.1182266
1.0 0.70646393
1.0 0.9979546
0.0 0.02535257
1.0 0.9916966
1.0 0.99829155
1.0 0.9943757
1.0 0.80977184
1.0 0.38062894
0.0 0.8065177
1.0 0.9983382
1.0 0.9973786
1.0 0.96267706
0.0 0.08069389
1.0 0.9636336
1.0 0.98993814
1.0 0.5718619
1.0 0.9971204
0.0 0.053315483
0.0 0.21791916
1.0 0.9980038
1.0 0.9940906
1.0 0.8859381
0.0 0.025502801
1.0 0.7487391
1.0 0.9912772
0.0 0.018441344
0.0 0.83596367
1.0 0.99014205
1.0 0.99735427
1.0 0.9974226
1.0 0.9873355
0.0 0.1951177
1.0 0.9980977
1.0 0.99642473
0.0 0.028506326
1.0 0.9981267
1.0 0.9979938
1.0 0.99797314
0.0 0.027089277
1.0 0.9826684
1.0 0.9612571
0.0 0.11407418
1.0 0.97443646
1.0 0.99740356
1.0 0.93206716
1.0 0.45521957
1.0 0.95991534
0.0 0.038367834
1.0 0.9981121
1.0 0.9908619
1.0 0.8430812
1.0 0.99816775
1.0 0.99092454
1.0 0.99472564
1.0 0.28904817
0.0 0.1110042
1.0 0.98686606
1.0 0.9981346
1.0 0.9978709
1.0 0.949462
1.0 0.9887552
0.0 0.102988735
0.0 0.16546744
1.0 0.91832805
1.0 0.99772793
1.0 0.996698
1.0 0.99740833
1.0 0.9977068
1.0 0.99530643
1.0 0.9966409
1.0 0.99755436
1.0 0.98871136
0.0 0.7173625
0.0 0.6483778
1.0 0.99386543
1.0 0.9977849
1.0 0.98817563
1.0 0.99755645
1.0 0.8089261
1.0 0.98681694
1.0 0.96065634
1.0 0.99346054
1.0 0.9836416
0.0 0.3204505
1.0 0.94023675
1.0 0.9905934
1.0 0.997323
1.0 0.9338382
0.0 0.038379993
1.0 0.9972676
1.0 0.98795545
0.0 0.017255744
1.0 0.9911522
1.0 0.9962035
1.0 0.6848444
1.0 0.9974407
0.0 0.11499014
1.0 0.9973404
1.0 0.9758814
1.0 0.99744284
1.0 0.78226256
1.0 0.9614053
0.0 0.09716734
0.0 0.29461622
1.0 0.9916966
1.0 0.9921407
1.0 0.9975076
