true vs pred:
1.0 0.728797
0.0 0.3984649
1.0 0.7371254
1.0 0.99876153
0.0 0.020023333
0.0 0.01369892
0.0 0.7581808
1.0 0.9903638
1.0 0.99876153
1.0 0.9987841
0.0 0.76027095
0.0 0.42193207
1.0 0.9918608
0.0 0.011232707
1.0 0.9629527
0.0 0.015407347
1.0 0.9916859
0.0 0.37100792
1.0 0.99841976
1.0 0.9672218
0.0 0.739345
0.0 0.18268803
0.0 0.37557715
1.0 0.9725118
0.0 0.03158392
0.0 0.42193207
1.0 0.9918608
1.0 0.7612115
1.0 0.9902514
0.0 0.739345
0.0 0.018528713
1.0 0.70565075
1.0 0.7645149
0.0 0.019933358
1.0 0.9983789
1.0 0.9863966
0.0 0.011058891
1.0 0.9904164
1.0 0.728797
0.0 0.15810493
0.0 0.18268803
1.0 0.9987715
1.0 0.9987715
1.0 0.98996884
1.0 0.9863196
1.0 0.99060565
0.0 0.013294032
1.0 0.9863966
1.0 0.9913272
0.0 0.03158392
0.0 0.016983358
1.0 0.9899356
0.0 0.020636277
0.0 0.3984649
1.0 0.9904164
1.0 0.7645149
1.0 0.99887353
0.0 0.80664146
1.0 0.9858931
0.0 0.42193207
0.0 0.17613474
0.0 0.016983358
0.0 0.17510928
1.0 0.9672218
1.0 0.99029666
1.0 0.9982691
0.0 0.46324104
0.0 0.4134346
0.0 0.739345
1.0 0.99832624
1.0 0.9989053
0.0 0.42193207
1.0 0.9983789
1.0 0.7344532
1.0 0.99892944
0.0 0.023668505
0.0 0.011788643
1.0 0.9989335
1.0 0.96925116
0.0 0.790575
1.0 0.9913272
0.0 0.42193207
0.0 0.16023225
0.0 0.489704
1.0 0.9989237
1.0 0.9716988
1.0 0.9986664
1.0 0.9983789
1.0 0.9986664
1.0 0.98843086
0.0 0.016983358
0.0 0.019502714
1.0 0.99824786
1.0 0.98687476
1.0 0.99886143
1.0 0.9987846
0.0 0.035116285
1.0 0.9903404
1.0 0.99824786
1.0 0.9916859
1.0 0.9922078
0.0 0.021625597
0.0 0.37557715
0.0 0.17613474
0.0 0.03158392
1.0 0.9913272
1.0 0.9905095
1.0 0.9901244
1.0 0.9916859
1.0 0.72951293
1.0 0.99054515
0.0 0.18268803
0.0 0.015785709
0.0 0.03158392
0.0 0.16023225
0.0 0.42867583
0.0 0.011058891
0.0 0.4134346
1.0 0.9989335
0.0 0.72062635
1.0 0.9875172
0.0 0.020855147
0.0 0.17510928
1.0 0.9918608
1.0 0.99860066
0.0 0.019502714
0.0 0.20694077
0.0 0.46324104
0.0 0.76027095
1.0 0.9690757
0.0 0.37557715
1.0 0.9725118
0.0 0.72403413
1.0 0.7612115
0.0 0.15858221
0.0 0.011058891
0.0 0.15858221
1.0 0.9901244
1.0 0.99892944
0.0 0.010898009
0.0 0.37100792
0.0 0.42867583
1.0 0.9983789
1.0 0.9989237
0.0 0.020023333
1.0 0.99860066
1.0 0.99860066
1.0 0.9987589
1.0 0.9922078
1.0 0.9685579
1.0 0.9982691
1.0 0.9988519
0.0 0.030947542
0.0 0.011232707
1.0 0.9986664
0.0 0.028537992
1.0 0.9913272
0.0 0.42664272
0.0 0.37557715
1.0 0.99832624
1.0 0.9863966
0.0 0.03158392
0.0 0.17694046
1.0 0.7456796
0.0 0.02965072
1.0 0.70565075
1.0 0.7371254
1.0 0.99876153
1.0 0.9906989
0.0 0.018528713
0.0 0.018644359
0.0 0.029865002
1.0 0.9903404
0.0 0.011232707
1.0 0.9629527
1.0 0.9863966
0.0 0.018528713
1.0 0.9986664
0.0 0.02965072
0.0 0.028537992
1.0 0.7645149
1.0 0.7456796
0.0 0.020855147
0.0 0.019502714
0.0 0.017207237
1.0 0.99054515
1.0 0.9983652
1.0 0.9906805
1.0 0.9875172
1.0 0.99824786
0.0 0.76160026
1.0 0.98843086
1.0 0.99876153
1.0 0.99029666
0.0 0.028537992
0.0 0.019751534
1.0 0.9903638
1.0 0.972048
1.0 0.9902514
1.0 0.9862438
1.0 0.9863196
1.0 0.986668
1.0 0.9869244
1.0 0.9869244
1.0 0.972048
0.0 0.15774274
1.0 0.9983706
1.0 0.99029666
0.0 0.019933358
1.0 0.99060565
1.0 0.728797
1.0 0.9904164
0.0 0.16023225
0.0 0.017207237
0.0 0.015407347
1.0 0.72951293
1.0 0.7326092
0.0 0.74871725
1.0 0.9922078
1.0 0.98687476
0.0 0.17694046
1.0 0.9916859
1.0 0.9988519
0.0 0.031955857
1.0 0.99887353
0.0 0.017207237
1.0 0.728797
1.0 0.99833626
1.0 0.9875172
1.0 0.9899356
0.0 0.016983358
1.0 0.7326092
0.0 0.023668505
1.0 0.72951293
1.0 0.99892944
1.0 0.99876827
1.0 0.9899356
1.0 0.9725118
0.0 0.030711677
0.0 0.4422343
0.0 0.01835605
1.0 0.70565075
1.0 0.9989053
1.0 0.98687476
1.0 0.9913272
0.0 0.010076826
1.0 0.9987841
0.0 0.023668505
0.0 0.17694046
1.0 0.98687476
1.0 0.72951293
1.0 0.9988439
1.0 0.98843086
0.0 0.17510928
1.0 0.9725118
1.0 0.9685579
1.0 0.7645149
1.0 0.728797
0.0 0.17510928
1.0 0.9902514
0.0 0.035116285
1.0 0.9913272
1.0 0.9906805
0.0 0.01369892
1.0 0.9989335
1.0 0.9987846
1.0 0.99060565
1.0 0.99892944
0.0 0.016983358
1.0 0.9902514
0.0 0.019751534
1.0 0.99892944
1.0 0.99874157
1.0 0.9672218
1.0 0.9989053
0.0 0.4422343
1.0 0.99876827
1.0 0.72951293
1.0 0.99142975
0.0 0.02965072
0.0 0.031955857
1.0 0.9983706
1.0 0.9672218
0.0 0.013294032
0.0 0.37557715
1.0 0.7426389
1.0 0.9716988
1.0 0.99874157
0.0 0.76027095
0.0 0.17694046
0.0 0.3984649
0.0 0.72062635
0.0 0.46324104
1.0 0.7326092
1.0 0.98843086
1.0 0.7326092
1.0 0.9983652
0.0 0.030947542
1.0 0.728797
0.0 0.023668505
0.0 0.021625597
0.0 0.020023333
1.0 0.9902514
0.0 0.019502714
1.0 0.98608947
0.0 0.011788643
1.0 0.7344532
1.0 0.7612115
0.0 0.015407347
0.0 0.42193207
1.0 0.72951293
1.0 0.9682689
1.0 0.99841976
1.0 0.7326092
1.0 0.98687476
0.0 0.015785709
0.0 0.19278565
0.0 0.37557715
0.0 0.018644359
0.0 0.37100792
0.0 0.17510928
1.0 0.9906989
0.0 0.42664272
1.0 0.9863196
1.0 0.9716988
1.0 0.9989053
0.0 0.18268803
0.0 0.010076826
1.0 0.9690757
1.0 0.9695067
1.0 0.9906989
0.0 0.029865002
1.0 0.99054515
0.0 0.76160026
1.0 0.9983789
1.0 0.9901244
1.0 0.9983652
1.0 0.9988519
1.0 0.99832624
0.0 0.37557715
1.0 0.99824786
0.0 0.15858221
1.0 0.9987589
1.0 0.9902514
0.0 0.42193207
1.0 0.9695067
0.0 0.030947542
0.0 0.46324104
1.0 0.9913272
1.0 0.9913272
0.0 0.46324104
1.0 0.9690757
1.0 0.9695067
1.0 0.99892944
1.0 0.7612115
1.0 0.9869244
1.0 0.9905095
1.0 0.99892944
1.0 0.99887353
1.0 0.9875172
0.0 0.019502714
0.0 0.024475118
1.0 0.9989053
1.0 0.99887353
1.0 0.9690757
1.0 0.9716988
1.0 0.99876153
1.0 0.99892944
1.0 0.98843086
0.0 0.19278565
1.0 0.9982691
0.0 0.011058891
1.0 0.98843086
1.0 0.9902514
0.0 0.74871725
1.0 0.99060565
0.0 0.01369892
0.0 0.024475118
1.0 0.9983652
1.0 0.9916859
1.0 0.9988519
0.0 0.72403413
0.0 0.76027095
1.0 0.99029666
1.0 0.9672218
1.0 0.72951293
1.0 0.9899356
1.0 0.9858931
1.0 0.99142975
1.0 0.9987841
1.0 0.7456796
0.0 0.030947542
0.0 0.024475118
0.0 0.17510928
0.0 0.42867583
0.0 0.739345
0.0 0.17694046
1.0 0.70565075
0.0 0.76027095
0.0 0.018528713
0.0 0.020023333
1.0 0.9988439
0.0 0.76160026
0.0 0.02965072
0.0 0.012423938
0.0 0.020023333
0.0 0.37100792
1.0 0.7344532
0.0 0.020023333
0.0 0.20694077
1.0 0.9905095
1.0 0.99832624
0.0 0.023668505
0.0 0.37100792
0.0 0.014605942
1.0 0.9983652
1.0 0.99832624
1.0 0.9987846
0.0 0.020636277
1.0 0.98687476
0.0 0.028537992
1.0 0.7326092
0.0 0.011232707
1.0 0.99832624
1.0 0.99841976
0.0 0.17694046
1.0 0.9989335
0.0 0.3984649
1.0 0.70565075
0.0 0.011232707
1.0 0.9869244
1.0 0.98608947
0.0 0.011058891
0.0 0.013294032
1.0 0.9906805
0.0 0.42193207
0.0 0.019502714
1.0 0.7326092
0.0 0.76160026
1.0 0.7612115
0.0 0.42867583
0.0 0.031955857
0.0 0.011788643
0.0 0.028537992
0.0 0.72403413
1.0 0.9695067
1.0 0.9695067
1.0 0.99054515
0.0 0.03158392
0.0 0.019751534
0.0 0.030947542
0.0 0.017207237
0.0 0.018779412
0.0 0.030947542
1.0 0.9987589
1.0 0.9863196
1.0 0.7456796
1.0 0.9989053
1.0 0.9690757
0.0 0.03158392
1.0 0.9903638
1.0 0.9716988
1.0 0.9986664
1.0 0.99060565
0.0 0.4134346
1.0 0.986668
1.0 0.998789
0.0 0.17694046
0.0 0.011232707
1.0 0.9987841
0.0 0.74871725
1.0 0.9903404
1.0 0.9983652
1.0 0.99008113
1.0 0.9682689
0.0 0.19278565
0.0 0.010076826
1.0 0.99886143
1.0 0.99876153
0.0 0.030711677
0.0 0.018779412
0.0 0.80664146
1.0 0.99876153
1.0 0.99054515
1.0 0.98687476
0.0 0.018644359
1.0 0.9983706
1.0 0.7645149
1.0 0.99833626
0.0 0.42193207
0.0 0.020855147
0.0 0.011296278
0.0 0.37557715
1.0 0.9869244
0.0 0.020023333
1.0 0.98843086
0.0 0.016416239
0.0 0.15858221
0.0 0.021726547
1.0 0.99142975
0.0 0.15810493
1.0 0.9989237
1.0 0.99876153
0.0 0.013176718
1.0 0.9988439
1.0 0.9922078
0.0 0.016983358
0.0 0.014605942
1.0 0.9682689
1.0 0.99876827
1.0 0.7344532
1.0 0.972048
1.0 0.99832624
1.0 0.9863966
1.0 0.9863966
1.0 0.98687476
1.0 0.9899356
1.0 0.9695067
1.0 0.9987715
1.0 0.9918608
