true vs pred:
1.0 0.99960583
1.0 0.99965096
1.0 0.99967337
1.0 0.99973387
1.0 0.99966204
1.0 0.9996754
1.0 0.99966204
1.0 0.99964666
1.0 0.9995427
1.0 0.999668
1.0 0.9996861
1.0 0.9996401
1.0 0.9959055
1.0 0.9997291
1.0 0.9996847
1.0 0.9996736
1.0 0.9995914
1.0 0.9975259
1.0 0.9997192
1.0 0.99971026
1.0 0.9996804
1.0 0.99966
1.0 0.99967706
1.0 0.99967706
1.0 0.9997037
1.0 0.9995838
1.0 0.99620134
1.0 0.9995427
1.0 0.99964666
1.0 0.9996817
1.0 0.99792373
1.0 0.99960583
1.0 0.9995427
1.0 0.9997489
1.0 0.99967337
1.0 0.9958307
1.0 0.995317
1.0 0.9959055
1.0 0.99384993
1.0 0.9997489
1.0 0.99968255
1.0 0.99971026
1.0 0.99969804
1.0 0.9996995
1.0 0.9955959
1.0 0.99971026
1.0 0.9960349
1.0 0.9996561
1.0 0.99960583
1.0 0.99967706
1.0 0.9996861
1.0 0.99974567
1.0 0.99797136
1.0 0.9996381
1.0 0.9996736
1.0 0.99967706
1.0 0.99713314
1.0 0.9996401
1.0 0.9996451
1.0 0.99968433
1.0 0.999666
1.0 0.9996817
1.0 0.99970454
1.0 0.9995745
1.0 0.99958545
1.0 0.99970216
1.0 0.99957675
1.0 0.9996358
1.0 0.9996432
1.0 0.999666
1.0 0.9996736
1.0 0.9995683
1.0 0.999658
1.0 0.9997211
1.0 0.9996377
1.0 0.99968565
1.0 0.99974567
1.0 0.9995376
1.0 0.9967283
1.0 0.9959055
1.0 0.9996817
1.0 0.9996699
1.0 0.99957913
1.0 0.9996573
1.0 0.99463487
1.0 0.9996736
1.0 0.9996586
1.0 0.9975259
1.0 0.99965763
1.0 0.9997192
1.0 0.9995801
1.0 0.99966
1.0 0.9997037
1.0 0.99970335
1.0 0.99970454
1.0 0.999686
1.0 0.9996878
1.0 0.9996573
1.0 0.9996995
1.0 0.9996767
1.0 0.99970955
1.0 0.99973387
1.0 0.9996861
1.0 0.9997422
1.0 0.99943715
1.0 0.9995976
1.0 0.99792373
1.0 0.9994936
1.0 0.9995722
1.0 0.9995838
1.0 0.9995845
1.0 0.9997211
1.0 0.99620134
1.0 0.9997192
1.0 0.9996767
1.0 0.9997439
1.0 0.99971026
1.0 0.99965763
1.0 0.99968064
1.0 0.9996364
1.0 0.9996014
1.0 0.9996401
1.0 0.9957152
1.0 0.9960349
1.0 0.99384993
1.0 0.99966
1.0 0.999668
1.0 0.99965
1.0 0.9996995
1.0 0.99463487
1.0 0.99974567
1.0 0.9996835
1.0 0.9997037
1.0 0.9964631
1.0 0.9995579
1.0 0.9996401
1.0 0.9994936
1.0 0.9996381
1.0 0.9997029
1.0 0.9961777
1.0 0.9995845
1.0 0.9960349
1.0 0.9994437
1.0 0.99384993
1.0 0.99969685
1.0 0.999686
1.0 0.9996699
1.0 0.9958307
1.0 0.9995914
1.0 0.9995427
1.0 0.99943715
1.0 0.99769187
1.0 0.995317
1.0 0.9996995
1.0 0.99968433
1.0 0.9995976
1.0 0.9996804
1.0 0.9994936
1.0 0.9995809
1.0 0.9996599
1.0 0.9996586
1.0 0.999665
1.0 0.99969685
1.0 0.9996674
1.0 0.999668
1.0 0.99965763
1.0 0.9964631
1.0 0.999668
1.0 0.9996921
1.0 0.9995845
1.0 0.99964845
1.0 0.99969304
1.0 0.99964666
1.0 0.9955959
1.0 0.9997211
1.0 0.9995579
1.0 0.9996705
1.0 0.9959577
1.0 0.9997192
1.0 0.999686
1.0 0.99971324
1.0 0.99968565
1.0 0.9995427
1.0 0.99969816
1.0 0.9963003
1.0 0.9971476
1.0 0.9994936
1.0 0.99797136
1.0 0.99968433
1.0 0.99463487
1.0 0.9996878
1.0 0.99970216
1.0 0.9971476
1.0 0.995095
1.0 0.99959713
1.0 0.99968255
1.0 0.9997037
1.0 0.9996767
1.0 0.9996847
1.0 0.9996674
1.0 0.9994437
1.0 0.99769187
1.0 0.9996586
1.0 0.9955959
1.0 0.9996463
1.0 0.9996736
1.0 0.99968565
1.0 0.9964449
1.0 0.9995683
1.0 0.9996364
1.0 0.9996674
1.0 0.9996586
1.0 0.9997533
1.0 0.99970955
1.0 0.9996451
1.0 0.9996463
1.0 0.9997211
1.0 0.9996014
1.0 0.9995722
1.0 0.99969685
1.0 0.999668
1.0 0.9947488
1.0 0.99713314
1.0 0.9995914
1.0 0.9996803
1.0 0.99620134
1.0 0.9996495
1.0 0.99969685
1.0 0.99962306
1.0 0.99970573
1.0 0.99384993
1.0 0.9996705
1.0 0.99969304
1.0 0.99556375
1.0 0.99964666
1.0 0.9957152
1.0 0.9947488
1.0 0.9997192
1.0 0.99797136
1.0 0.99960583
1.0 0.99368685
1.0 0.99964666
1.0 0.9996364
1.0 0.9996358
1.0 0.999666
1.0 0.9997533
1.0 0.99968684
1.0 0.99463487
1.0 0.995317
1.0 0.99964535
1.0 0.99368685
1.0 0.994089
1.0 0.9978028
1.0 0.99769187
1.0 0.99969804
1.0 0.9997192
1.0 0.9997477
1.0 0.9967283
1.0 0.9958307
1.0 0.9996586
1.0 0.9997029
1.0 0.99962306
1.0 0.9960349
1.0 0.99959344
1.0 0.99970263
1.0 0.9996265
1.0 0.99966
1.0 0.9996804
1.0 0.9975259
1.0 0.99959105
1.0 0.999658
1.0 0.9996381
1.0 0.9969982
1.0 0.999629
1.0 0.999665
1.0 0.99556375
1.0 0.9996573
1.0 0.9997167
1.0 0.9995801
1.0 0.9995809
1.0 0.9995722
1.0 0.9997029
1.0 0.99968433
1.0 0.9996674
1.0 0.99797136
1.0 0.9996358
1.0 0.9997422
1.0 0.99792373
1.0 0.9996265
1.0 0.9997029
1.0 0.9996586
1.0 0.9996573
1.0 0.9994437
1.0 0.9995914
1.0 0.9963003
1.0 0.9996861
1.0 0.9997029
1.0 0.9997533
1.0 0.99969804
1.0 0.9996586
1.0 0.9955959
1.0 0.99967337
1.0 0.99797136
1.0 0.9963003
1.0 0.99971026
1.0 0.9996569
1.0 0.9996705
1.0 0.99713314
1.0 0.999666
1.0 0.9997439
1.0 0.9964449
1.0 0.9996569
1.0 0.9963003
1.0 0.9996599
1.0 0.9958704
1.0 0.9996265
1.0 0.9996381
1.0 0.999666
1.0 0.9995683
1.0 0.99620134
1.0 0.9960349
1.0 0.9995722
1.0 0.9996599
1.0 0.99959344
1.0 0.9996903
1.0 0.99960214
1.0 0.9971476
1.0 0.99967706
1.0 0.99973387
1.0 0.99970454
1.0 0.9995838
1.0 0.99965143
1.0 0.9996878
1.0 0.9996308
1.0 0.9997533
1.0 0.9964449
1.0 0.999665
1.0 0.9997192
1.0 0.9997062
1.0 0.99368685
1.0 0.99976665
1.0 0.99964666
1.0 0.9996561
1.0 0.9960349
1.0 0.9947488
1.0 0.9996835
1.0 0.9959055
1.0 0.9996699
1.0 0.9995976
1.0 0.9996364
1.0 0.9964449
1.0 0.9967283
1.0 0.99964666
1.0 0.99976665
1.0 0.9996495
1.0 0.99769187
1.0 0.99968255
1.0 0.9995801
1.0 0.9996381
1.0 0.9996699
1.0 0.9997211
1.0 0.99969816
1.0 0.9996358
1.0 0.9996847
1.0 0.99966204
1.0 0.99965
1.0 0.99969304
1.0 0.9997291
1.0 0.9996903
1.0 0.99965143
1.0 0.9959577
1.0 0.9997489
1.0 0.99970216
1.0 0.9996549
1.0 0.99968255
1.0 0.99965096
1.0 0.9995745
1.0 0.99368685
1.0 0.9995809
1.0 0.9947488
1.0 0.994089
1.0 0.9996549
1.0 0.994089
1.0 0.99463487
1.0 0.999668
1.0 0.99964666
1.0 0.99970263
1.0 0.9997029
1.0 0.99769187
1.0 0.99968433
1.0 0.99368685
1.0 0.9967283
1.0 0.9996724
1.0 0.9997192
1.0 0.995317
1.0 0.99384993
1.0 0.9958307
1.0 0.99968255
1.0 0.99968255
1.0 0.99967337
1.0 0.99970955
1.0 0.99463487
1.0 0.99964666
1.0 0.9996451
1.0 0.999686
1.0 0.99952614
1.0 0.99957675
1.0 0.9996495
1.0 0.9963003
1.0 0.9960349
1.0 0.9995427
1.0 0.999665
1.0 0.99960583
1.0 0.99971324
1.0 0.99368685
1.0 0.9996202
1.0 0.9997291
1.0 0.999666
1.0 0.99463487
1.0 0.99965
1.0 0.99463487
1.0 0.99957675
1.0 0.9997477
1.0 0.9996878
1.0 0.9995801
1.0 0.9996995
1.0 0.9961777
1.0 0.99969304
1.0 0.99965096
1.0 0.99970263
1.0 0.99960583
1.0 0.9997029
1.0 0.9997192
1.0 0.9997062
1.0 0.9996699
1.0 0.99968565
1.0 0.99964
1.0 0.995317
1.0 0.99968433
1.0 0.9959055
1.0 0.9996432
1.0 0.9996804
1.0 0.99966
1.0 0.9996804
1.0 0.99698
1.0 0.99976665
1.0 0.9996202
1.0 0.9996835
1.0 0.99957675
1.0 0.99969816
1.0 0.9995914
1.0 0.999665
1.0 0.99968565
1.0 0.9963003
1.0 0.9997037
1.0 0.9997062
1.0 0.9996358
1.0 0.9995683
1.0 0.9996573
1.0 0.9997422
1.0 0.9995427
1.0 0.99962306
1.0 0.995317
1.0 0.99964666
1.0 0.99970454
1.0 0.9996358
1.0 0.99973387
1.0 0.99974567
1.0 0.9996463
1.0 0.9969982
1.0 0.99965096
1.0 0.9996736
1.0 0.9996573
1.0 0.99957675
1.0 0.99970216
1.0 0.99970335
1.0 0.9997267
1.0 0.9996401
1.0 0.99957913
1.0 0.99965763
1.0 0.9994437
1.0 0.9996674
1.0 0.9995579
1.0 0.99463487
1.0 0.9996469
1.0 0.99970454
1.0 0.99970955
1.0 0.99969304
1.0 0.9994437
1.0 0.9997477
1.0 0.99969804
1.0 0.9996847
1.0 0.99969804
1.0 0.99976665
1.0 0.99769187
1.0 0.99943715
1.0 0.9994936
1.0 0.999629
1.0 0.99968255
1.0 0.99964
1.0 0.99969816
1.0 0.99962306
1.0 0.9963003
1.0 0.99769187
1.0 0.995317
1.0 0.9995801
1.0 0.9995845
1.0 0.9996736
1.0 0.99959344
1.0 0.99968684
1.0 0.9997211
1.0 0.99966
1.0 0.9997477
1.0 0.9961777
1.0 0.99556375
1.0 0.99384993
1.0 0.999658
1.0 0.9996804
1.0 0.9996549
1.0 0.9997422
