true vs pred:
1.0 0.99802244
1.0 0.9975847
1.0 0.9962579
1.0 0.9326345
0.0 0.8269362
1.0 0.99770975
1.0 0.89334035
1.0 0.99444455
1.0 0.96331877
1.0 0.99550325
1.0 0.9948166
1.0 0.9880316
1.0 0.9970401
1.0 0.99414515
1.0 0.99790025
1.0 0.99685717
1.0 0.9941071
1.0 0.996797
1.0 0.99462825
0.0 0.7562205
1.0 0.8872377
1.0 0.9954731
1.0 0.99766123
1.0 0.99462825
1.0 0.9972046
1.0 0.9954293
1.0 0.99446183
1.0 0.9981793
1.0 0.84659964
1.0 0.9978682
1.0 0.9154683
1.0 0.998242
1.0 0.99364233
1.0 0.9946096
1.0 0.997912
1.0 0.9948608
1.0 0.9904517
1.0 0.99452764
1.0 0.99806756
1.0 0.97358465
1.0 0.99446183
1.0 0.9981793
1.0 0.996999
1.0 0.9974911
1.0 0.9948608
1.0 0.9310743
1.0 0.9964916
1.0 0.9967439
0.0 0.7343863
1.0 0.99492514
1.0 0.9977276
1.0 0.84988266
1.0 0.99753726
1.0 0.99685717
1.0 0.9896171
1.0 0.9904517
1.0 0.99522924
1.0 0.99522924
1.0 0.99770975
1.0 0.99762875
1.0 0.99758697
1.0 0.89334035
1.0 0.9977276
1.0 0.99835193
1.0 0.97358465
1.0 0.9343527
1.0 0.99807537
0.0 0.75737154
1.0 0.9941071
1.0 0.99753726
1.0 0.9967439
1.0 0.9977035
1.0 0.99619305
1.0 0.99771595
1.0 0.99446183
1.0 0.9896512
1.0 0.9343527
1.0 0.9908229
1.0 0.997912
1.0 0.99762434
1.0 0.99358726
1.0 0.9946367
1.0 0.9944569
1.0 0.9948608
1.0 0.9943281
1.0 0.9962579
1.0 0.99446183
1.0 0.99492514
1.0 0.9966439
1.0 0.9979929
1.0 0.963844
1.0 0.86358416
1.0 0.99802244
1.0 0.99817586
1.0 0.99550325
1.0 0.99835193
1.0 0.99446183
1.0 0.9880316
1.0 0.99544686
1.0 0.99782085
1.0 0.9982008
1.0 0.99397236
1.0 0.99492514
1.0 0.99397236
1.0 0.99790025
1.0 0.9343527
0.0 0.7742056
1.0 0.9940568
1.0 0.99761033
1.0 0.99741095
1.0 0.99470055
1.0 0.9741906
1.0 0.9975847
1.0 0.9940568
1.0 0.998242
1.0 0.9985215
0.0 0.80106103
1.0 0.99452764
1.0 0.9896512
1.0 0.97358465
1.0 0.99835193
1.0 0.9978586
1.0 0.99774134
1.0 0.998242
1.0 0.9964977
1.0 0.99808913
1.0 0.9904517
1.0 0.92866194
1.0 0.97358465
1.0 0.9880316
1.0 0.9948166
1.0 0.84988266
1.0 0.9944569
1.0 0.99802244
1.0 0.9952676
1.0 0.99791926
0.0 0.7939314
1.0 0.9908229
1.0 0.9981793
1.0 0.99268883
0.0 0.7742056
1.0 0.99216217
1.0 0.9946367
1.0 0.9954293
1.0 0.9980763
1.0 0.99452764
1.0 0.99806756
1.0 0.99445
1.0 0.996999
1.0 0.98848736
1.0 0.84988266
1.0 0.98848736
1.0 0.99774134
1.0 0.9979929
1.0 0.862949
1.0 0.99364233
1.0 0.9948166
1.0 0.99492514
1.0 0.99782085
0.0 0.7562205
1.0 0.99268883
1.0 0.99268883
1.0 0.99479717
1.0 0.9985215
1.0 0.9980057
1.0 0.99358726
1.0 0.9978611
1.0 0.9752279
1.0 0.84659964
1.0 0.99397236
1.0 0.96723205
1.0 0.99835193
1.0 0.9949222
1.0 0.99452764
1.0 0.9943281
1.0 0.9977276
1.0 0.97358465
1.0 0.9905289
1.0 0.99607974
1.0 0.9704544
1.0 0.9964916
1.0 0.996797
1.0 0.99462825
1.0 0.99833703
1.0 0.9310743
1.0 0.94996476
1.0 0.97239584
1.0 0.9975847
1.0 0.84659964
1.0 0.9978682
1.0 0.9977276
1.0 0.9310743
1.0 0.99397236
1.0 0.9704544
1.0 0.96723205
1.0 0.9967439
1.0 0.99607974
0.0 0.7939314
0.0 0.7742056
0.0 0.7214144
1.0 0.99808913
1.0 0.99344796
1.0 0.99826115
1.0 0.99791926
1.0 0.9940568
1.0 0.99543387
1.0 0.99790025
1.0 0.99462825
1.0 0.99762434
1.0 0.96723205
1.0 0.9415771
1.0 0.99766123
1.0 0.99818087
1.0 0.9974911
1.0 0.99762934
1.0 0.99762875
1.0 0.99786097
1.0 0.99772006
1.0 0.99772006
1.0 0.99818087
1.0 0.9902581
1.0 0.994653
1.0 0.99762434
0.0 0.7343863
1.0 0.99758697
1.0 0.99685717
1.0 0.99753726
1.0 0.9880316
0.0 0.7214144
1.0 0.9154683
1.0 0.9964977
1.0 0.9963496
1.0 0.9954997
1.0 0.9985215
1.0 0.99761033
1.0 0.9905289
1.0 0.998242
1.0 0.9978611
1.0 0.96331877
1.0 0.9977035
0.0 0.7214144
1.0 0.99685717
1.0 0.99414515
1.0 0.99791926
1.0 0.99807537
1.0 0.9343527
1.0 0.9963496
1.0 0.963844
1.0 0.9964977
1.0 0.9979929
1.0 0.99458575
1.0 0.99807537
1.0 0.99806756
1.0 0.97164786
1.0 0.9948724
1.0 0.9281327
1.0 0.9964916
1.0 0.9962579
1.0 0.99761033
1.0 0.99835193
1.0 0.81247014
1.0 0.9972046
1.0 0.963844
1.0 0.9905289
1.0 0.99761033
1.0 0.9964977
1.0 0.9974573
1.0 0.99790025
1.0 0.9908229
1.0 0.99806756
1.0 0.9980057
1.0 0.9967439
1.0 0.99685717
1.0 0.9908229
1.0 0.9974911
1.0 0.9741906
1.0 0.99835193
1.0 0.99826115
1.0 0.8872377
1.0 0.99802244
1.0 0.99470055
1.0 0.99758697
1.0 0.9979929
1.0 0.9343527
1.0 0.9974911
1.0 0.9415771
1.0 0.9979929
1.0 0.9946582
1.0 0.997912
1.0 0.9962579
1.0 0.9948724
1.0 0.99458575
1.0 0.9964977
1.0 0.9984383
1.0 0.9704544
1.0 0.96331877
1.0 0.994653
1.0 0.997912
1.0 0.89334035
1.0 0.99452764
1.0 0.9970401
1.0 0.9982008
1.0 0.9946582
1.0 0.9954293
1.0 0.9905289
1.0 0.9941071
1.0 0.9952676
1.0 0.9946367
1.0 0.9963496
1.0 0.99790025
1.0 0.9963496
1.0 0.99344796
1.0 0.9752279
1.0 0.99685717
1.0 0.963844
0.0 0.80106103
0.0 0.7562205
1.0 0.9974911
0.0 0.7742056
1.0 0.99762195
1.0 0.86358416
1.0 0.9966439
1.0 0.996999
1.0 0.9154683
1.0 0.99446183
1.0 0.9964977
1.0 0.9979857
1.0 0.9946096
1.0 0.9963496
1.0 0.99761033
1.0 0.92866194
1.0 0.9909943
1.0 0.99452764
1.0 0.94996476
1.0 0.99364233
1.0 0.9908229
1.0 0.99833703
1.0 0.9949222
1.0 0.99762875
1.0 0.9982008
1.0 0.9962579
1.0 0.9904517
1.0 0.81247014
1.0 0.9980763
1.0 0.9981602
1.0 0.99833703
1.0 0.97239584
1.0 0.99808913
1.0 0.99543387
1.0 0.99492514
1.0 0.99774134
1.0 0.99344796
1.0 0.9978611
1.0 0.9943281
1.0 0.99452764
1.0 0.9940568
1.0 0.98848736
1.0 0.99479717
1.0 0.9974911
1.0 0.99446183
1.0 0.9981602
1.0 0.9752279
1.0 0.9946367
1.0 0.99835193
1.0 0.99835193
1.0 0.9946367
1.0 0.9980763
1.0 0.9981602
1.0 0.9979929
1.0 0.996999
1.0 0.99772006
1.0 0.9978586
1.0 0.9979929
1.0 0.9977035
1.0 0.99791926
0.0 0.7742056
0.0 0.8269362
1.0 0.9962579
1.0 0.9977035
1.0 0.9980763
1.0 0.9982008
1.0 0.99462825
1.0 0.9979929
1.0 0.99790025
1.0 0.9909943
1.0 0.99358726
1.0 0.84988266
1.0 0.99790025
1.0 0.9974911
1.0 0.9954997
1.0 0.99758697
1.0 0.8872377
0.0 0.8269362
1.0 0.99344796
1.0 0.998242
1.0 0.9978611
1.0 0.99445
1.0 0.9954293
1.0 0.99762434
1.0 0.997912
1.0 0.9964977
1.0 0.99807537
1.0 0.99771595
1.0 0.9984383
1.0 0.9972046
1.0 0.99607974
1.0 0.9752279
0.0 0.8269362
1.0 0.9908229
1.0 0.9948166
1.0 0.9948608
1.0 0.9905289
1.0 0.9964916
1.0 0.9954293
1.0 0.9310743
0.0 0.7562205
1.0 0.9974573
1.0 0.99543387
1.0 0.9704544
1.0 0.8697869
0.0 0.7562205
1.0 0.99364233
1.0 0.9966439
0.0 0.7562205
1.0 0.99216217
1.0 0.9978586
1.0 0.9943281
1.0 0.963844
1.0 0.99364233
1.0 0.9252332
1.0 0.99344796
1.0 0.9943281
1.0 0.99470055
0.0 0.75737154
1.0 0.99761033
1.0 0.96723205
1.0 0.9963496
1.0 0.84659964
1.0 0.9943281
1.0 0.9946096
1.0 0.9905289
1.0 0.99802244
1.0 0.9941071
1.0 0.9964916
1.0 0.84659964
1.0 0.99772006
1.0 0.99762195
1.0 0.84988266
1.0 0.89334035
1.0 0.99826115
1.0 0.99446183
0.0 0.7742056
1.0 0.9963496
1.0 0.99543387
1.0 0.996999
1.0 0.9948166
1.0 0.96331877
1.0 0.86358416
1.0 0.96723205
1.0 0.99445
1.0 0.9981602
1.0 0.9981602
1.0 0.99808913
1.0 0.97358465
1.0 0.9415771
1.0 0.9752279
0.0 0.7214144
0.0 0.738394
1.0 0.9752279
1.0 0.99479717
1.0 0.99762875
1.0 0.99607974
1.0 0.9962579
1.0 0.9980763
1.0 0.97358465
1.0 0.99766123
1.0 0.9982008
1.0 0.99397236
1.0 0.99758697
1.0 0.9944569
1.0 0.99786097
1.0 0.9954526
1.0 0.9905289
1.0 0.84659964
1.0 0.9972046
1.0 0.9954997
1.0 0.9975847
1.0 0.99344796
1.0 0.9978491
1.0 0.9979857
1.0 0.9909943
1.0 0.81247014
1.0 0.99741095
1.0 0.99462825
1.0 0.97164786
0.0 0.738394
1.0 0.99619305
1.0 0.99462825
1.0 0.99808913
1.0 0.99761033
1.0 0.94996476
1.0 0.994653
1.0 0.9967439
1.0 0.99414515
1.0 0.99446183
0.0 0.7939314
1.0 0.82138145
1.0 0.99452764
1.0 0.99772006
0.0 0.7562205
1.0 0.99790025
1.0 0.9326345
1.0 0.98848736
0.0 0.7947537
1.0 0.9984383
1.0 0.9896171
1.0 0.99782085
1.0 0.99462825
1.0 0.86883444
1.0 0.9974573
