true vs pred:
1.0 0.9888553
1.0 0.9884758
1.0 0.9918236
1.0 0.9930554
1.0 0.98774827
1.0 0.7050195
1.0 0.99437135
1.0 0.9941934
1.0 0.991185
1.0 0.8187278
1.0 0.85211563
1.0 0.99108326
1.0 0.99166286
1.0 0.99163365
1.0 0.98898053
1.0 0.7974125
1.0 0.9932352
1.0 0.9898685
1.0 0.9884758
1.0 0.98945147
1.0 0.98898333
1.0 0.8458209
1.0 0.7434281
1.0 0.75848997
1.0 0.989643
1.0 0.85211563
1.0 0.9912759
1.0 0.99262685
1.0 0.9888988
1.0 0.9942973
1.0 0.98928905
1.0 0.99155843
1.0 0.9934435
1.0 0.9898685
1.0 0.9893091
1.0 0.99136704
1.0 0.7994358
1.0 0.98928905
1.0 0.827321
1.0 0.9898685
1.0 0.98942775
1.0 0.99155843
1.0 0.9918236
1.0 0.9945709
1.0 0.9896404
1.0 0.99262685
1.0 0.9941257
1.0 0.99108326
1.0 0.9890238
1.0 0.74445826
1.0 0.74445826
1.0 0.7994358
1.0 0.9935309
1.0 0.99217176
1.0 0.9878498
1.0 0.9913692
1.0 0.9936812
1.0 0.991185
1.0 0.9913004
1.0 0.99382544
1.0 0.99217176
1.0 0.98852754
1.0 0.7974125
1.0 0.9931543
1.0 0.99108326
1.0 0.9931335
1.0 0.9893091
1.0 0.98740965
1.0 0.9935309
1.0 0.9913692
1.0 0.98740965
1.0 0.99394965
1.0 0.9919478
1.0 0.98774827
1.0 0.9941451
1.0 0.99108326
1.0 0.9882604
1.0 0.9895706
1.0 0.8356865
1.0 0.8140185
1.0 0.99174374
1.0 0.98955077
1.0 0.9890153
1.0 0.9908311
1.0 0.9911368
1.0 0.9888553
1.0 0.827321
1.0 0.98852754
1.0 0.9886707
1.0 0.9944582
1.0 0.989267
1.0 0.99262685
1.0 0.98822635
1.0 0.99002963
1.0 0.7974125
1.0 0.98822635
1.0 0.9893309
1.0 0.9942973
1.0 0.9914233
1.0 0.7974125
1.0 0.9911368
1.0 0.99310255
1.0 0.9935309
1.0 0.98945147
1.0 0.993568
1.0 0.98876405
1.0 0.98868376
1.0 0.9896404
1.0 0.9942973
1.0 0.9942503
1.0 0.9931543
1.0 0.8130872
1.0 0.7378002
1.0 0.8323589
1.0 0.9886707
1.0 0.7974125
1.0 0.7050195
1.0 0.9942503
1.0 0.8388596
1.0 0.98911965
1.0 0.7268301
1.0 0.9893309
1.0 0.8441083
1.0 0.9942503
1.0 0.9911543
1.0 0.9908084
1.0 0.9913395
1.0 0.9909061
1.0 0.9879237
1.0 0.8182898
1.0 0.98912466
1.0 0.7983454
1.0 0.9932352
1.0 0.98976266
1.0 0.9895706
1.0 0.9913004
1.0 0.99480706
1.0 0.85211563
1.0 0.98868376
1.0 0.98868376
1.0 0.99301517
1.0 0.9918236
1.0 0.8140185
1.0 0.9890153
1.0 0.9879237
1.0 0.7994358
1.0 0.989267
1.0 0.9941257
1.0 0.7434281
1.0 0.99310255
1.0 0.99057263
1.0 0.8388596
1.0 0.9888553
1.0 0.9888988
1.0 0.99155843
1.0 0.9941934
1.0 0.9913004
1.0 0.9945709
1.0 0.75848997
1.0 0.99394965
1.0 0.8187278
1.0 0.99343795
1.0 0.9908311
1.0 0.7268301
1.0 0.98976266
1.0 0.99217176
1.0 0.9893749
1.0 0.99166286
1.0 0.9913566
1.0 0.98886883
1.0 0.99301517
1.0 0.819008
1.0 0.98955077
1.0 0.99301517
1.0 0.9890153
1.0 0.99174374
1.0 0.98740965
1.0 0.9913566
1.0 0.989643
1.0 0.99301517
1.0 0.9881237
1.0 0.9909061
1.0 0.98852754
1.0 0.990299
1.0 0.9913395
1.0 0.7268301
1.0 0.9928169
1.0 0.99430853
1.0 0.98716754
1.0 0.9908234
1.0 0.9932352
1.0 0.98955077
1.0 0.99155843
1.0 0.7974125
1.0 0.9941257
1.0 0.9917996
1.0 0.9896404
1.0 0.990299
1.0 0.9941257
1.0 0.9873948
1.0 0.99123174
1.0 0.9934435
1.0 0.9938692
1.0 0.99394965
1.0 0.9898685
1.0 0.9882604
1.0 0.8441083
1.0 0.9888553
1.0 0.990299
1.0 0.9913566
1.0 0.8356865
1.0 0.99217176
1.0 0.99343795
1.0 0.85211563
1.0 0.7410371
1.0 0.99166286
1.0 0.99430853
1.0 0.9944582
1.0 0.7410371
1.0 0.9919478
1.0 0.9941934
1.0 0.9908311
1.0 0.99048585
1.0 0.8388596
1.0 0.9873948
1.0 0.9942879
1.0 0.9945799
1.0 0.9893015
1.0 0.9935309
1.0 0.74445826
1.0 0.85211563
1.0 0.9908311
1.0 0.9931364
1.0 0.98928905
1.0 0.9941451
1.0 0.827321
1.0 0.99174374
1.0 0.98976266
1.0 0.9936812
1.0 0.9879237
1.0 0.9909061
1.0 0.9886707
1.0 0.99057263
1.0 0.9879237
1.0 0.98871684
1.0 0.8458209
1.0 0.7410371
1.0 0.9928169
1.0 0.9944582
1.0 0.9882604
1.0 0.99163365
1.0 0.8146984
1.0 0.9913777
1.0 0.991185
1.0 0.9893309
1.0 0.993568
1.0 0.9937822
1.0 0.99437135
1.0 0.99480706
1.0 0.9891237
1.0 0.99048585
1.0 0.98895246
1.0 0.99310255
1.0 0.8323589
1.0 0.9884758
1.0 0.99437135
1.0 0.7410371
1.0 0.9938692
1.0 0.98876405
1.0 0.9941257
1.0 0.989643
1.0 0.9944582
1.0 0.9908084
1.0 0.9935309
1.0 0.9896192
1.0 0.9931543
1.0 0.75848997
1.0 0.9891237
1.0 0.7434281
1.0 0.9890153
1.0 0.8441083
1.0 0.9912095
1.0 0.75918835
1.0 0.9913692
1.0 0.98895246
1.0 0.819008
1.0 0.99163365
1.0 0.9908311
1.0 0.819008
1.0 0.7410371
1.0 0.9913743
1.0 0.7410371
1.0 0.9908311
1.0 0.9941451
1.0 0.9881634
1.0 0.74445826
1.0 0.9890238
1.0 0.99466705
1.0 0.8356865
1.0 0.99301517
1.0 0.99480706
1.0 0.9881634
1.0 0.9929512
1.0 0.7050195
1.0 0.9919478
1.0 0.8146984
1.0 0.98898333
1.0 0.99343795
1.0 0.9896192
1.0 0.98945147
1.0 0.9908234
1.0 0.9932352
1.0 0.9893091
1.0 0.8458209
1.0 0.7974125
1.0 0.99048585
1.0 0.98822635
1.0 0.99163365
1.0 0.98871684
1.0 0.9893309
1.0 0.75848997
1.0 0.9935309
1.0 0.99166286
1.0 0.9919478
1.0 0.9896404
1.0 0.9928169
1.0 0.98955077
1.0 0.9890238
1.0 0.98822635
1.0 0.991185
1.0 0.98942775
1.0 0.98774827
1.0 0.99301517
1.0 0.993568
1.0 0.7879956
1.0 0.9935309
1.0 0.99057263
1.0 0.98740965
1.0 0.99163365
1.0 0.9909061
1.0 0.9893309
1.0 0.827321
1.0 0.99155843
1.0 0.99217176
1.0 0.827321
1.0 0.9913743
1.0 0.9908311
1.0 0.9915788
1.0 0.9945709
1.0 0.9929512
1.0 0.8441083
1.0 0.9879237
1.0 0.9908084
1.0 0.98911965
1.0 0.85211563
1.0 0.8441083
1.0 0.9944582
1.0 0.8388596
1.0 0.819008
1.0 0.9941451
1.0 0.9941934
1.0 0.99166286
1.0 0.98911965
1.0 0.9945709
1.0 0.98836374
1.0 0.9908998
1.0 0.8130872
1.0 0.9914233
1.0 0.99123174
1.0 0.9879237
1.0 0.7027941
1.0 0.75918835
1.0 0.9913743
1.0 0.989267
1.0 0.7974125
1.0 0.990299
1.0 0.8323589
1.0 0.9893309
1.0 0.9932352
1.0 0.99262685
1.0 0.9879237
1.0 0.9913395
1.0 0.9942879
1.0 0.9911368
1.0 0.989643
1.0 0.98836374
1.0 0.98911965
1.0 0.8140185
1.0 0.9913743
1.0 0.9911368
1.0 0.75918835
1.0 0.98868376
1.0 0.99174374
1.0 0.9884758
1.0 0.991185
1.0 0.9915514
1.0 0.98942775
1.0 0.99290484
1.0 0.9885239
1.0 0.9893015
1.0 0.9908998
1.0 0.9945709
1.0 0.9945799
1.0 0.9942879
1.0 0.7983454
1.0 0.9888553
1.0 0.99343795
1.0 0.98740965
1.0 0.7410371
1.0 0.7974125
1.0 0.99002963
1.0 0.7879956
1.0 0.99136704
1.0 0.98740965
1.0 0.8182898
1.0 0.8458209
1.0 0.99262685
1.0 0.9941451
1.0 0.99108326
1.0 0.9917996
1.0 0.9890238
1.0 0.9942879
1.0 0.75918835
1.0 0.7378002
1.0 0.9935309
1.0 0.9932352
1.0 0.7027941
1.0 0.9942879
1.0 0.9908234
1.0 0.9913692
1.0 0.99166286
1.0 0.9888553
1.0 0.98928905
1.0 0.9945799
1.0 0.9931364
1.0 0.9881634
1.0 0.9909061
1.0 0.8130872
1.0 0.80616844
1.0 0.9931543
1.0 0.9941934
1.0 0.7410371
1.0 0.993568
1.0 0.9919478
1.0 0.75918835
1.0 0.99262685
1.0 0.9896192
1.0 0.99343795
1.0 0.99166286
1.0 0.99410385
1.0 0.8356865
1.0 0.8388596
1.0 0.9918236
1.0 0.98942775
1.0 0.98836374
1.0 0.989267
1.0 0.9885239
1.0 0.989643
1.0 0.827321
1.0 0.99163365
1.0 0.9913566
1.0 0.8388596
1.0 0.99217176
1.0 0.9930554
1.0 0.98898333
1.0 0.8356865
1.0 0.9893091
1.0 0.9928169
1.0 0.99430853
1.0 0.9893091
1.0 0.99437135
1.0 0.7994358
1.0 0.9938692
1.0 0.9932352
1.0 0.98911965
1.0 0.99108326
1.0 0.9942879
1.0 0.99382544
1.0 0.99166286
1.0 0.989643
1.0 0.98945147
1.0 0.9878498
1.0 0.99301517
1.0 0.9909061
1.0 0.8187278
1.0 0.9915788
1.0 0.98868376
1.0 0.8130872
1.0 0.98911965
1.0 0.9890153
1.0 0.8388596
1.0 0.9886707
1.0 0.9945799
1.0 0.8441083
1.0 0.98740965
1.0 0.9885239
1.0 0.99057263
1.0 0.8458209
1.0 0.9882604
1.0 0.8187278
1.0 0.9934435
1.0 0.9908234
1.0 0.9913692
1.0 0.9931335
1.0 0.9929512
1.0 0.9930554
1.0 0.991185
1.0 0.99057263
1.0 0.9939752
1.0 0.99166286
1.0 0.99123174
1.0 0.9930554
1.0 0.993568
1.0 0.99360573
1.0 0.7268301
1.0 0.98911965
1.0 0.9935309
1.0 0.989643
1.0 0.9912759
1.0 0.9936812
