true vs pred:
1.0 0.9993461
0.0 0.0010699746
0.0 0.92151076
1.0 0.998271
1.0 0.9741295
1.0 0.9993761
1.0 0.98574173
1.0 0.9993216
1.0 0.99937916
0.0 0.0056833224
0.0 0.8079024
1.0 0.998765
1.0 0.99780065
0.0 0.0008483875
1.0 0.9992879
1.0 0.99873275
1.0 0.9992047
0.0 0.014828855
1.0 0.994733
1.0 0.9989901
1.0 0.99932146
1.0 0.9993468
1.0 0.9984875
0.0 0.99433434
1.0 0.99870193
1.0 0.9993349
1.0 0.98179734
0.0 0.00090090494
0.0 0.001480979
0.0 0.002167893
1.0 0.9992694
0.0 0.001164985
0.0 0.0012834381
0.0 0.008105783
1.0 0.9988036
0.0 0.0018047205
0.0 0.0011225283
1.0 0.9993376
1.0 0.9991177
0.0 0.6569629
1.0 0.9988825
1.0 0.9984263
0.0 0.0016774796
0.0 0.00086818315
0.0 0.00096702564
1.0 0.99935836
0.0 0.03724483
1.0 0.9896668
1.0 0.9993888
0.0 0.0018744494
1.0 0.89758474
1.0 0.98312795
1.0 0.9991949
1.0 0.99929094
1.0 0.9993374
0.0 0.0014930185
1.0 0.99884784
0.0 0.0010300243
0.0 0.7715825
0.0 0.0019202572
1.0 0.99932003
0.0 0.001050507
0.0 0.000873811
1.0 0.99924195
1.0 0.9986242
1.0 0.9993716
1.0 0.99593604
1.0 0.9992718
0.0 0.0027012967
1.0 0.9940765
0.0 0.015534566
1.0 0.99923086
1.0 0.99915624
0.0 0.060529582
1.0 0.9993364
1.0 0.99875355
1.0 0.9991278
0.0 0.00087117136
1.0 0.99793315
0.0 0.0008575807
0.0 0.00084649224
1.0 0.99807656
0.0 0.0010693744
1.0 0.99866366
1.0 0.9940701
1.0 0.9879216
0.0 0.0009312198
1.0 0.9973098
0.0 0.0021146405
0.0 0.038623497
1.0 0.99764866
0.0 0.0010662865
0.0 0.001163244
1.0 0.99704117
0.0 0.0009792191
1.0 0.99937695
0.0 0.0038930338
1.0 0.9568118
1.0 0.99854064
0.0 0.0008239791
0.0 0.0009777257
0.0 0.0008895056
0.0 0.0010628332
1.0 0.99926037
1.0 0.9679966
1.0 0.9992855
0.0 0.0017513135
0.0 0.0012915424
0.0 0.0009738703
0.0 0.0017027054
0.0 0.0010612287
0.0 0.00069316203
0.0 0.00086177594
0.0 0.027285615
0.0 0.0015229651
1.0 0.99717087
1.0 0.9993181
1.0 0.9992095
1.0 0.99893373
0.0 0.0010805989
1.0 0.99935704
0.0 0.0031189069
0.0 0.0014930185
0.0 0.03536999
1.0 0.99922264
0.0 0.06741289
0.0 0.0016774796
0.0 0.0027746744
1.0 0.8450872
0.0 0.0056833224
0.0 0.0008992244
1.0 0.99923337
1.0 0.998102
1.0 0.9990206
1.0 0.99081904
0.0 0.0017108364
1.0 0.9986946
0.0 0.0007814357
0.0 0.0008231543
1.0 0.99934703
0.0 0.0009549564
1.0 0.9969464
0.0 0.002949951
0.0 0.0009872424
1.0 0.9974058
1.0 0.99868876
0.0 0.001109686
1.0 0.32087642
1.0 0.9993507
1.0 0.69866186
0.0 0.010920443
0.0 0.0021006644
1.0 0.9992599
0.0 0.64318055
0.0 0.0008895056
1.0 0.9639683
0.0 0.0011941498
0.0 0.0010466555
1.0 0.9993229
0.0 0.0101544475
1.0 0.99936515
0.0 0.05668203
0.0 0.0014508552
0.0 0.0010415621
1.0 0.9906747
0.0 0.00078943215
1.0 0.99831104
1.0 0.9894657
0.0 0.0011792234
0.0 0.0010863515
0.0 0.0055737426
0.0 0.0022122683
1.0 0.99936324
0.0 0.001031742
0.0 0.00121301
0.0 0.0009320093
0.0 0.030043626
1.0 0.99931574
1.0 0.98946536
1.0 0.9993105
1.0 0.99924207
0.0 0.020564271
1.0 0.9992592
0.0 0.00069447485
1.0 0.99936956
0.0 0.0011307886
0.0 0.0009749407
1.0 0.551706
1.0 0.9991284
1.0 0.99930227
1.0 0.99872726
0.0 0.0011547096
1.0 0.18051581
1.0 0.9992987
0.0 0.00695279
1.0 0.99703276
1.0 0.9988944
1.0 0.99893826
0.0 0.0010005254
0.0 0.0009665226
0.0 0.0006885739
1.0 0.99832004
0.0 0.00081306364
0.0 0.0007814357
1.0 0.9982268
0.0 0.015486662
0.0 0.008105783
1.0 0.99936813
1.0 0.99922013
1.0 0.998623
0.0 0.0021033299
1.0 0.9922718
1.0 0.94064057
0.0 0.0008258645
0.0 0.0008650404
0.0 0.3034039
1.0 0.99920064
0.0 0.15575542
0.0 0.0008721963
1.0 0.95486987
1.0 0.9951325
1.0 0.74724203
0.0 0.002291532
0.0 0.0011238101
1.0 0.9591414
1.0 0.99931645
1.0 0.9993569
0.0 0.0008188562
0.0 0.19988924
1.0 0.023703972
