true vs pred:
1.0 0.9980367
1.0 0.9982895
1.0 0.997929
1.0 0.9546659
1.0 0.9987502
0.0 0.4225918
0.0 0.007567111
1.0 0.9983901
1.0 0.99863714
1.0 0.62043923
1.0 0.99868864
1.0 0.9973907
1.0 0.99735355
1.0 0.98750603
1.0 0.99700576
1.0 0.9983034
1.0 0.9401871
1.0 0.9605125
0.0 0.03331174
1.0 0.99869245
1.0 0.9110278
1.0 0.99809116
1.0 0.99846965
1.0 0.9986511
1.0 0.998657
1.0 0.99869424
1.0 0.99854773
1.0 0.998456
1.0 0.90567
1.0 0.9986111
1.0 0.99864227
1.0 0.9980076
1.0 0.97976595
1.0 0.9985911
0.0 0.15136784
1.0 0.97100663
1.0 0.98717695
0.0 0.10881459
1.0 0.9986387
1.0 0.9987562
1.0 0.9983901
1.0 0.9987239
0.0 0.061656468
0.0 0.018855298
1.0 0.9776258
1.0 0.9986111
1.0 0.99589807
1.0 0.9979255
1.0 0.9985983
1.0 0.9980915
1.0 0.99804795
0.0 0.17293185
1.0 0.7343566
0.0 0.005298034
1.0 0.9850101
1.0 0.99825674
1.0 0.8158703
1.0 0.9731982
1.0 0.9984112
1.0 0.7725279
1.0 0.16041921
1.0 0.9983725
1.0 0.99681145
1.0 0.99822646
1.0 0.99764365
1.0 0.9927003
1.0 0.99628276
1.0 0.9986395
1.0 0.80926853
0.0 0.7416806
1.0 0.99854064
1.0 0.99802303
1.0 0.96735907
1.0 0.8948333
1.0 0.99852556
0.0 0.09996358
1.0 0.9974503
0.0 0.039892957
0.0 0.006704952
1.0 0.8505116
1.0 0.9888693
1.0 0.05400258
1.0 0.9940586
1.0 0.9982578
1.0 0.9987239
1.0 0.998548
1.0 0.997825
0.0 0.9264058
1.0 0.9974256
1.0 0.9979693
1.0 0.9981664
0.0 0.04674178
1.0 0.998536
1.0 0.9981548
1.0 0.9986299
1.0 0.9473744
1.0 0.9984486
0.0 0.0250773
0.0 0.04675958
1.0 0.9776494
1.0 0.9985676
1.0 0.9979721
0.0 0.0031134128
1.0 0.9985506
0.0 0.2128581
1.0 0.99806434
1.0 0.9987238
0.0 0.067216165
0.0 0.06882459
1.0 0.99655294
1.0 0.9952851
1.0 0.99331903
1.0 0.9077157
1.0 0.996182
1.0 0.9969062
1.0 0.8185677
1.0 0.97441274
1.0 0.99075437
1.0 0.9985233
1.0 0.9986689
0.0 0.7564334
1.0 0.96735907
1.0 0.9797754
1.0 0.99326795
1.0 0.22390409
1.0 0.9970402
1.0 0.9985422
1.0 0.9984322
0.0 0.061108377
1.0 0.9978788
1.0 0.9983558
0.0 0.16104174
1.0 0.9954619
0.0 0.051846933
1.0 0.9985676
0.0 0.13581273
1.0 0.9963804
1.0 0.99867886
1.0 0.9927532
1.0 0.9979528
1.0 0.056026317
1.0 0.99855846
1.0 0.9983877
1.0 0.998765
1.0 0.9967694
1.0 0.9980318
1.0 0.98829776
0.0 0.25872242
1.0 0.9986761
1.0 0.99794286
1.0 0.99819046
1.0 0.99835134
1.0 0.9977608
1.0 0.99838364
0.0 0.0448298
1.0 0.94702125
1.0 0.9986866
1.0 0.9983543
1.0 0.9987099
1.0 0.97913456
1.0 0.99755245
1.0 0.9983783
1.0 0.99135584
1.0 0.9974999
1.0 0.99860436
1.0 0.9986743
1.0 0.9954857
1.0 0.9686751
1.0 0.99866235
1.0 0.99766773
1.0 0.99822587
1.0 0.9986525
1.0 0.9805218
1.0 0.9716603
1.0 0.9977755
1.0 0.10442279
1.0 0.99836403
1.0 0.20421094
1.0 0.9983121
1.0 0.87901175
1.0 0.99794024
1.0 0.95395154
1.0 0.9985971
1.0 0.95882386
1.0 0.9971245
1.0 0.99764806
1.0 0.99724567
1.0 0.9986494
1.0 0.9981743
0.0 0.13323373
1.0 0.9978035
1.0 0.7189806
1.0 0.9711466
1.0 0.94307065
1.0 0.9982692
1.0 0.99869555
1.0 0.99827933
1.0 0.9983543
1.0 0.9982408
1.0 0.99860245
1.0 0.9987674
1.0 0.9090741
0.0 0.10248817
1.0 0.99759847
1.0 0.9985409
1.0 0.8785937
1.0 0.9931037
1.0 0.9982679
1.0 0.9981229
1.0 0.9646915
1.0 0.99448365
1.0 0.9987099
1.0 0.998629
1.0 0.99071586
1.0 0.99800605
1.0 0.9577556
1.0 0.9982679
1.0 0.99638724
1.0 0.98134816
1.0 0.9986525
1.0 0.99785584
0.0 0.14483783
1.0 0.99875224
1.0 0.864854
0.0 0.13715102
1.0 0.99872833
1.0 0.99823976
1.0 0.9986376
1.0 0.9980611
1.0 0.99718314
