true vs pred:
1.0 0.9142845
1.0 0.9797891
1.0 0.9776964
1.0 0.95147467
1.0 0.98752683
1.0 0.9974147
1.0 0.9971
1.0 0.95683897
0.0 0.02165392
1.0 0.90742356
1.0 0.9634573
1.0 0.9595339
1.0 0.6168833
1.0 0.99645305
1.0 0.9464261
0.0 0.1037283
1.0 0.99754936
1.0 0.98196477
1.0 0.9966966
1.0 0.99584526
1.0 0.9930958
0.0 0.048164003
1.0 0.983752
0.0 0.30231696
1.0 0.4274082
1.0 0.99700767
1.0 0.9969023
1.0 0.98483086
1.0 0.9915044
1.0 0.9960425
1.0 0.9973928
1.0 0.9954384
0.0 0.6544057
1.0 0.99680245
1.0 0.9948478
1.0 0.99685895
1.0 0.93004566
1.0 0.9969892
1.0 0.9464261
1.0 0.6237728
1.0 0.65314764
0.0 0.23537445
1.0 0.7142629
1.0 0.9155296
1.0 0.9940388
1.0 0.9838336
1.0 0.9324328
1.0 0.5079366
1.0 0.97753227
1.0 0.38786548
1.0 0.9947923
1.0 0.6807546
1.0 0.6391611
1.0 0.91304827
1.0 0.99650514
1.0 0.9957463
1.0 0.51442623
0.0 0.19111814
1.0 0.93230665
1.0 0.9877028
0.0 0.7304322
1.0 0.98898894
1.0 0.99693334
1.0 0.97436166
1.0 0.9938193
1.0 0.99601907
1.0 0.9974802
1.0 0.967196
1.0 0.76558185
1.0 0.99687344
1.0 0.9970285
1.0 0.99730825
0.0 0.94357574
1.0 0.9723412
1.0 0.99687165
1.0 0.99362755
1.0 0.99513596
1.0 0.9974605
0.0 0.077827044
1.0 0.9956279
1.0 0.99179816
1.0 0.9815026
0.0 0.17007795
1.0 0.9974221
1.0 0.96299785
1.0 0.99655885
1.0 0.99377406
1.0 0.7083305
1.0 0.89016783
1.0 0.9814361
1.0 0.99650866
1.0 0.97004503
0.0 0.119141415
0.0 0.21170324
1.0 0.9901753
1.0 0.9952467
1.0 0.9684779
1.0 0.9370471
1.0 0.99752384
0.0 0.7367398
0.0 0.055810574
1.0 0.9903679
0.0 0.08268651
1.0 0.8942631
1.0 0.98023075
1.0 0.9972228
1.0 0.9971929
1.0 0.9230197
1.0 0.91304827
1.0 0.9967302
0.0 0.8070583
1.0 0.99454087
1.0 0.7805507
1.0 0.69209164
1.0 0.99667966
1.0 0.99723923
1.0 0.96925956
1.0 0.9914089
0.0 0.18284494
1.0 0.41595724
1.0 0.9771976
1.0 0.9972264
0.0 0.0949659
1.0 0.99694914
0.0 0.8905499
0.0 0.82168406
1.0 0.9464261
1.0 0.9968746
1.0 0.71623003
1.0 0.9974909
1.0 0.99727386
1.0 0.99609166
1.0 0.99714977
1.0 0.9971379
1.0 0.9918079
1.0 0.9897323
0.0 0.2494739
1.0 0.8479751
0.0 0.12310678
0.0 0.5259398
1.0 0.89343095
1.0 0.9835992
1.0 0.99686193
1.0 0.9932508
1.0 0.99725145
0.0 0.65264326
1.0 0.83667284
1.0 0.9354931
1.0 0.9663883
1.0 0.5539379
1.0 0.99574214
1.0 0.9518039
1.0 0.8080288
1.0 0.97624505
1.0 0.9972312
0.0 0.09634607
0.0 0.21675214
1.0 0.73169607
1.0 0.9816051
0.0 0.13272214
0.0 0.19890383
0.0 0.18989186
1.0 0.9444294
0.0 0.73962295
1.0 0.9974017
0.0 0.53391075
1.0 0.9762229
1.0 0.9881208
1.0 0.56044674
1.0 0.93254054
1.0 0.955654
1.0 0.9896024
1.0 0.98366827
1.0 0.99699956
1.0 0.99688345
1.0 0.986819
1.0 0.9903334
1.0 0.99685526
1.0 0.9784066
0.0 0.31030247
1.0 0.9933797
1.0 0.9759769
1.0 0.7293575
1.0 0.9947712
0.0 0.1861312
0.0 0.38624337
1.0 0.997115
1.0 0.99722594
1.0 0.996899
1.0 0.9884328
1.0 0.92032593
1.0 0.99712926
1.0 0.99709666
1.0 0.8734506
0.0 0.06875003
1.0 0.39726454
1.0 0.9818138
0.0 0.5695941
1.0 0.997156
1.0 0.96586514
1.0 0.94401747
1.0 0.99613035
1.0 0.929701
1.0 0.53793913
1.0 0.9936109
1.0 0.99739754
1.0 0.996793
1.0 0.99680245
1.0 0.9973845
1.0 0.997246
1.0 0.997509
1.0 0.77761143
1.0 0.98445904
1.0 0.99619126
0.0 0.4964115
0.0 0.6064074
0.0 0.10354048
1.0 0.97454095
1.0 0.12017487
1.0 0.78906435
0.0 0.51693076
1.0 0.87494373
1.0 0.98958033
1.0 0.8934232
0.0 0.18881156
1.0 0.862354
0.0 0.60368705
1.0 0.997156
1.0 0.9754194
1.0 0.6178622
