true vs pred:
1.0 0.91021806
1.0 0.9998223
1.0 0.99972314
1.0 0.9998061
1.0 0.9991584
1.0 0.9998317
1.0 0.9997832
1.0 0.90190744
1.0 0.9997614
1.0 0.9998223
1.0 0.9998104
1.0 0.99982136
1.0 0.99965
1.0 0.89244586
1.0 0.999818
1.0 0.9998417
1.0 0.99983346
1.0 0.6942582
1.0 0.9998332
1.0 0.9855216
1.0 0.99982494
1.0 0.9997578
1.0 0.9998204
1.0 0.9998317
1.0 0.9997515
1.0 0.99968576
1.0 0.999818
1.0 0.99982566
1.0 0.9991584
1.0 0.99946886
1.0 0.99976665
1.0 0.99882513
1.0 0.99975497
1.0 0.99978584
1.0 0.99978656
1.0 0.99947196
1.0 0.9997515
1.0 0.9997515
1.0 0.99983346
1.0 0.9998223
1.0 0.9998447
1.0 0.99982244
1.0 0.9996768
1.0 0.99984276
1.0 0.9997999
1.0 0.99885154
1.0 0.9998362
1.0 0.99980754
1.0 0.9998417
1.0 0.9448351
1.0 0.9996264
1.0 0.99983156
1.0 0.84985477
1.0 0.99976665
1.0 0.99978584
1.0 0.99980754
1.0 0.9996793
1.0 0.99983084
1.0 0.86135757
1.0 0.6942582
1.0 0.9998332
1.0 0.99976665
1.0 0.99882513
1.0 0.99982494
1.0 0.9998275
1.0 0.9998375
1.0 0.99984586
1.0 0.9294346
1.0 0.999765
1.0 0.99980754
1.0 0.9823621
1.0 0.99933165
1.0 0.9998259
1.0 0.928668
1.0 0.91995484
1.0 0.9998349
1.0 0.90190744
1.0 0.9823621
1.0 0.9998259
1.0 0.9998118
1.0 0.99965
1.0 0.99933165
1.0 0.99968576
1.0 0.9997515
1.0 0.9997999
1.0 0.99984276
1.0 0.9997578
1.0 0.99980944
1.0 0.928668
1.0 0.999818
1.0 0.9998259
1.0 0.99945956
1.0 0.9997191
1.0 0.9998324
1.0 0.9996793
1.0 0.999658
1.0 0.99979204
1.0 0.99983084
1.0 0.99980193
1.0 0.9998104
1.0 0.999765
1.0 0.9994709
1.0 0.99975497
1.0 0.99882513
1.0 0.9997569
1.0 0.99980897
1.0 0.9997614
1.0 0.99982905
1.0 0.9996264
1.0 0.9997249
1.0 0.9997708
1.0 0.99957675
1.0 0.99975497
1.0 0.8684941
1.0 0.9998318
1.0 0.9995759
1.0 0.99983823
1.0 0.9997806
1.0 0.99957675
1.0 0.99983156
1.0 0.99974877
1.0 0.4848249
1.0 0.9997999
1.0 0.9855216
1.0 0.9998349
1.0 0.99983084
1.0 0.9998362
1.0 0.9998317
1.0 0.9995759
1.0 0.99977416
1.0 0.99980694
1.0 0.9294346
1.0 0.99980944
1.0 0.99968576
1.0 0.99974257
1.0 0.9997445
1.0 0.99977416
1.0 0.99974567
1.0 0.9998447
1.0 0.99980897
1.0 0.99983144
1.0 0.99976665
1.0 0.99951196
1.0 0.9998275
1.0 0.99965
1.0 0.9996264
1.0 0.9574565
1.0 0.9998343
1.0 0.98544717
1.0 0.999818
1.0 0.9998349
1.0 0.9738159
1.0 0.9997249
1.0 0.99984586
1.0 0.9998223
1.0 0.99946886
1.0 0.9991584
1.0 0.98909134
1.0 0.9998447
1.0 0.99882513
1.0 0.9997025
1.0 0.9989625
1.0 0.99979204
1.0 0.99978656
1.0 0.9998275
1.0 0.99938726
1.0 0.99980694
1.0 0.99984586
1.0 0.99980754
1.0 0.9998405
1.0 0.9998447
1.0 0.9998447
1.0 0.9996264
1.0 0.99980897
1.0 0.999658
1.0 0.99984586
1.0 0.9994709
1.0 0.91995484
1.0 0.9294346
1.0 0.99922204
1.0 0.9998223
1.0 0.91021806
1.0 0.99984586
1.0 0.9997249
1.0 0.9448351
1.0 0.99978584
1.0 0.9998447
1.0 0.99904495
1.0 0.99983144
1.0 0.9992046
1.0 0.9998362
1.0 0.9998317
1.0 0.88609403
1.0 0.86135757
1.0 0.9997025
1.0 0.9991584
1.0 0.8684941
1.0 0.9997191
1.0 0.99974257
1.0 0.9997445
1.0 0.9998343
1.0 0.9994709
1.0 0.9992829
1.0 0.99970156
1.0 0.9993026
1.0 0.9998405
1.0 0.9997578
1.0 0.90190744
1.0 0.9998349
1.0 0.9355621
1.0 0.99957675
1.0 0.9997708
1.0 0.99974567
1.0 0.9998447
1.0 0.99965
1.0 0.99957675
1.0 0.9982274
1.0 0.89244586
1.0 0.99972314
1.0 0.99974567
1.0 0.9998375
1.0 0.9998118
1.0 0.9792923
1.0 0.9997708
1.0 0.99978584
1.0 0.9998259
1.0 0.9997421
1.0 0.99982905
1.0 0.96770746
1.0 0.86135757
1.0 0.9997614
1.0 0.99979204
1.0 0.99983346
1.0 0.9997862
1.0 0.9997862
1.0 0.99977976
1.0 0.99982905
1.0 0.99947196
1.0 0.9028198
1.0 0.4848249
1.0 0.9997478
1.0 0.9998417
1.0 0.9448351
1.0 0.9998375
1.0 0.9994777
1.0 0.99946886
1.0 0.99978656
1.0 0.5246741
1.0 0.98909134
1.0 0.99983156
1.0 0.99983346
1.0 0.999765
1.0 0.999765
1.0 0.9997515
1.0 0.999658
1.0 0.9998061
1.0 0.99885154
1.0 0.4848249
1.0 0.4848249
1.0 0.9823621
1.0 0.9998349
1.0 0.99965
1.0 0.99882513
1.0 0.9997614
1.0 0.999658
1.0 0.9998394
1.0 0.9994103
1.0 0.99977976
1.0 0.99951196
1.0 0.99907565
1.0 0.9998324
1.0 0.9998275
1.0 0.9992494
1.0 0.99983144
1.0 0.4848249
1.0 0.9997832
1.0 0.99978656
1.0 0.9996768
1.0 0.9998275
1.0 0.9996264
1.0 0.99957675
1.0 0.9997862
1.0 0.9997515
1.0 0.98886687
1.0 0.9998461
1.0 0.99974877
1.0 0.99976665
1.0 0.9997862
1.0 0.9998118
1.0 0.99982136
1.0 0.9448351
1.0 0.9998318
1.0 0.99983156
1.0 0.912042
1.0 0.99951196
1.0 0.86135757
1.0 0.99970156
1.0 0.9998405
1.0 0.99977976
1.0 0.84985477
1.0 0.9998405
1.0 0.9993574
1.0 0.99978656
1.0 0.9998349
1.0 0.9998318
1.0 0.98909134
1.0 0.9998332
1.0 0.91995484
1.0 0.99983084
1.0 0.99983156
1.0 0.99946886
1.0 0.9998317
1.0 0.9998447
1.0 0.9998417
1.0 0.9997708
1.0 0.88609403
1.0 0.9998362
1.0 0.9993026
1.0 0.89244586
1.0 0.999765
1.0 0.999818
1.0 0.99978536
1.0 0.99820447
1.0 0.9997515
1.0 0.99974257
1.0 0.9996451
1.0 0.954744
1.0 0.9992472
1.0 0.90190744
1.0 0.84985477
1.0 0.99938726
1.0 0.99947196
1.0 0.9998317
1.0 0.9028198
1.0 0.99982244
1.0 0.9998118
1.0 0.91021806
1.0 0.9996264
1.0 0.99885154
1.0 0.99957675
1.0 0.9994103
1.0 0.8174083
1.0 0.9998349
1.0 0.9997249
1.0 0.9994709
1.0 0.99978584
1.0 0.9997421
1.0 0.73373973
1.0 0.9855216
1.0 0.9998332
1.0 0.9997025
1.0 0.999818
1.0 0.9997862
1.0 0.99820447
1.0 0.99970156
1.0 0.9997249
1.0 0.9998343
1.0 0.9998259
1.0 0.99980193
1.0 0.99977976
1.0 0.9823621
1.0 0.8174083
1.0 0.99977416
1.0 0.9997478
1.0 0.9992829
1.0 0.9994609
1.0 0.99960107
1.0 0.9294346
1.0 0.99983823
1.0 0.91021806
1.0 0.9992494
1.0 0.9996264
1.0 0.99970156
1.0 0.9998405
1.0 0.99974877
1.0 0.99983084
1.0 0.99970156
1.0 0.99979204
1.0 0.9028198
1.0 0.9998349
1.0 0.9792923
1.0 0.9574565
1.0 0.99904495
1.0 0.8174083
1.0 0.999818
1.0 0.99983156
1.0 0.99976665
1.0 0.9998394
1.0 0.99970156
1.0 0.99946886
1.0 0.99904495
1.0 0.84985477
1.0 0.99968576
1.0 0.89244586
1.0 0.9998259
1.0 0.9998394
1.0 0.912042
1.0 0.99961734
1.0 0.9997191
1.0 0.9997708
1.0 0.9996264
1.0 0.9998349
1.0 0.9998362
1.0 0.99978536
1.0 0.9738159
1.0 0.91021806
1.0 0.8174083
1.0 0.99983823
1.0 0.9998061
1.0 0.9294346
1.0 0.99981993
1.0 0.9994709
1.0 0.99979204
1.0 0.9998317
1.0 0.9995376
1.0 0.86135757
1.0 0.86135757
1.0 0.6942582
1.0 0.9574565
1.0 0.9738159
1.0 0.4848249
1.0 0.99924374
1.0 0.99984276
1.0 0.99983346
1.0 0.9993026
1.0 0.9997708
1.0 0.99907565
1.0 0.99983084
1.0 0.9998104
1.0 0.9992829
1.0 0.9993574
1.0 0.912042
1.0 0.9997515
1.0 0.9998447
1.0 0.99982905
1.0 0.9998447
1.0 0.73373973
1.0 0.9996264
1.0 0.9997249
1.0 0.9998204
1.0 0.9996793
1.0 0.9998461
1.0 0.9997832
1.0 0.9997421
1.0 0.99938726
1.0 0.5246741
1.0 0.9997249
1.0 0.9998223
1.0 0.9448351
1.0 0.9998104
1.0 0.99946886
1.0 0.99946886
1.0 0.9996793
1.0 0.9995759
1.0 0.99977416
1.0 0.99974877
1.0 0.99980694
1.0 0.99978584
1.0 0.9998362
1.0 0.9998061
1.0 0.99983156
1.0 0.99982905
1.0 0.4848249
1.0 0.99983346
1.0 0.9998417
1.0 0.9997445
1.0 0.9998223
1.0 0.9998118
1.0 0.9998362
1.0 0.9998317
1.0 0.9996264
1.0 0.99981993
1.0 0.98909134
1.0 0.98544717
1.0 0.4848249
1.0 0.91995484
1.0 0.99980694
1.0 0.99978656
1.0 0.99984276
1.0 0.99961734
1.0 0.9998349
1.0 0.99904495
1.0 0.99981993
1.0 0.99984586
1.0 0.9997708
1.0 0.9993026
1.0 0.9982274
1.0 0.9855216
1.0 0.9996451
1.0 0.9994103
1.0 0.99979204
1.0 0.9997614
1.0 0.9738159
1.0 0.9028198
1.0 0.9997421
1.0 0.9998386
1.0 0.9998204
1.0 0.999818
1.0 0.9996768
1.0 0.954744
1.0 0.9998204
1.0 0.9998223
1.0 0.99932957
1.0 0.9993026
1.0 0.99980694
1.0 0.9448351
1.0 0.99977416
1.0 0.999603
1.0 0.999658
1.0 0.99982905
1.0 0.99951196
1.0 0.9998318
1.0 0.9997569
1.0 0.99972314
1.0 0.9994103
1.0 0.99982905
1.0 0.99982905
1.0 0.9998204
1.0 0.9738159
1.0 0.9997515
