true vs pred:
1.0 0.998613
1.0 0.9723769
1.0 0.99474084
1.0 0.9982255
1.0 0.99734384
0.0 0.6652936
1.0 0.9987575
1.0 0.99730587
1.0 0.99814796
0.0 0.699862
0.0 0.48078638
1.0 0.99739325
0.0 0.5492162
1.0 0.9914164
1.0 0.85777885
1.0 0.99315876
1.0 0.9895643
1.0 0.96893454
1.0 0.99474084
1.0 0.99706954
1.0 0.99769884
1.0 0.99441093
1.0 0.98785794
1.0 0.99434954
1.0 0.99758613
0.0 0.3844334
0.0 0.5435253
1.0 0.9929255
1.0 0.99737096
1.0 0.99758613
1.0 0.9983948
1.0 0.9928763
1.0 0.98885214
1.0 0.99810517
0.0 0.44895965
1.0 0.99726367
0.0 0.65233594
1.0 0.9981463
1.0 0.9867705
1.0 0.99727124
1.0 0.9973501
1.0 0.9919416
1.0 0.9752078
1.0 0.98851866
1.0 0.9975847
1.0 0.888941
1.0 0.98885214
1.0 0.99810517
1.0 0.9948127
1.0 0.9972199
1.0 0.9919416
0.0 0.70927376
1.0 0.9937936
1.0 0.99444264
0.0 0.36494675
1.0 0.99734384
1.0 0.9974784
0.0 0.45260513
1.0 0.9972676
1.0 0.99441093
1.0 0.9723769
1.0 0.9752078
1.0 0.9977489
1.0 0.9977489
1.0 0.99739325
1.0 0.99739397
1.0 0.99732614
0.0 0.5492162
1.0 0.9974784
1.0 0.9982255
1.0 0.888941
0.0 0.7069914
1.0 0.997945
0.0 0.38800144
1.0 0.98785794
1.0 0.9972676
1.0 0.99444264
1.0 0.998613
1.0 0.994212
1.0 0.9974516
1.0 0.98885214
1.0 0.9734946
0.0 0.7069914
1.0 0.9760266
1.0 0.9973501
1.0 0.99734217
1.0 0.99685717
1.0 0.98961264
1.0 0.9888104
1.0 0.9919416
1.0 0.9971193
1.0 0.99814796
1.0 0.98885214
1.0 0.99734384
1.0 0.99412966
1.0 0.99874485
1.0 0.8418342
0.0 0.48265812
1.0 0.9987575
1.0 0.9976482
1.0 0.99315876
1.0 0.9982255
1.0 0.98885214
1.0 0.96893454
1.0 0.9911073
1.0 0.99867356
1.0 0.99771655
1.0 0.9973348
1.0 0.99734384
1.0 0.9973348
1.0 0.99769884
0.0 0.7069914
0.0 0.39693326
1.0 0.9969855
1.0 0.9974015
1.0 0.9984995
1.0 0.99761605
1.0 0.89495975
1.0 0.99730587
1.0 0.9969855
1.0 0.9981463
1.0 0.99839646
0.0 0.43634686
1.0 0.98851866
1.0 0.9734946
1.0 0.888941
1.0 0.9982255
1.0 0.9975647
1.0 0.9974311
1.0 0.9981463
1.0 0.99387664
1.0 0.9979803
1.0 0.9752078
0.0 0.6840037
1.0 0.888941
1.0 0.96893454
1.0 0.9895643
0.0 0.45260513
1.0 0.9888104
1.0 0.9987575
1.0 0.99240124
1.0 0.9976793
0.0 0.4237294
1.0 0.9760266
1.0 0.99810517
1.0 0.99694806
0.0 0.39693326
1.0 0.98003
1.0 0.98961264
1.0 0.9928763
1.0 0.9975485
1.0 0.98851866
1.0 0.9975847
1.0 0.99120444
1.0 0.9948127
1.0 0.96962106
0.0 0.45260513
1.0 0.96962106
1.0 0.9974311
1.0 0.99874485
0.0 0.4699774
1.0 0.9867705
1.0 0.9895643
1.0 0.99734384
1.0 0.99867356
0.0 0.3844334
1.0 0.99694806
1.0 0.99694806
1.0 0.99762684
1.0 0.99839646
1.0 0.99745065
1.0 0.99685717
1.0 0.9986602
1.0 0.8930991
0.0 0.44895965
1.0 0.9973348
1.0 0.86328673
1.0 0.9982255
1.0 0.98965186
1.0 0.98851866
1.0 0.9971193
1.0 0.9974784
1.0 0.888941
1.0 0.9754015
1.0 0.9933255
1.0 0.8760503
1.0 0.9937936
1.0 0.99434954
1.0 0.99758613
1.0 0.9981889
0.0 0.70927376
0.0 0.76128334
1.0 0.88149077
1.0 0.99730587
0.0 0.44895965
1.0 0.99726367
1.0 0.9974784
0.0 0.70927376
1.0 0.9973348
1.0 0.8760503
1.0 0.86328673
1.0 0.99444264
1.0 0.9933255
0.0 0.4237294
0.0 0.39693326
0.0 0.33463752
1.0 0.9979803
1.0 0.9969111
1.0 0.9981206
1.0 0.9976793
1.0 0.9969855
1.0 0.9929182
1.0 0.99769884
1.0 0.99758613
1.0 0.99734217
1.0 0.86328673
0.0 0.74217284
1.0 0.99737096
1.0 0.99770147
1.0 0.9972199
1.0 0.99740857
1.0 0.99739397
1.0 0.9976041
1.0 0.99747914
1.0 0.99747914
1.0 0.99770147
1.0 0.97369033
1.0 0.99725455
1.0 0.99734217
0.0 0.36494675
1.0 0.99732614
1.0 0.99441093
1.0 0.9972676
1.0 0.96893454
0.0 0.33463752
0.0 0.65233594
1.0 0.99387664
1.0 0.99369484
1.0 0.9928784
1.0 0.99839646
1.0 0.9974015
1.0 0.9754015
1.0 0.9981463
1.0 0.9986602
1.0 0.85777885
1.0 0.998613
0.0 0.33463752
1.0 0.99441093
1.0 0.99706954
1.0 0.9976793
1.0 0.997945
0.0 0.7069914
1.0 0.99369484
1.0 0.8418342
1.0 0.99387664
1.0 0.99874485
1.0 0.99757355
1.0 0.997945
1.0 0.9975847
1.0 0.8808345
1.0 0.98978466
0.0 0.7015329
1.0 0.9937936
1.0 0.99814796
1.0 0.9974015
1.0 0.9982255
0.0 0.3907034
1.0 0.9983948
1.0 0.8418342
1.0 0.9754015
1.0 0.9974015
1.0 0.99387664
1.0 0.99850947
1.0 0.99769884
1.0 0.9760266
1.0 0.9975847
1.0 0.99745065
1.0 0.99444264
1.0 0.99441093
1.0 0.9760266
1.0 0.9972199
1.0 0.89495975
1.0 0.9982255
1.0 0.9981206
0.0 0.5435253
1.0 0.9987575
1.0 0.99761605
1.0 0.99732614
1.0 0.99874485
0.0 0.7069914
1.0 0.9972199
0.0 0.74217284
1.0 0.99874485
1.0 0.99757487
1.0 0.9973501
1.0 0.99814796
1.0 0.98978466
1.0 0.99757355
1.0 0.99387664
1.0 0.9982931
1.0 0.8760503
1.0 0.85777885
1.0 0.99725455
1.0 0.9973501
0.0 0.5492162
1.0 0.98851866
1.0 0.99474084
1.0 0.99771655
1.0 0.99757487
1.0 0.9928763
1.0 0.9754015
1.0 0.98785794
1.0 0.99240124
1.0 0.98961264
1.0 0.99369484
1.0 0.99769884
1.0 0.99369484
1.0 0.9969111
1.0 0.8930991
1.0 0.99441093
1.0 0.8418342
0.0 0.43634686
0.0 0.3844334
1.0 0.9972199
0.0 0.39693326
1.0 0.99737996
0.0 0.48265812
1.0 0.99412966
1.0 0.9948127
0.0 0.65233594
1.0 0.98885214
1.0 0.99387664
1.0 0.9974433
1.0 0.99727124
1.0 0.99369484
1.0 0.9974015
0.0 0.6840037
1.0 0.9769735
1.0 0.98851866
0.0 0.76128334
1.0 0.9867705
1.0 0.9760266
1.0 0.9981889
1.0 0.98965186
1.0 0.99739397
1.0 0.99771655
1.0 0.99814796
1.0 0.9752078
0.0 0.3907034
1.0 0.9975485
1.0 0.997635
1.0 0.9981889
1.0 0.88149077
1.0 0.9979803
1.0 0.9929182
1.0 0.99734384
1.0 0.9974311
1.0 0.9969111
1.0 0.9986602
1.0 0.9971193
1.0 0.98851866
1.0 0.9969855
1.0 0.96962106
1.0 0.99762684
1.0 0.9972199
1.0 0.98885214
1.0 0.997635
1.0 0.8930991
1.0 0.98961264
1.0 0.9982255
1.0 0.9982255
1.0 0.98961264
1.0 0.9975485
1.0 0.997635
1.0 0.99874485
1.0 0.9948127
1.0 0.99747914
1.0 0.9975647
1.0 0.99874485
1.0 0.998613
1.0 0.9976793
0.0 0.39693326
0.0 0.48078638
1.0 0.99814796
1.0 0.998613
1.0 0.9975485
1.0 0.99771655
1.0 0.99758613
1.0 0.99874485
1.0 0.99769884
1.0 0.9769735
1.0 0.99685717
0.0 0.45260513
1.0 0.99769884
1.0 0.9972199
1.0 0.9928784
1.0 0.99732614
0.0 0.5435253
0.0 0.48078638
1.0 0.9969111
1.0 0.9981463
1.0 0.9986602
1.0 0.99120444
1.0 0.9928763
1.0 0.99734217
1.0 0.9973501
1.0 0.99387664
1.0 0.997945
1.0 0.9974516
1.0 0.9982931
1.0 0.9983948
1.0 0.9933255
1.0 0.8930991
0.0 0.48078638
1.0 0.9760266
1.0 0.9895643
1.0 0.9919416
1.0 0.9754015
1.0 0.9937936
1.0 0.9928763
0.0 0.70927376
0.0 0.3844334
1.0 0.99850947
1.0 0.9929182
1.0 0.8760503
0.0 0.49860084
0.0 0.3844334
1.0 0.9867705
1.0 0.99412966
0.0 0.3844334
1.0 0.98003
1.0 0.9975647
1.0 0.9971193
1.0 0.8418342
1.0 0.9867705
0.0 0.6652936
1.0 0.9969111
1.0 0.9971193
1.0 0.99761605
0.0 0.38800144
1.0 0.9974015
1.0 0.86328673
1.0 0.99369484
0.0 0.44895965
1.0 0.9971193
1.0 0.99727124
1.0 0.9754015
1.0 0.9987575
1.0 0.98785794
1.0 0.9937936
0.0 0.44895965
1.0 0.99747914
1.0 0.99737996
0.0 0.45260513
0.0 0.5492162
1.0 0.9981206
1.0 0.98885214
0.0 0.39693326
1.0 0.99369484
1.0 0.9929182
1.0 0.9948127
1.0 0.9895643
1.0 0.85777885
0.0 0.48265812
1.0 0.86328673
1.0 0.99120444
1.0 0.997635
1.0 0.997635
1.0 0.9979803
1.0 0.888941
0.0 0.74217284
1.0 0.8930991
0.0 0.33463752
0.0 0.36246046
1.0 0.8930991
1.0 0.99762684
1.0 0.99739397
1.0 0.9933255
1.0 0.99814796
1.0 0.9975485
1.0 0.888941
1.0 0.99737096
1.0 0.99771655
1.0 0.9973348
1.0 0.99732614
1.0 0.9888104
1.0 0.9976041
1.0 0.9978257
1.0 0.9754015
0.0 0.44895965
1.0 0.9983948
1.0 0.9928784
1.0 0.99730587
1.0 0.9969111
1.0 0.9975158
1.0 0.9974433
1.0 0.9769735
0.0 0.3907034
1.0 0.9984995
1.0 0.99758613
1.0 0.8808345
0.0 0.36246046
1.0 0.994212
1.0 0.99758613
1.0 0.9979803
1.0 0.9974015
0.0 0.76128334
1.0 0.99725455
1.0 0.99444264
1.0 0.99706954
1.0 0.98885214
0.0 0.4237294
0.0 0.42161825
1.0 0.98851866
1.0 0.99747914
0.0 0.3844334
1.0 0.99769884
0.0 0.699862
1.0 0.96962106
0.0 0.42899764
