true vs pred:
1.0 0.9987243
1.0 0.9972121
1.0 0.9981025
0.0 0.70196193
0.0 0.48549455
1.0 0.9973031
0.0 0.55356306
1.0 0.99117166
1.0 0.85668164
1.0 0.9929636
1.0 0.9892238
1.0 0.96802115
1.0 0.9945786
1.0 0.99699676
1.0 0.9976279
1.0 0.994242
1.0 0.9874163
1.0 0.99417853
1.0 0.9975229
0.0 0.38978338
0.0 0.5468603
1.0 0.99274147
1.0 0.9972807
1.0 0.9975229
1.0 0.9983491
1.0 0.9926851
1.0 0.9884769
1.0 0.99803835
0.0 0.45300022
1.0 0.99716395
0.0 0.6543336
1.0 0.9980811
1.0 0.98630655
1.0 0.99720556
1.0 0.9972548
1.0 0.9917154
1.0 0.97444326
1.0 0.988145
1.0 0.99749917
1.0 0.8888207
1.0 0.9884769
1.0 0.99803835
1.0 0.9946626
1.0 0.9971232
1.0 0.9917154
0.0 0.7098101
1.0 0.9936086
1.0 0.9942774
0.0 0.36936536
1.0 0.9972805
1.0 0.9974004
0.0 0.4569318
1.0 0.9971723
1.0 0.994242
1.0 0.9716391
1.0 0.97444326
1.0 0.99769056
1.0 0.99769056
1.0 0.9973031
1.0 0.9973126
1.0 0.9972344
0.0 0.55356306
1.0 0.9974004
1.0 0.99816364
1.0 0.8888207
0.0 0.7085522
1.0 0.9978708
0.0 0.39250436
1.0 0.9874163
1.0 0.9971723
1.0 0.9942774
1.0 0.99857473
1.0 0.99406236
1.0 0.99737215
1.0 0.9884769
1.0 0.97278196
0.0 0.7085522
1.0 0.9753812
1.0 0.9972548
1.0 0.99725085
1.0 0.9967794
1.0 0.98926765
1.0 0.98844624
1.0 0.9917154
1.0 0.99704844
1.0 0.9981025
1.0 0.9884769
1.0 0.9972805
1.0 0.99395317
1.0 0.9987109
1.0 0.8415747
0.0 0.48714015
1.0 0.9987243
1.0 0.9975648
1.0 0.9929636
1.0 0.99816364
1.0 0.9884769
1.0 0.96802115
1.0 0.9908054
1.0 0.998637
1.0 0.99763656
1.0 0.99726415
1.0 0.9972805
1.0 0.99726415
1.0 0.9976279
0.0 0.7085522
0.0 0.40224403
1.0 0.99691015
1.0 0.9973201
1.0 0.9984578
1.0 0.9975546
1.0 0.8943348
1.0 0.9972121
1.0 0.99691015
1.0 0.9980811
1.0 0.9983425
0.0 0.44082704
1.0 0.988145
1.0 0.97278196
1.0 0.8888207
1.0 0.99816364
1.0 0.99748373
1.0 0.9973441
1.0 0.9980811
1.0 0.99369556
1.0 0.99790704
1.0 0.97444326
0.0 0.6855516
1.0 0.8888207
1.0 0.96802115
1.0 0.9892238
0.0 0.4569318
1.0 0.98844624
1.0 0.9987243
1.0 0.9921996
1.0 0.9976088
0.0 0.42914096
1.0 0.9753812
1.0 0.99803835
1.0 0.9968644
0.0 0.40224403
1.0 0.97945684
1.0 0.98926765
1.0 0.9926851
1.0 0.9974617
1.0 0.988145
1.0 0.99749917
1.0 0.990941
1.0 0.9946626
1.0 0.9687187
0.0 0.4569318
1.0 0.9687187
1.0 0.9973441
1.0 0.9987109
0.0 0.47516614
1.0 0.98630655
1.0 0.9892238
1.0 0.9972805
1.0 0.998637
0.0 0.38978338
1.0 0.9968644
1.0 0.9968644
1.0 0.99756527
1.0 0.9983425
1.0 0.99735653
1.0 0.9967794
1.0 0.99862266
1.0 0.89310837
0.0 0.45300022
1.0 0.99726415
1.0 0.86275214
1.0 0.99816364
1.0 0.98930794
1.0 0.988145
1.0 0.99704844
1.0 0.9974004
1.0 0.8888207
1.0 0.9747322
1.0 0.9931126
1.0 0.8757645
1.0 0.9936086
1.0 0.99417853
1.0 0.9975229
1.0 0.9981249
0.0 0.7098101
0.0 0.76306355
1.0 0.8812085
1.0 0.9972121
0.0 0.45300022
1.0 0.99716395
1.0 0.9974004
0.0 0.7098101
1.0 0.99726415
1.0 0.8757645
1.0 0.86275214
1.0 0.9942774
1.0 0.9931126
0.0 0.42914096
0.0 0.40224403
0.0 0.3391608
1.0 0.99790704
1.0 0.99683857
1.0 0.9980526
1.0 0.9976088
1.0 0.99691015
1.0 0.99273115
1.0 0.9976279
1.0 0.9975229
1.0 0.99725085
1.0 0.86275214
0.0 0.7427625
1.0 0.9972807
1.0 0.99762136
1.0 0.9971232
1.0 0.9973291
1.0 0.9973126
1.0 0.9975303
1.0 0.99739933
1.0 0.99739933
1.0 0.99762136
1.0 0.9729888
1.0 0.99718815
1.0 0.99725085
0.0 0.36936536
1.0 0.9972344
1.0 0.994242
1.0 0.9971723
1.0 0.96802115
0.0 0.3391608
0.0 0.6543336
1.0 0.99369556
1.0 0.99350196
1.0 0.9926866
1.0 0.9983425
1.0 0.9973201
1.0 0.9747322
1.0 0.9980811
1.0 0.99862266
1.0 0.85668164
1.0 0.99857473
0.0 0.3391608
1.0 0.994242
1.0 0.99699676
1.0 0.9976088
1.0 0.9978708
0.0 0.7085522
1.0 0.99350196
1.0 0.8415747
1.0 0.99369556
1.0 0.9987109
1.0 0.9975095
1.0 0.9978708
1.0 0.99749917
1.0 0.8804566
1.0 0.98946077
0.0 0.7026657
1.0 0.9936086
1.0 0.9981025
1.0 0.9973201
1.0 0.99816364
0.0 0.39457977
1.0 0.9983491
1.0 0.8415747
1.0 0.9747322
1.0 0.9973201
1.0 0.99369556
1.0 0.99846715
1.0 0.9976279
1.0 0.9753812
1.0 0.99749917
1.0 0.99735653
1.0 0.9942774
1.0 0.994242
1.0 0.9753812
1.0 0.9971232
1.0 0.8943348
1.0 0.99816364
1.0 0.9980526
0.0 0.5468603
1.0 0.9987243
1.0 0.9975546
1.0 0.9972344
1.0 0.9987109
0.0 0.7085522
1.0 0.9971232
0.0 0.7427625
1.0 0.9987109
1.0 0.99751174
1.0 0.9972548
1.0 0.9981025
1.0 0.98946077
1.0 0.9975095
1.0 0.99369556
1.0 0.99823344
1.0 0.8757645
1.0 0.85668164
1.0 0.99718815
1.0 0.9972548
0.0 0.55356306
1.0 0.988145
1.0 0.9945786
1.0 0.99763656
1.0 0.99751174
1.0 0.9926851
1.0 0.9747322
1.0 0.9874163
1.0 0.9921996
1.0 0.98926765
1.0 0.99350196
1.0 0.9976279
1.0 0.99350196
1.0 0.99683857
1.0 0.89310837
1.0 0.994242
1.0 0.8415747
0.0 0.44082704
0.0 0.38978338
1.0 0.9971232
0.0 0.40224403
1.0 0.9972989
0.0 0.48714015
1.0 0.99395317
1.0 0.9946626
0.0 0.6543336
1.0 0.9884769
1.0 0.99369556
1.0 0.9973513
1.0 0.99720556
1.0 0.99350196
1.0 0.9973201
0.0 0.6855516
1.0 0.97632855
1.0 0.988145
0.0 0.76306355
1.0 0.98630655
1.0 0.9753812
1.0 0.9981249
1.0 0.98930794
1.0 0.9973126
1.0 0.99763656
1.0 0.9981025
1.0 0.97444326
0.0 0.39457977
1.0 0.9974617
1.0 0.9975496
1.0 0.9981249
1.0 0.8812085
1.0 0.99790704
1.0 0.99273115
1.0 0.9972805
1.0 0.9973441
1.0 0.99683857
1.0 0.99862266
1.0 0.99704844
1.0 0.988145
1.0 0.99691015
1.0 0.9687187
1.0 0.99756527
1.0 0.9971232
1.0 0.9884769
1.0 0.9975496
1.0 0.89310837
1.0 0.98926765
1.0 0.99816364
1.0 0.99816364
1.0 0.98926765
1.0 0.9974617
1.0 0.9975496
1.0 0.9987109
1.0 0.9946626
1.0 0.99739933
1.0 0.99748373
1.0 0.9987109
1.0 0.99857473
1.0 0.9976088
0.0 0.40224403
0.0 0.48549455
1.0 0.9981025
1.0 0.99857473
1.0 0.9974617
1.0 0.99763656
1.0 0.9975229
1.0 0.9987109
1.0 0.9976279
1.0 0.97632855
1.0 0.9967794
0.0 0.4569318
1.0 0.9976279
1.0 0.9971232
1.0 0.9926866
1.0 0.9972344
0.0 0.5468603
0.0 0.48549455
1.0 0.99683857
1.0 0.9980811
1.0 0.99862266
1.0 0.990941
1.0 0.9926851
1.0 0.99725085
1.0 0.9972548
1.0 0.99369556
1.0 0.9978708
1.0 0.99737215
1.0 0.99823344
1.0 0.9983491
1.0 0.9931126
1.0 0.89310837
0.0 0.48549455
1.0 0.9753812
1.0 0.9892238
1.0 0.9917154
1.0 0.9747322
1.0 0.9936086
1.0 0.9926851
0.0 0.7098101
0.0 0.38978338
1.0 0.99846715
1.0 0.99273115
1.0 0.8757645
0.0 0.50285584
0.0 0.38978338
1.0 0.98630655
1.0 0.99395317
0.0 0.38978338
1.0 0.97945684
1.0 0.99748373
1.0 0.99704844
1.0 0.8415747
1.0 0.98630655
0.0 0.6673634
1.0 0.99683857
1.0 0.99704844
1.0 0.9975546
0.0 0.39250436
1.0 0.9973201
1.0 0.86275214
1.0 0.99350196
0.0 0.45300022
1.0 0.99704844
1.0 0.99720556
1.0 0.9747322
1.0 0.9987243
1.0 0.9874163
1.0 0.9936086
0.0 0.45300022
1.0 0.99739933
1.0 0.9972989
0.0 0.4569318
0.0 0.55356306
1.0 0.9980526
1.0 0.9884769
0.0 0.40224403
1.0 0.99350196
1.0 0.99273115
1.0 0.9946626
1.0 0.9892238
1.0 0.85668164
0.0 0.48714015
1.0 0.86275214
1.0 0.990941
1.0 0.9975496
1.0 0.9975496
1.0 0.99790704
1.0 0.8888207
0.0 0.7427625
1.0 0.89310837
0.0 0.3391608
0.0 0.36740303
1.0 0.89310837
1.0 0.99756527
1.0 0.9973126
1.0 0.9931126
1.0 0.9981025
1.0 0.9974617
1.0 0.8888207
1.0 0.9972807
1.0 0.99763656
1.0 0.99726415
1.0 0.9972344
1.0 0.98844624
1.0 0.9975303
1.0 0.9977696
1.0 0.9747322
0.0 0.45300022
1.0 0.9983491
1.0 0.9926866
1.0 0.9972121
1.0 0.99683857
1.0 0.9974306
1.0 0.9973513
1.0 0.97632855
0.0 0.39457977
1.0 0.9984578
1.0 0.9975229
1.0 0.8804566
0.0 0.36740303
1.0 0.99406236
1.0 0.9975229
1.0 0.99790704
1.0 0.9973201
0.0 0.76306355
1.0 0.99718815
1.0 0.9942774
1.0 0.99699676
1.0 0.9884769
0.0 0.42914096
0.0 0.42555922
1.0 0.988145
1.0 0.99739933
0.0 0.38978338
1.0 0.9976279
0.0 0.70196193
1.0 0.9687187
0.0 0.43424538
1.0 0.99823344
1.0 0.9716391
1.0 0.998637
1.0 0.9975229
0.0 0.50827163
1.0 0.99846715
