true vs pred:
0.0 0.50900215
1.0 0.99692875
0.0 0.02741926
1.0 0.99875367
0.0 0.036901865
1.0 0.99670887
0.0 0.8326933
0.0 0.052997697
0.0 0.5204972
0.0 0.057283062
0.0 0.124591835
1.0 0.9987085
1.0 0.99607146
1.0 0.959184
0.0 0.044832762
0.0 0.8166771
1.0 0.9962204
0.0 0.4815628
0.0 0.47888526
1.0 0.99674904
1.0 0.99136317
0.0 0.02741926
1.0 0.99893576
1.0 0.99909616
0.0 0.4815628
1.0 0.95752716
1.0 0.99670887
1.0 0.99875367
0.0 0.04939358
1.0 0.99915063
1.0 0.9961521
1.0 0.9991335
0.0 0.057283062
0.0 0.072026014
1.0 0.9960735
0.0 0.040586438
1.0 0.9512147
0.0 0.14135982
1.0 0.9622669
0.0 0.8142068
0.0 0.4803824
1.0 0.95752716
1.0 0.9987067
1.0 0.9961802
1.0 0.9538795
0.0 0.798982
1.0 0.95494354
1.0 0.99900913
0.0 0.052894823
0.0 0.042846754
1.0 0.95508987
1.0 0.99618214
1.0 0.99900913
1.0 0.99901795
1.0 0.95600104
0.0 0.80999374
1.0 0.9967865
0.0 0.032239966
1.0 0.9894382
0.0 0.05157168
1.0 0.99674904
0.0 0.7721641
1.0 0.99876416
1.0 0.9903722
1.0 0.95120347
0.0 0.5398166
0.0 0.7772624
1.0 0.99174666
0.0 0.13954163
0.0 0.80999374
1.0 0.9967865
1.0 0.95954806
1.0 0.99607146
1.0 0.95120347
0.0 0.06820841
1.0 0.94732827
1.0 0.959184
0.0 0.053442884
1.0 0.99875367
1.0 0.995609
0.0 0.031702586
1.0 0.99616206
1.0 0.9538795
0.0 0.4815628
0.0 0.5398166
1.0 0.9990305
1.0 0.9990305
1.0 0.9960735
1.0 0.99553657
1.0 0.9962159
0.0 0.040586438
1.0 0.995609
1.0 0.99670887
0.0 0.13954163
0.0 0.060586214
1.0 0.9962204
0.0 0.056157187
0.0 0.798982
1.0 0.99616206
1.0 0.959184
1.0 0.99909616
1.0 0.9658166
1.0 0.9954993
0.0 0.80999374
0.0 0.50900215
0.0 0.060586214
0.0 0.5204972
1.0 0.9903722
1.0 0.99613523
1.0 0.99865013
0.0 0.8326933
0.0 0.8029475
1.0 0.95120347
1.0 0.9987029
1.0 0.9991335
0.0 0.80999374
1.0 0.99875367
1.0 0.9535788
1.0 0.99914765
0.0 0.09923848
0.0 0.034265812
1.0 0.99915063
1.0 0.9912588
1.0 0.9622669
1.0 0.99670887
0.0 0.80999374
0.0 0.4803824
0.0 0.8542352
1.0 0.9991339
1.0 0.9917887
1.0 0.99893576
1.0 0.99875367
1.0 0.99893576
1.0 0.9961802
0.0 0.060586214
0.0 0.052997697
1.0 0.9986486
1.0 0.99567884
1.0 0.99907494
1.0 0.99902654
0.0 0.16144733
1.0 0.9961521
1.0 0.9986486
1.0 0.99674904
1.0 0.9970187
0.0 0.062094565
0.0 0.7772624
0.0 0.50900215
0.0 0.13954163
1.0 0.99670887
1.0 0.99626595
1.0 0.9961366
1.0 0.99674904
1.0 0.95182025
1.0 0.9964127
0.0 0.5398166
0.0 0.0553755
0.0 0.13954163
0.0 0.4803824
0.0 0.8142068
0.0 0.031702586
0.0 0.8029475
1.0 0.99915063
1.0 0.94794875
1.0 0.9959287
0.0 0.05790122
0.0 0.5204972
1.0 0.9967865
1.0 0.9988727
0.0 0.052997697
0.0 0.58505046
0.0 0.8326933
1.0 0.95600104
1.0 0.99105436
0.0 0.7772624
1.0 0.99174666
1.0 0.94819164
1.0 0.95954806
0.0 0.48136228
0.0 0.031702586
0.0 0.48136228
1.0 0.9961366
1.0 0.99914765
0.0 0.030858237
0.0 0.7721641
0.0 0.8142068
1.0 0.99875367
1.0 0.9991339
0.0 0.052894823
1.0 0.9988727
1.0 0.9988727
1.0 0.99901164
1.0 0.9970187
1.0 0.99092895
1.0 0.99865013
1.0 0.99908936
0.0 0.13619374
0.0 0.032239966
1.0 0.99893576
0.0 0.124591835
1.0 0.99670887
0.0 0.8166771
0.0 0.7772624
1.0 0.9987029
1.0 0.995609
0.0 0.13954163
0.0 0.519698
1.0 0.95448804
0.0 0.12989528
1.0 0.94732827
1.0 0.95494354
1.0 0.99900913
1.0 0.996546
0.0 0.06820841
0.0 0.069176845
0.0 0.13286528
1.0 0.9961521
0.0 0.032239966
1.0 0.9894382
1.0 0.995609
0.0 0.06820841
1.0 0.99893576
0.0 0.12989528
0.0 0.124591835
1.0 0.959184
1.0 0.95448804
0.0 0.05790122
0.0 0.052997697
0.0 0.044832762
1.0 0.9964127
1.0 0.99870205
1.0 0.99654335
1.0 0.9959287
1.0 0.9986486
1.0 0.9563048
1.0 0.9961802
1.0 0.99900913
1.0 0.99613523
0.0 0.124591835
0.0 0.074918844
1.0 0.99618214
1.0 0.9917824
1.0 0.99607146
1.0 0.99551094
1.0 0.99553657
1.0 0.9957255
1.0 0.9957408
1.0 0.9957408
1.0 0.9917824
0.0 0.47888526
1.0 0.99873906
1.0 0.99613523
0.0 0.053442884
1.0 0.9962159
1.0 0.9538795
1.0 0.99616206
0.0 0.4803824
0.0 0.044832762
0.0 0.05157168
1.0 0.95182025
1.0 0.9524813
1.0 0.95442754
1.0 0.9970187
1.0 0.99567884
0.0 0.519698
1.0 0.99674904
1.0 0.99908936
0.0 0.14135982
1.0 0.99909616
0.0 0.044832762
1.0 0.9538795
1.0 0.9987067
1.0 0.9959287
1.0 0.9962204
0.0 0.060586214
1.0 0.9524813
0.0 0.09923848
1.0 0.95182025
1.0 0.99914765
1.0 0.99901295
1.0 0.9962204
1.0 0.99174666
0.0 0.13676234
0.0 0.8197168
0.0 0.06541847
1.0 0.94732827
1.0 0.9991335
1.0 0.99567884
1.0 0.99670887
0.0 0.02741926
1.0 0.99901795
0.0 0.09923848
0.0 0.519698
1.0 0.99567884
1.0 0.95182025
1.0 0.9990687
1.0 0.9961802
0.0 0.5204972
1.0 0.99174666
1.0 0.99092895
1.0 0.959184
1.0 0.9538795
0.0 0.5204972
1.0 0.99607146
0.0 0.16144733
1.0 0.99670887
1.0 0.99654335
0.0 0.042846754
1.0 0.99915063
1.0 0.99902654
1.0 0.9962159
1.0 0.99914765
0.0 0.060586214
1.0 0.99607146
0.0 0.074918844
1.0 0.99914765
1.0 0.99899966
1.0 0.9903722
1.0 0.9991335
0.0 0.8197168
1.0 0.99901295
1.0 0.95182025
1.0 0.9967906
0.0 0.12989528
0.0 0.14135982
1.0 0.99873906
1.0 0.9903722
0.0 0.040586438
0.0 0.7772624
1.0 0.95752716
1.0 0.9917887
1.0 0.99899966
1.0 0.95600104
0.0 0.519698
0.0 0.798982
1.0 0.94794875
0.0 0.8326933
1.0 0.9524813
1.0 0.9961802
1.0 0.9524813
1.0 0.99870205
0.0 0.13619374
1.0 0.9538795
0.0 0.09923848
0.0 0.062094565
0.0 0.052894823
1.0 0.99607146
0.0 0.052997697
1.0 0.9954489
0.0 0.034265812
1.0 0.9535788
1.0 0.95954806
0.0 0.05157168
0.0 0.80999374
1.0 0.95182025
1.0 0.9907319
1.0 0.99876416
1.0 0.9524813
1.0 0.99567884
0.0 0.0553755
0.0 0.55164933
0.0 0.7772624
0.0 0.069176845
0.0 0.7721641
0.0 0.5204972
1.0 0.996546
0.0 0.8166771
1.0 0.99553657
1.0 0.9917887
1.0 0.9991335
0.0 0.5398166
0.0 0.02741926
1.0 0.99105436
1.0 0.99136317
1.0 0.996546
0.0 0.13286528
1.0 0.9964127
1.0 0.9563048
1.0 0.99875367
1.0 0.9961366
1.0 0.99870205
1.0 0.99908936
1.0 0.9987029
0.0 0.7772624
1.0 0.9986486
0.0 0.48136228
1.0 0.99901164
1.0 0.99607146
0.0 0.80999374
1.0 0.99136317
0.0 0.13619374
0.0 0.8326933
1.0 0.99670887
1.0 0.99670887
0.0 0.8326933
1.0 0.99105436
1.0 0.99136317
1.0 0.99914765
1.0 0.95954806
1.0 0.9957408
1.0 0.99626595
1.0 0.99914765
1.0 0.99909616
1.0 0.9959287
0.0 0.052997697
0.0 0.072026014
1.0 0.9991335
1.0 0.99909616
1.0 0.99105436
1.0 0.9917887
1.0 0.99900913
1.0 0.99914765
1.0 0.9961802
0.0 0.55164933
1.0 0.99865013
0.0 0.031702586
1.0 0.9961802
1.0 0.99607146
1.0 0.95442754
1.0 0.9962159
0.0 0.042846754
0.0 0.072026014
1.0 0.99870205
1.0 0.99674904
1.0 0.99908936
1.0 0.94819164
1.0 0.95600104
1.0 0.99613523
1.0 0.9903722
1.0 0.95182025
1.0 0.9962204
1.0 0.9954993
1.0 0.9967906
1.0 0.99901795
1.0 0.95448804
0.0 0.13619374
0.0 0.072026014
0.0 0.5204972
0.0 0.8142068
1.0 0.95120347
0.0 0.519698
1.0 0.94732827
1.0 0.95600104
0.0 0.06820841
0.0 0.052894823
1.0 0.9990687
1.0 0.9563048
0.0 0.12989528
0.0 0.036901865
0.0 0.052894823
0.0 0.7721641
1.0 0.9535788
0.0 0.052894823
0.0 0.58505046
1.0 0.99626595
1.0 0.9987029
0.0 0.09923848
0.0 0.7721641
0.0 0.04939358
1.0 0.99870205
1.0 0.9987029
1.0 0.99902654
0.0 0.056157187
1.0 0.99567884
0.0 0.124591835
1.0 0.9524813
0.0 0.032239966
1.0 0.9987029
1.0 0.99876416
0.0 0.519698
1.0 0.99915063
0.0 0.798982
1.0 0.94732827
0.0 0.032239966
1.0 0.9957408
1.0 0.9954489
0.0 0.031702586
0.0 0.040586438
1.0 0.99654335
0.0 0.80999374
0.0 0.052997697
1.0 0.9524813
1.0 0.9563048
1.0 0.95954806
0.0 0.8142068
0.0 0.14135982
0.0 0.034265812
0.0 0.124591835
1.0 0.94819164
1.0 0.99136317
1.0 0.99136317
1.0 0.9964127
0.0 0.13954163
0.0 0.074918844
0.0 0.13619374
0.0 0.044832762
0.0 0.049832232
0.0 0.13619374
1.0 0.99901164
1.0 0.99553657
1.0 0.95448804
1.0 0.9991335
1.0 0.99105436
0.0 0.13954163
1.0 0.99618214
1.0 0.9917887
1.0 0.99893576
1.0 0.9962159
0.0 0.8029475
1.0 0.9957255
1.0 0.99904567
0.0 0.519698
0.0 0.032239966
1.0 0.99901795
1.0 0.95442754
1.0 0.9961521
1.0 0.99870205
1.0 0.996152
1.0 0.9907319
0.0 0.55164933
