true vs pred:
1.0 0.9970974
1.0 0.7336065
1.0 0.943909
0.0 0.75946414
1.0 0.9146055
1.0 0.9949522
1.0 0.947679
1.0 0.9973003
1.0 0.8327262
1.0 0.9961863
1.0 0.9965473
1.0 0.19622423
1.0 0.1849462
1.0 0.9440524
1.0 0.98751986
1.0 0.97319734
1.0 0.9949226
1.0 0.8252238
1.0 0.13136487
0.0 0.07412164
1.0 0.9968266
1.0 0.985926
1.0 0.99583876
0.0 0.72122055
1.0 0.82675374
1.0 0.9971193
1.0 0.98441505
1.0 0.8897177
0.0 0.3536083
1.0 0.996163
1.0 0.99758816
0.0 0.04076309
1.0 0.6969096
1.0 0.97150683
1.0 0.99732214
1.0 0.98509896
1.0 0.997689
1.0 0.71305645
1.0 0.9146055
0.0 0.48091587
1.0 0.9905958
1.0 0.99190736
1.0 0.84937024
1.0 0.9891924
1.0 0.89441496
1.0 0.9975957
1.0 0.99757224
1.0 0.9940439
1.0 0.99717593
1.0 0.9970234
0.0 0.063529
0.0 0.9147658
1.0 0.9959461
1.0 0.9936498
1.0 0.99703276
1.0 0.86417955
1.0 0.9953666
1.0 0.9968263
0.0 0.26826486
1.0 0.92832047
1.0 0.99624157
1.0 0.99439174
1.0 0.898275
0.0 0.16298883
1.0 0.995507
1.0 0.9973767
1.0 0.99592316
0.0 0.1236038
1.0 0.89593863
1.0 0.9910947
0.0 0.12908806
0.0 0.16298883
0.0 0.7169275
1.0 0.97888285
1.0 0.9969561
1.0 0.9965687
1.0 0.7422757
1.0 0.98937726
1.0 0.98475593
1.0 0.74964523
1.0 0.66090727
1.0 0.98414916
1.0 0.9970222
1.0 0.99468464
0.0 0.040956795
1.0 0.9354771
1.0 0.9972651
0.0 0.75946414
1.0 0.9962113
0.0 0.10830453
1.0 0.996636
0.0 0.7000675
1.0 0.9892042
1.0 0.8682498
1.0 0.9674779
0.0 0.18830521
0.0 0.74284667
1.0 0.40100732
1.0 0.99340254
1.0 0.99624157
1.0 0.99674326
1.0 0.99457103
1.0 0.99703276
1.0 0.99686146
1.0 0.98741674
1.0 0.9976419
1.0 0.82400304
1.0 0.63159454
1.0 0.9975284
1.0 0.9951109
1.0 0.5807106
1.0 0.99628663
1.0 0.52094907
1.0 0.96376395
0.0 0.09245114
1.0 0.9221986
1.0 0.997479
1.0 0.9961455
0.0 0.5424342
1.0 0.986252
1.0 0.99622947
1.0 0.9822113
0.0 0.02595081
1.0 0.9965389
1.0 0.9905652
0.0 0.23637496
1.0 0.96441543
1.0 0.4198621
0.0 0.09630129
0.0 0.73701096
0.0 0.8458209
1.0 0.9970702
1.0 0.50712705
1.0 0.9936659
1.0 0.99583876
0.0 0.7555957
1.0 0.8460938
1.0 0.996795
1.0 0.9773088
0.0 0.40985024
1.0 0.9752112
1.0 0.8383845
1.0 0.9968201
1.0 0.98224
1.0 0.9644886
1.0 0.9890939
0.0 0.49092442
1.0 0.8119713
1.0 0.25365207
0.0 0.2869787
0.0 0.5897168
1.0 0.9208056
1.0 0.9961455
0.0 0.063312285
1.0 0.9706726
1.0 0.99662435
1.0 0.8583898
1.0 0.79370564
0.0 0.7522421
1.0 0.10026314
1.0 0.990728
0.0 0.726346
1.0 0.9415923
1.0 0.76354903
1.0 0.9928958
0.0 0.20834856
1.0 0.99628663
1.0 0.996323
1.0 0.9930559
1.0 0.9812118
1.0 0.86044675
1.0 0.99558383
0.0 0.0601707
1.0 0.9973477
1.0 0.9963081
1.0 0.9647598
0.0 0.0378113
1.0 0.9863923
1.0 0.9973711
1.0 0.9647598
1.0 0.9973476
1.0 0.44437724
1.0 0.47119442
1.0 0.99599767
1.0 0.70362747
1.0 0.9976399
1.0 0.99364704
1.0 0.9814765
1.0 0.9790743
0.0 0.034685936
1.0 0.9975452
1.0 0.52094907
1.0 0.96156883
0.0 0.39842075
1.0 0.9941651
0.0 0.44066772
1.0 0.9775369
1.0 0.99743134
1.0 0.9865781
1.0 0.9957873
0.0 0.13990198
0.0 0.9423088
1.0 0.99729437
1.0 0.9969073
1.0 0.9851574
1.0 0.9885824
1.0 0.9949222
1.0 0.96336293
1.0 0.99468464
1.0 0.932756
0.0 0.226115
0.0 0.36921397
1.0 0.8527466
0.0 0.14838138
1.0 0.99456066
1.0 0.69965076
1.0 0.96392065
1.0 0.22611696
1.0 0.21380691
0.0 0.3587215
1.0 0.9972258
1.0 0.99525887
1.0 0.89593863
1.0 0.982958
1.0 0.97773427
1.0 0.97676075
1.0 0.988184
1.0 0.9974727
1.0 0.9974832
1.0 0.86417955
