true vs pred:
0.0 0.852432
1.0 0.9876045
1.0 0.99813473
1.0 0.9987081
0.0 0.16144294
1.0 0.9992429
1.0 0.9974548
1.0 0.9991079
0.0 0.18444432
0.0 0.16047336
1.0 0.99745184
0.0 0.11658573
1.0 0.9834282
0.0 0.421466
1.0 0.9871336
1.0 0.96112317
0.0 0.8467096
1.0 0.9876045
1.0 0.9986357
1.0 0.9977024
1.0 0.9865616
1.0 0.95668113
1.0 0.986652
1.0 0.99894327
0.0 0.11310187
0.0 0.12161849
1.0 0.9855424
1.0 0.9974847
1.0 0.99894327
1.0 0.9991013
1.0 0.9856371
1.0 0.95932746
1.0 0.99810576
0.0 0.08772658
1.0 0.9959824
0.0 0.16181222
1.0 0.9981059
1.0 0.9503551
1.0 0.99870074
1.0 0.99621886
1.0 0.98397183
0.0 0.8784679
1.0 0.95424026
1.0 0.99663085
0.0 0.4391672
1.0 0.95932746
1.0 0.99810576
1.0 0.98785
1.0 0.9973814
1.0 0.98397183
0.0 0.21282972
1.0 0.98479015
1.0 0.9873395
0.0 0.1123794
1.0 0.9987081
1.0 0.9974139
0.0 0.087346435
1.0 0.9974389
1.0 0.9865616
0.0 0.852432
0.0 0.8784679
1.0 0.9989819
1.0 0.9989819
1.0 0.99745184
1.0 0.9973539
1.0 0.9974763
0.0 0.11658573
1.0 0.9974139
1.0 0.99813473
0.0 0.4391672
0.0 0.19458525
1.0 0.9978644
0.0 0.11991666
1.0 0.95668113
1.0 0.9974389
1.0 0.9873395
1.0 0.99918383
1.0 0.98866165
1.0 0.99736834
1.0 0.95932746
0.0 0.86381185
0.0 0.19458525
0.0 0.8728139
1.0 0.99621886
1.0 0.9974552
1.0 0.99856585
1.0 0.96383613
1.0 0.958068
1.0 0.98397183
1.0 0.99864346
1.0 0.9991079
1.0 0.95932746
1.0 0.9987081
1.0 0.986102
1.0 0.99923754
0.0 0.33890972
0.0 0.09528059
1.0 0.9992429
1.0 0.99659145
1.0 0.9871336
1.0 0.99813473
1.0 0.95932746
0.0 0.8467096
1.0 0.9694417
1.0 0.9992169
1.0 0.9967534
1.0 0.9988606
1.0 0.9987081
1.0 0.9988606
1.0 0.9977024
0.0 0.19458525
0.0 0.11613762
1.0 0.9985868
1.0 0.99741745
1.0 0.99915135
1.0 0.9989593
0.0 0.48206425
1.0 0.9974548
1.0 0.9985868
1.0 0.9981059
1.0 0.9983033
0.0 0.13783185
1.0 0.95424026
0.0 0.86381185
0.0 0.4391672
1.0 0.99813473
1.0 0.99758637
1.0 0.9974946
1.0 0.9981059
1.0 0.9855033
1.0 0.99794394
0.0 0.8784679
0.0 0.17871287
0.0 0.4391672
0.0 0.8467096
1.0 0.96112317
0.0 0.087346435
1.0 0.958068
1.0 0.9992429
1.0 0.9838292
1.0 0.9975902
0.0 0.12844837
0.0 0.8728139
1.0 0.99810576
1.0 0.9987686
0.0 0.11613762
0.0 0.8989067
1.0 0.96383613
1.0 0.9856371
1.0 0.9964768
1.0 0.95424026
1.0 0.99663085
1.0 0.9828467
1.0 0.98785
0.0 0.84828097
0.0 0.087346435
0.0 0.84828097
1.0 0.9974946
1.0 0.99923754
0.0 0.086394355
1.0 0.9503551
1.0 0.96112317
1.0 0.9987081
1.0 0.9992169
0.0 0.11310187
1.0 0.9987686
1.0 0.9987686
1.0 0.99895084
1.0 0.9983033
1.0 0.9963923
1.0 0.99856585
1.0 0.9991885
0.0 0.43928042
0.0 0.08772658
1.0 0.9988606
0.0 0.39753768
1.0 0.99813473
1.0 0.96173614
1.0 0.95424026
1.0 0.99864346
1.0 0.9974139
0.0 0.4391672
0.0 0.87115395
1.0 0.9854497
0.0 0.41519064
1.0 0.98479015
1.0 0.986652
1.0 0.99894327
1.0 0.998071
0.0 0.21282972
0.0 0.22919181
0.0 0.4248041
1.0 0.9974548
0.0 0.08772658
1.0 0.9959824
1.0 0.9974139
0.0 0.21282972
1.0 0.9988606
0.0 0.41519064
0.0 0.39753768
1.0 0.9873395
1.0 0.9854497
0.0 0.12844837
0.0 0.11613762
0.0 0.095747836
1.0 0.99794394
1.0 0.99860436
1.0 0.9980457
1.0 0.9975902
1.0 0.9985868
1.0 0.985762
1.0 0.9977024
1.0 0.99894327
1.0 0.9974552
0.0 0.39753768
0.0 0.23657845
1.0 0.9974847
1.0 0.9967321
1.0 0.9973814
1.0 0.99735874
1.0 0.9973539
1.0 0.99751353
1.0 0.9974566
1.0 0.9974566
1.0 0.9967321
0.0 0.8558367
1.0 0.9986792
1.0 0.9974552
0.0 0.1123794
1.0 0.9974763
1.0 0.9865616
1.0 0.9974389
0.0 0.8467096
0.0 0.095747836
0.0 0.16181222
1.0 0.9855033
1.0 0.98551786
1.0 0.9853623
1.0 0.9983033
1.0 0.99741745
0.0 0.87115395
1.0 0.9981059
1.0 0.9991885
0.0 0.421466
1.0 0.99918383
0.0 0.095747836
1.0 0.9865616
1.0 0.9986357
1.0 0.9975902
1.0 0.9978644
0.0 0.19458525
1.0 0.98551786
0.0 0.33890972
1.0 0.9855033
1.0 0.99923754
1.0 0.9989466
1.0 0.9978644
1.0 0.99663085
0.0 0.43119308
1.0 0.9621359
0.0 0.20354739
1.0 0.98479015
1.0 0.9991079
1.0 0.99741745
1.0 0.99813473
0.0 0.07285841
1.0 0.9991013
0.0 0.33890972
0.0 0.87115395
1.0 0.99741745
1.0 0.9855033
1.0 0.99915123
1.0 0.9977024
0.0 0.8728139
1.0 0.99663085
1.0 0.9963923
1.0 0.9873395
1.0 0.9865616
0.0 0.8728139
1.0 0.9973814
0.0 0.48206425
1.0 0.99813473
1.0 0.9980457
0.0 0.12161849
1.0 0.9992429
1.0 0.9989593
1.0 0.9974763
1.0 0.99923754
0.0 0.19458525
1.0 0.9973814
0.0 0.23657845
1.0 0.99923754
1.0 0.9989385
1.0 0.99621886
1.0 0.9991079
1.0 0.9621359
1.0 0.9989466
1.0 0.9855033
1.0 0.9981902
0.0 0.41519064
0.0 0.421466
1.0 0.9986792
1.0 0.99621886
0.0 0.11658573
1.0 0.95424026
1.0 0.9876045
1.0 0.9967534
1.0 0.9989385
1.0 0.9856371
0.0 0.87115395
1.0 0.95668113
1.0 0.9838292
1.0 0.96383613
1.0 0.98551786
1.0 0.9977024
1.0 0.98551786
1.0 0.99860436
0.0 0.43928042
1.0 0.9865616
0.0 0.33890972
0.0 0.13783185
0.0 0.11310187
1.0 0.9973814
0.0 0.11613762
1.0 0.9973266
0.0 0.09528059
1.0 0.986102
1.0 0.98785
0.0 0.16181222
1.0 0.95932746
1.0 0.9855033
1.0 0.99634296
1.0 0.99870074
1.0 0.98551786
1.0 0.99741745
0.0 0.17871287
0.0 0.88359064
1.0 0.95424026
0.0 0.22919181
1.0 0.9503551
0.0 0.8728139
1.0 0.998071
1.0 0.96173614
1.0 0.9973539
1.0 0.9967534
1.0 0.9991079
0.0 0.8784679
0.0 0.07285841
1.0 0.9964768
1.0 0.99661946
1.0 0.998071
0.0 0.4248041
1.0 0.99794394
1.0 0.985762
1.0 0.9987081
1.0 0.9974946
1.0 0.99860436
1.0 0.9991885
1.0 0.99864346
1.0 0.95424026
1.0 0.9985868
0.0 0.84828097
1.0 0.99895084
1.0 0.9973814
1.0 0.95932746
1.0 0.99661946
0.0 0.43928042
1.0 0.96383613
1.0 0.99813473
1.0 0.99813473
1.0 0.96383613
1.0 0.9964768
1.0 0.99661946
1.0 0.99923754
1.0 0.98785
1.0 0.9974566
1.0 0.99758637
1.0 0.99923754
1.0 0.99918383
1.0 0.9975902
0.0 0.11613762
0.0 0.16047336
1.0 0.9991079
1.0 0.99918383
1.0 0.9964768
1.0 0.9967534
1.0 0.99894327
1.0 0.99923754
1.0 0.9977024
0.0 0.88359064
1.0 0.99856585
0.0 0.087346435
1.0 0.9977024
1.0 0.9973814
1.0 0.9853623
1.0 0.9974763
0.0 0.12161849
0.0 0.16047336
1.0 0.99860436
1.0 0.9981059
1.0 0.9991885
1.0 0.9828467
1.0 0.9856371
1.0 0.9974552
1.0 0.99621886
1.0 0.9855033
1.0 0.9978644
1.0 0.99736834
1.0 0.9981902
1.0 0.9991013
1.0 0.9854497
0.0 0.43928042
0.0 0.16047336
0.0 0.8728139
1.0 0.96112317
1.0 0.98397183
0.0 0.87115395
1.0 0.98479015
1.0 0.9856371
0.0 0.21282972
0.0 0.11310187
1.0 0.99915123
1.0 0.985762
0.0 0.41519064
0.0 0.10298205
0.0 0.11310187
1.0 0.9503551
1.0 0.986102
0.0 0.11310187
0.0 0.8989067
1.0 0.99758637
1.0 0.99864346
0.0 0.33890972
1.0 0.9503551
0.0 0.16144294
1.0 0.99860436
1.0 0.99864346
1.0 0.9989593
0.0 0.11991666
1.0 0.99741745
0.0 0.39753768
1.0 0.98551786
0.0 0.08772658
1.0 0.99864346
1.0 0.99870074
0.0 0.87115395
1.0 0.9992429
1.0 0.95668113
1.0 0.98479015
0.0 0.08772658
1.0 0.9974566
1.0 0.9973266
0.0 0.087346435
0.0 0.11658573
1.0 0.9980457
1.0 0.95932746
0.0 0.11613762
1.0 0.98551786
1.0 0.985762
1.0 0.98785
1.0 0.96112317
0.0 0.421466
0.0 0.09528059
0.0 0.39753768
1.0 0.9828467
1.0 0.99661946
1.0 0.99661946
1.0 0.99794394
0.0 0.4391672
0.0 0.23657845
0.0 0.43928042
0.0 0.095747836
0.0 0.10581699
0.0 0.43928042
1.0 0.99895084
1.0 0.9973539
1.0 0.9854497
1.0 0.9991079
1.0 0.9964768
0.0 0.4391672
1.0 0.9974847
1.0 0.9967534
1.0 0.9988606
1.0 0.9974763
1.0 0.958068
1.0 0.99751353
1.0 0.99900013
0.0 0.87115395
0.0 0.08772658
1.0 0.9991013
1.0 0.9853623
1.0 0.9974548
1.0 0.99860436
1.0 0.99753666
1.0 0.99634296
0.0 0.88359064
0.0 0.07285841
1.0 0.99915135
1.0 0.99894327
0.0 0.43119308
0.0 0.10581699
1.0 0.98866165
1.0 0.99894327
1.0 0.99794394
1.0 0.99741745
0.0 0.22919181
1.0 0.9986792
1.0 0.9873395
1.0 0.9986357
1.0 0.95932746
0.0 0.12844837
0.0 0.08263316
1.0 0.95424026
1.0 0.9974566
0.0 0.11310187
1.0 0.9977024
0.0 0.18444432
0.0 0.84828097
0.0 0.1327292
1.0 0.9981902
