true vs pred:
1.0 0.9979411
1.0 0.9984511
1.0 0.9983908
1.0 0.9984676
1.0 0.73995847
1.0 0.9951776
1.0 0.9976616
0.0 0.23774733
0.0 0.43692866
0.0 0.09312387
1.0 0.9590375
1.0 0.22758949
1.0 0.8606042
0.0 0.18912692
1.0 0.90050256
1.0 0.9956422
1.0 0.8893827
0.0 0.11033412
1.0 0.857732
0.0 0.2694925
1.0 0.9982486
1.0 0.9426279
1.0 0.64033854
1.0 0.87112164
1.0 0.99742484
1.0 0.2839159
1.0 0.77449673
1.0 0.9945591
0.0 0.12564524
0.0 0.0976011
1.0 0.9979316
1.0 0.6647717
1.0 0.99841666
1.0 0.9562393
1.0 0.9984397
1.0 0.99759585
1.0 0.99747354
1.0 0.99804723
1.0 0.9924413
1.0 0.9105582
1.0 0.8851955
1.0 0.98234415
1.0 0.9971221
0.0 0.18800683
1.0 0.99838305
0.0 0.16358367
1.0 0.9982424
1.0 0.99737334
1.0 0.99421763
0.0 0.049696762
1.0 0.4954997
1.0 0.9979336
1.0 0.99598205
1.0 0.9980253
1.0 0.99832517
1.0 0.995654
1.0 0.034736786
1.0 0.997203
0.0 0.09837112
1.0 0.9879609
1.0 0.993523
0.0 0.23469028
1.0 0.97802836
1.0 0.9933994
1.0 0.9984603
1.0 0.99840206
0.0 0.031906623
1.0 0.96912
1.0 0.9747842
1.0 0.9977775
1.0 0.9916108
0.0 0.6572917
0.0 0.73544335
1.0 0.74854577
1.0 0.9977435
1.0 0.84857374
1.0 0.859458
1.0 0.9961881
0.0 0.28796524
1.0 0.97135466
1.0 0.9905042
1.0 0.9977775
1.0 0.9849844
1.0 0.9839512
1.0 0.99834573
1.0 0.99813265
0.0 0.5877049
1.0 0.9975782
1.0 0.9966011
1.0 0.9960492
1.0 0.9634845
1.0 0.9941182
1.0 0.99802834
1.0 0.99537766
1.0 0.083525404
1.0 0.99813277
1.0 0.9974968
1.0 0.9701123
1.0 0.99397117
1.0 0.98426497
1.0 0.84407926
1.0 0.99823195
0.0 0.027792148
1.0 0.84722024
1.0 0.9984326
1.0 0.95587313
1.0 0.93393594
0.0 0.10505051
1.0 0.8310981
1.0 0.99666363
1.0 0.99625945
1.0 0.93373877
0.0 0.588174
1.0 0.7933029
1.0 0.8502332
1.0 0.9981008
0.0 0.09235871
1.0 0.9374229
1.0 0.9979844
1.0 0.9373468
1.0 0.99766135
1.0 0.9982492
1.0 0.89832544
0.0 0.6470854
1.0 0.9972851
0.0 0.016032834
1.0 0.99690837
1.0 0.9985514
1.0 0.9981932
1.0 0.7097626
1.0 0.99488777
0.0 0.5383362
1.0 0.99748576
1.0 0.99776685
1.0 0.99594975
0.0 0.06119387
1.0 0.99669087
1.0 0.9817028
1.0 0.76049554
1.0 0.9982157
0.0 0.06565655
1.0 0.9866131
1.0 0.9965546
1.0 0.9899794
0.0 0.21236634
0.0 0.9399471
1.0 0.43398532
1.0 0.99677724
1.0 0.7877377
1.0 0.99672914
1.0 0.9978992
1.0 0.9983766
1.0 0.99813855
1.0 0.9979615
0.0 0.06354144
1.0 0.9981974
1.0 0.99813324
1.0 0.75342846
1.0 0.998461
1.0 0.9984616
1.0 0.9968917
0.0 0.07656587
1.0 0.9873772
1.0 0.79556286
1.0 0.85485625
1.0 0.9980506
1.0 0.99775654
1.0 0.99539524
1.0 0.41631576
0.0 0.58617586
0.0 0.045086887
1.0 0.9982133
1.0 0.9673492
1.0 0.993523
1.0 0.9984211
1.0 0.989514
1.0 0.9950826
1.0 0.598189
0.0 0.23925924
0.0 0.3708984
1.0 0.9984676
1.0 0.9982628
1.0 0.75053483
1.0 0.8399402
1.0 0.9834306
0.0 0.06371971
1.0 0.93834454
1.0 0.9978568
1.0 0.9850915
1.0 0.9978809
1.0 0.9964198
1.0 0.98919976
1.0 0.99768806
1.0 0.9982486
1.0 0.9449982
0.0 0.35808918
1.0 0.99598205
1.0 0.98937184
1.0 0.9975836
1.0 0.94808716
1.0 0.99824
1.0 0.79067945
1.0 0.9428713
0.0 0.6791772
0.0 0.9124879
1.0 0.9328554
0.0 0.31979463
1.0 0.8469718
1.0 0.72978365
1.0 0.9978265
1.0 0.995548
1.0 0.9562393
1.0 0.9984036
1.0 0.94711435
0.0 0.5873287
1.0 0.9960561
1.0 0.99732673
0.0 0.18739071
1.0 0.99813485
1.0 0.91073865
1.0 0.9975369
1.0 0.88520324
1.0 0.9983163
1.0 0.48037174
0.0 0.852405
1.0 0.9583719
1.0 0.9872879
1.0 0.99690837
0.0 0.48848954
1.0 0.9982961
