true vs pred:
0.0 0.12640977
0.0 0.008142651
0.0 0.14158899
0.0 0.0468917
0.0 0.02211519
0.0 0.11009393
1.0 0.99817646
1.0 0.8698651
0.0 0.10952702
0.0 0.04215309
0.0 0.113344744
1.0 0.9984863
0.0 0.010134788
0.0 0.006023442
0.0 0.12702236
1.0 0.9443803
1.0 0.9984863
1.0 0.99806315
0.0 0.12607875
0.0 0.046673138
1.0 0.9514684
0.0 0.0054474017
0.0 0.5525034
0.0 0.0059869466
1.0 0.9484091
0.0 0.04058324
1.0 0.9982722
0.0 0.58782506
0.0 0.11917256
0.0 0.023008842
0.0 0.0408826
0.0 0.63122493
0.0 0.007822303
0.0 0.046673138
1.0 0.9514684
0.0 0.12573144
1.0 0.94577223
0.0 0.11917256
0.0 0.0065054195
0.0 0.10611399
0.0 0.13153896
0.0 0.0100184595
1.0 0.9981838
1.0 0.8459239
0.0 0.0053340113
1.0 0.94575566
0.0 0.10952702
0.0 0.021216996
0.0 0.023008842
1.0 0.9984509
1.0 0.9984509
1.0 0.94028395
1.0 0.8493085
1.0 0.9479188
0.0 0.00590799
1.0 0.8459239
1.0 0.94226885
0.0 0.007822303
0.0 0.0061104437
1.0 0.9358326
0.0 0.009984687
0.0 0.04215309
1.0 0.94575566
0.0 0.13153896
1.0 0.9981634
0.0 0.14881524
1.0 0.83861107
0.0 0.046673138
0.0 0.02410629
0.0 0.0061104437
0.0 0.022498492
0.0 0.58782506
1.0 0.94442475
1.0 0.99812907
0.0 0.052924663
0.0 0.045496013
0.0 0.11917256
1.0 0.99815077
1.0 0.9986016
0.0 0.046673138
1.0 0.9981838
0.0 0.1157174
1.0 0.99822444
0.0 0.0065729152
0.0 0.005575382
1.0 0.99823207
0.0 0.58143336
0.0 0.14158899
1.0 0.94226885
0.0 0.046673138
0.0 0.02211519
0.0 0.05308278
1.0 0.99824834
0.0 0.6108715
1.0 0.99837387
1.0 0.9981838
1.0 0.99837387
1.0 0.8698651
0.0 0.0061104437
0.0 0.009399838
1.0 0.99806374
1.0 0.8572152
1.0 0.9982059
1.0 0.9985226
0.0 0.008226759
1.0 0.9446569
1.0 0.99806374
1.0 0.9484091
1.0 0.9472008
0.0 0.009761597
0.0 0.0408826
0.0 0.02410629
0.0 0.007822303
1.0 0.94226885
1.0 0.94421965
1.0 0.94163585
1.0 0.9484091
0.0 0.117990725
1.0 0.94003236
0.0 0.023008842
0.0 0.0057389303
0.0 0.007822303
0.0 0.02211519
0.0 0.0468917
0.0 0.0053340113
0.0 0.045496013
1.0 0.99823207
0.0 0.10913599
1.0 0.85600495
0.0 0.009740058
0.0 0.022498492
1.0 0.9514684
1.0 0.99833435
0.0 0.009399838
0.0 0.024968894
0.0 0.052924663
0.0 0.12607875
0.0 0.5897349
0.0 0.0408826
0.0 0.63122493
0.0 0.11091489
0.0 0.12573144
0.0 0.021672063
0.0 0.0053340113
0.0 0.021672063
1.0 0.94163585
1.0 0.99822444
0.0 0.005266075
0.0 0.04058324
0.0 0.0468917
1.0 0.9981838
1.0 0.99824834
0.0 0.010134788
1.0 0.99833435
1.0 0.99833435
1.0 0.9984665
1.0 0.9472008
0.0 0.5824902
1.0 0.99812907
1.0 0.9980667
0.0 0.0076864073
0.0 0.0054474017
1.0 0.99837387
0.0 0.0073720445
1.0 0.94226885
0.0 0.04550826
0.0 0.0408826
1.0 0.99815077
1.0 0.8459239
0.0 0.007822303
0.0 0.023151098
0.0 0.1265996
0.0 0.007538849
0.0 0.10611399
0.0 0.113344744
1.0 0.9984863
1.0 0.93601
0.0 0.0065054195
0.0 0.006297083
0.0 0.0074716224
1.0 0.9446569
0.0 0.0054474017
0.0 0.5525034
1.0 0.8459239
0.0 0.0065054195
1.0 0.99837387
0.0 0.007538849
0.0 0.0073720445
0.0 0.13153896
0.0 0.1265996
0.0 0.009740058
0.0 0.009399838
0.0 0.008767582
1.0 0.94003236
1.0 0.9982948
1.0 0.9365819
1.0 0.85600495
1.0 0.99806374
0.0 0.12649593
1.0 0.8698651
1.0 0.9984863
1.0 0.94442475
0.0 0.0073720445
0.0 0.006656204
1.0 0.9443803
0.0 0.61673605
1.0 0.94577223
1.0 0.85205287
1.0 0.8493085
1.0 0.84223354
1.0 0.85225147
1.0 0.85225147
0.0 0.61673605
0.0 0.021535113
1.0 0.99820685
1.0 0.94442475
0.0 0.0100184595
1.0 0.9479188
0.0 0.10952702
1.0 0.94575566
0.0 0.02211519
0.0 0.008767582
0.0 0.0059869466
0.0 0.117990725
0.0 0.11840055
0.0 0.117494605
1.0 0.9472008
1.0 0.8572152
0.0 0.023151098
1.0 0.9484091
1.0 0.9980667
0.0 0.008142651
1.0 0.9981634
0.0 0.008767582
0.0 0.10952702
1.0 0.99817646
1.0 0.85600495
1.0 0.9358326
0.0 0.0061104437
0.0 0.11840055
0.0 0.0065729152
0.0 0.117990725
1.0 0.99822444
1.0 0.998489
1.0 0.9358326
0.0 0.63122493
0.0 0.007626745
0.0 0.05024868
0.0 0.006635494
0.0 0.10611399
1.0 0.9986016
1.0 0.8572152
1.0 0.94226885
0.0 0.0051433505
1.0 0.99806315
0.0 0.0065729152
0.0 0.023151098
1.0 0.8572152
0.0 0.117990725
1.0 0.99813986
1.0 0.8698651
0.0 0.022498492
0.0 0.63122493
0.0 0.5824902
0.0 0.13153896
0.0 0.10952702
0.0 0.022498492
1.0 0.94577223
0.0 0.008226759
1.0 0.94226885
1.0 0.9365819
0.0 0.006023442
1.0 0.99823207
1.0 0.9985226
1.0 0.9479188
1.0 0.99822444
0.0 0.0061104437
1.0 0.94577223
0.0 0.006656204
1.0 0.99822444
1.0 0.9984426
0.0 0.58782506
1.0 0.9986016
0.0 0.05024868
1.0 0.998489
0.0 0.117990725
1.0 0.9400913
0.0 0.007538849
0.0 0.008142651
1.0 0.99820685
0.0 0.58782506
0.0 0.00590799
0.0 0.0408826
0.0 0.11009393
0.0 0.6108715
1.0 0.9984426
0.0 0.12607875
0.0 0.023151098
0.0 0.04215309
0.0 0.10913599
0.0 0.052924663
0.0 0.11840055
1.0 0.8698651
0.0 0.11840055
1.0 0.9982948
0.0 0.0076864073
0.0 0.10952702
0.0 0.0065729152
0.0 0.009761597
0.0 0.010134788
1.0 0.94577223
0.0 0.009399838
1.0 0.848086
0.0 0.005575382
0.0 0.1157174
0.0 0.12573144
0.0 0.0059869466
0.0 0.046673138
0.0 0.117990725
0.0 0.5896107
1.0 0.9982722
0.0 0.11840055
1.0 0.8572152
0.0 0.0057389303
0.0 0.024672186
0.0 0.0408826
0.0 0.006297083
0.0 0.04058324
0.0 0.022498492
1.0 0.93601
0.0 0.04550826
1.0 0.8493085
0.0 0.6108715
1.0 0.9986016
0.0 0.023008842
0.0 0.0051433505
0.0 0.5897349
0.0 0.5811405
1.0 0.93601
0.0 0.0074716224
1.0 0.94003236
0.0 0.12649593
1.0 0.9981838
1.0 0.94163585
1.0 0.9982948
1.0 0.9980667
1.0 0.99815077
0.0 0.0408826
1.0 0.99806374
0.0 0.021672063
1.0 0.9984665
1.0 0.94577223
0.0 0.046673138
0.0 0.5811405
0.0 0.0076864073
0.0 0.052924663
1.0 0.94226885
1.0 0.94226885
0.0 0.052924663
0.0 0.5897349
0.0 0.5811405
1.0 0.99822444
0.0 0.12573144
1.0 0.85225147
1.0 0.94421965
1.0 0.99822444
1.0 0.9981634
1.0 0.85600495
0.0 0.009399838
0.0 0.010711206
1.0 0.9986016
1.0 0.9981634
0.0 0.5897349
0.0 0.6108715
1.0 0.9984863
1.0 0.99822444
1.0 0.8698651
0.0 0.024672186
1.0 0.99812907
0.0 0.0053340113
1.0 0.8698651
1.0 0.94577223
0.0 0.117494605
1.0 0.9479188
0.0 0.006023442
0.0 0.010711206
1.0 0.9982948
1.0 0.9484091
1.0 0.9980667
0.0 0.11091489
0.0 0.12607875
1.0 0.94442475
0.0 0.58782506
0.0 0.117990725
1.0 0.9358326
1.0 0.83861107
1.0 0.9400913
1.0 0.99806315
0.0 0.1265996
0.0 0.0076864073
0.0 0.010711206
0.0 0.022498492
0.0 0.0468917
0.0 0.11917256
0.0 0.023151098
0.0 0.10611399
0.0 0.12607875
0.0 0.0065054195
0.0 0.010134788
1.0 0.99813986
0.0 0.12649593
0.0 0.007538849
0.0 0.0057616252
0.0 0.010134788
0.0 0.04058324
0.0 0.1157174
0.0 0.010134788
0.0 0.024968894
1.0 0.94421965
1.0 0.99815077
0.0 0.0065729152
0.0 0.04058324
0.0 0.005533881
1.0 0.9982948
1.0 0.99815077
1.0 0.9985226
0.0 0.009984687
1.0 0.8572152
0.0 0.0073720445
0.0 0.11840055
0.0 0.0054474017
1.0 0.99815077
1.0 0.9982722
0.0 0.023151098
1.0 0.99823207
0.0 0.04215309
0.0 0.10611399
0.0 0.0054474017
1.0 0.85225147
1.0 0.848086
0.0 0.0053340113
0.0 0.00590799
1.0 0.9365819
0.0 0.046673138
0.0 0.009399838
0.0 0.11840055
0.0 0.12649593
0.0 0.12573144
0.0 0.0468917
0.0 0.008142651
0.0 0.005575382
0.0 0.0073720445
0.0 0.11091489
0.0 0.5811405
0.0 0.5811405
1.0 0.94003236
0.0 0.007822303
0.0 0.006656204
0.0 0.0076864073
0.0 0.008767582
0.0 0.009336531
0.0 0.0076864073
1.0 0.9984665
1.0 0.8493085
0.0 0.1265996
1.0 0.9986016
0.0 0.5897349
0.0 0.007822303
1.0 0.9443803
0.0 0.6108715
1.0 0.99837387
1.0 0.9479188
0.0 0.045496013
1.0 0.84223354
1.0 0.99846554
0.0 0.023151098
0.0 0.0054474017
1.0 0.99806315
0.0 0.117494605
1.0 0.9446569
1.0 0.9982948
1.0 0.9388042
0.0 0.5896107
0.0 0.024672186
0.0 0.0051433505
1.0 0.9982059
1.0 0.9984863
0.0 0.007626745
0.0 0.009336531
0.0 0.14881524
1.0 0.9984863
1.0 0.94003236
1.0 0.8572152
0.0 0.006297083
1.0 0.99820685
0.0 0.13153896
1.0 0.99817646
0.0 0.046673138
0.0 0.009740058
0.0 0.005647374
0.0 0.0408826
1.0 0.85225147
0.0 0.010134788
1.0 0.8698651
0.0 0.0059682187
0.0 0.021672063
0.0 0.010220133
1.0 0.9400913
0.0 0.021216996
1.0 0.99824834
1.0 0.9984863
0.0 0.005996699
1.0 0.99813986
1.0 0.9472008
0.0 0.0061104437
0.0 0.005533881
0.0 0.5896107
1.0 0.998489
0.0 0.1157174
0.0 0.61673605
