true vs pred:
1.0 0.9981856
1.0 0.99903274
1.0 0.99907637
0.0 0.0014044096
1.0 0.8830432
1.0 0.9637423
1.0 0.9990926
1.0 0.9984459
1.0 0.9990701
1.0 0.99912256
1.0 0.99920744
1.0 0.99914277
1.0 0.9935429
1.0 0.9966724
1.0 0.99920815
1.0 0.9990878
1.0 0.9055973
1.0 0.99773645
1.0 0.99895716
1.0 0.9988226
1.0 0.9991629
1.0 0.9980981
1.0 0.9987483
1.0 0.9991794
1.0 0.99892163
1.0 0.99917954
1.0 0.99917644
1.0 0.9178611
1.0 0.9633833
1.0 0.9990582
0.0 0.26786083
1.0 0.9613088
1.0 0.99917585
0.0 0.068009965
1.0 0.99798584
1.0 0.38102764
1.0 0.9992046
1.0 0.9990682
1.0 0.99907315
1.0 0.9981804
1.0 0.9991386
0.0 0.0013019827
1.0 0.9905227
1.0 0.9237161
1.0 0.9832812
1.0 0.9855466
1.0 0.9991443
1.0 0.99772125
1.0 0.999015
1.0 0.99899536
0.0 0.0071871295
1.0 0.9991716
0.0 0.08441153
0.0 0.037275836
0.0 0.070961
1.0 0.99917346
1.0 0.99911827
1.0 0.9991517
1.0 0.9988651
1.0 0.9986681
0.0 0.002818277
1.0 0.9991554
1.0 0.99917334
1.0 0.9991291
1.0 0.999178
1.0 0.9967218
1.0 0.99913436
1.0 0.99838173
0.0 0.25192106
1.0 0.99706477
1.0 0.99919826
1.0 0.9991229
1.0 0.99882203
1.0 0.99917465
1.0 0.9985954
1.0 0.9991726
1.0 0.9990206
1.0 0.9985122
1.0 0.995074
0.0 0.0012324355
1.0 0.9987417
0.0 0.060703978
1.0 0.99908006
1.0 0.9575161
1.0 0.99904495
1.0 0.99831486
1.0 0.9990706
1.0 0.99898607
1.0 0.92866063
0.0 0.03739249
1.0 0.7491673
1.0 0.99899083
1.0 0.9989887
1.0 0.99867934
1.0 0.9990852
1.0 0.9991229
0.0 0.051329065
1.0 0.99791485
1.0 0.9462829
1.0 0.9991786
1.0 0.99846613
1.0 0.99886525
1.0 0.99890196
1.0 0.9973642
1.0 0.8874426
1.0 0.998973
0.0 0.0030408562
1.0 0.9987664
1.0 0.99674207
1.0 0.8953449
1.0 0.99901414
1.0 0.9989943
1.0 0.99875987
0.0 0.05651769
0.0 0.24020703
1.0 0.9952207
1.0 0.9955525
0.0 0.0013872735
1.0 0.9991411
1.0 0.99149394
1.0 0.98790157
1.0 0.99910384
1.0 0.9992118
0.0 0.36860085
1.0 0.9991924
1.0 0.9991352
1.0 0.9991698
1.0 0.9991636
1.0 0.9991954
1.0 0.9958489
1.0 0.99541724
1.0 0.99899966
1.0 0.99816895
1.0 0.9989513
1.0 0.9991554
1.0 0.9004313
1.0 0.9990055
1.0 0.9961593
1.0 0.9982664
1.0 0.9934088
1.0 0.9991684
1.0 0.9985221
1.0 0.9990152
1.0 0.99885
1.0 0.99893934
0.0 0.32479393
0.0 0.015456316
1.0 0.99902105
1.0 0.9985177
1.0 0.9988875
1.0 0.96137506
1.0 0.99919075
1.0 0.9990196
1.0 0.9913231
1.0 0.9638813
1.0 0.9991769
0.0 0.008111431
1.0 0.9978993
1.0 0.9989635
1.0 0.99889874
1.0 0.99901414
1.0 0.99783367
1.0 0.99824846
1.0 0.99917346
1.0 0.9990062
1.0 0.99903905
1.0 0.99907315
0.0 0.034715902
1.0 0.9981364
0.0 0.26537082
1.0 0.9901153
1.0 0.9990865
1.0 0.99916935
1.0 0.999203
1.0 0.9831009
1.0 0.665749
1.0 0.9841717
1.0 0.99893457
1.0 0.999172
1.0 0.9939825
1.0 0.9991818
1.0 0.9991385
1.0 0.9991436
1.0 0.9991371
1.0 0.99904746
1.0 0.9884112
0.0 0.36860085
1.0 0.99917704
1.0 0.9944014
1.0 0.99908316
1.0 0.9991291
1.0 0.9989359
1.0 0.9990114
0.0 0.07485454
0.0 0.10253636
1.0 0.99865913
0.0 0.047176417
1.0 0.9989329
1.0 0.9984201
1.0 0.76583976
1.0 0.99805117
1.0 0.99639755
0.0 0.02596771
1.0 0.99825245
1.0 0.9676923
1.0 0.9971975
0.0 0.02809215
1.0 0.9987961
1.0 0.99914753
1.0 0.9991786
1.0 0.9988796
1.0 0.9942707
1.0 0.9968522
1.0 0.3314244
1.0 0.85893285
1.0 0.996498
1.0 0.88450634
1.0 0.998293
1.0 0.99582195
1.0 0.9979176
0.0 0.38313496
1.0 0.9983205
1.0 0.9991893
1.0 0.99892694
1.0 0.9991358
1.0 0.99868613
1.0 0.9991461
1.0 0.9991648
1.0 0.99910223
1.0 0.9989108
