true vs pred:
1.0 0.7362919
1.0 0.61394453
1.0 0.6222479
1.0 0.97902966
1.0 0.74020296
1.0 0.9843119
1.0 0.9883244
1.0 0.9776037
1.0 0.98998535
1.0 0.9749435
1.0 0.9856765
1.0 0.9889952
1.0 0.97646093
1.0 0.97594017
1.0 0.9822955
1.0 0.6853718
1.0 0.9749435
1.0 0.7130553
1.0 0.97646093
1.0 0.9768639
1.0 0.9856765
1.0 0.98588365
1.0 0.99031174
1.0 0.9785937
1.0 0.9883244
1.0 0.990021
1.0 0.9821346
1.0 0.9791763
1.0 0.61828923
1.0 0.61828923
1.0 0.6853718
1.0 0.98921317
1.0 0.9878697
1.0 0.9817633
1.0 0.98460305
1.0 0.98961776
1.0 0.98416877
1.0 0.985227
1.0 0.9891249
1.0 0.9878697
1.0 0.9783756
1.0 0.6842595
1.0 0.98856944
1.0 0.9821346
1.0 0.98534113
1.0 0.97594017
1.0 0.9711683
1.0 0.98921317
1.0 0.98460305
1.0 0.9711683
1.0 0.98971295
1.0 0.9854285
1.0 0.97182953
1.0 0.98732495
1.0 0.9821346
1.0 0.982463
1.0 0.9773037
1.0 0.7223267
1.0 0.6968395
1.0 0.9858671
1.0 0.9803381
1.0 0.97782564
1.0 0.98452735
1.0 0.9823136
1.0 0.9773974
1.0 0.7130553
1.0 0.9783756
1.0 0.9752592
1.0 0.9901584
1.0 0.9784224
1.0 0.9883244
1.0 0.9776858
1.0 0.97696143
1.0 0.6842595
1.0 0.9776858
1.0 0.979629
1.0 0.98998535
1.0 0.9852697
1.0 0.6842595
1.0 0.9823136
1.0 0.98853755
1.0 0.98921317
1.0 0.97994494
1.0 0.9895028
1.0 0.97428405
1.0 0.9770224
1.0 0.9785937
1.0 0.98998535
1.0 0.98739386
1.0 0.98856944
1.0 0.69113564
1.0 0.6106191
1.0 0.72128165
1.0 0.9752592
1.0 0.6842595
1.0 0.57429236
1.0 0.98739386
1.0 0.7275343
1.0 0.9790219
1.0 0.6007393
1.0 0.979629
1.0 0.7318388
1.0 0.98739386
1.0 0.98428506
1.0 0.98142666
1.0 0.9826828
1.0 0.98196465
1.0 0.98238534
1.0 0.7056599
1.0 0.97568
1.0 0.68096846
1.0 0.9888588
1.0 0.98026407
1.0 0.9773037
1.0 0.985227
1.0 0.99073374
1.0 0.74020296
1.0 0.9770224
1.0 0.9770224
1.0 0.98873925
1.0 0.98588365
1.0 0.6968395
1.0 0.97782564
1.0 0.98238534
1.0 0.6853718
1.0 0.9784224
1.0 0.990021
1.0 0.61394453
1.0 0.98853755
1.0 0.98301077
1.0 0.7275343
1.0 0.9773974
1.0 0.9776037
1.0 0.9856765
1.0 0.9876166
1.0 0.985227
1.0 0.99031174
1.0 0.6222479
1.0 0.98971295
1.0 0.71121025
1.0 0.98595816
1.0 0.98452735
1.0 0.6007393
1.0 0.98026407
1.0 0.9878697
1.0 0.9780277
1.0 0.9861151
1.0 0.98553944
1.0 0.9755838
1.0 0.98873925
1.0 0.70538586
1.0 0.9803381
1.0 0.98873925
1.0 0.97782564
1.0 0.9858671
1.0 0.9711683
1.0 0.98553944
1.0 0.97902966
1.0 0.98873925
1.0 0.97245455
1.0 0.98196465
1.0 0.9783756
1.0 0.98004866
1.0 0.9826828
1.0 0.6007393
1.0 0.98852277
1.0 0.98976773
1.0 0.9811234
1.0 0.98185205
1.0 0.9888588
1.0 0.9803381
1.0 0.9856765
1.0 0.6842595
1.0 0.990021
1.0 0.98366356
1.0 0.9785937
1.0 0.98004866
1.0 0.990021
1.0 0.9813835
1.0 0.98423624
1.0 0.9889952
1.0 0.98680985
1.0 0.98971295
1.0 0.97646093
1.0 0.982463
1.0 0.7318388
1.0 0.9773974
1.0 0.98004866
1.0 0.98553944
1.0 0.7223267
1.0 0.9878697
1.0 0.98595816
1.0 0.74020296
1.0 0.6172542
1.0 0.9861151
1.0 0.98976773
1.0 0.9901584
1.0 0.6172542
1.0 0.9854285
1.0 0.9876166
1.0 0.98452735
1.0 0.9841868
1.0 0.7275343
1.0 0.9813835
1.0 0.98767895
1.0 0.99046844
1.0 0.9800832
1.0 0.98921317
1.0 0.61828923
1.0 0.74020296
1.0 0.98452735
1.0 0.9888736
1.0 0.9749435
1.0 0.98732495
1.0 0.7130553
1.0 0.9858671
1.0 0.98026407
1.0 0.98961776
1.0 0.98238534
1.0 0.98196465
1.0 0.9752592
1.0 0.98301077
1.0 0.98238534
1.0 0.9830034
1.0 0.7362919
1.0 0.6172542
1.0 0.98852277
1.0 0.9901584
1.0 0.982463
1.0 0.9832803
1.0 0.6966229
1.0 0.9844667
1.0 0.98416877
1.0 0.979629
1.0 0.9895028
1.0 0.9866376
1.0 0.98785156
1.0 0.99073374
1.0 0.97475195
1.0 0.9841868
1.0 0.9829533
1.0 0.98853755
1.0 0.72128165
1.0 0.98254955
1.0 0.98785156
1.0 0.6172542
1.0 0.98680985
1.0 0.97428405
1.0 0.990021
1.0 0.97902966
1.0 0.9901584
1.0 0.98142666
1.0 0.98921317
1.0 0.9838828
1.0 0.98856944
1.0 0.6222479
1.0 0.97475195
1.0 0.61394453
1.0 0.97782564
1.0 0.7318388
1.0 0.9823949
1.0 0.62928116
1.0 0.98460305
1.0 0.9829533
1.0 0.70538586
1.0 0.9832803
1.0 0.98452735
1.0 0.70538586
1.0 0.6172542
1.0 0.9853902
1.0 0.6172542
1.0 0.98452735
1.0 0.98732495
1.0 0.9737215
1.0 0.61828923
1.0 0.9791763
1.0 0.9906121
1.0 0.7223267
1.0 0.98873925
1.0 0.99073374
1.0 0.9737215
1.0 0.98846567
1.0 0.57429236
1.0 0.9854285
1.0 0.6966229
1.0 0.97747374
1.0 0.98595816
1.0 0.9838828
1.0 0.97994494
1.0 0.98185205
1.0 0.9888588
1.0 0.97594017
1.0 0.7362919
1.0 0.6842595
1.0 0.9841868
1.0 0.9776858
1.0 0.9832803
1.0 0.9830034
1.0 0.979629
1.0 0.6222479
1.0 0.98921317
1.0 0.9861151
1.0 0.9854285
1.0 0.9785937
1.0 0.98852277
1.0 0.9803381
1.0 0.9791763
1.0 0.9776858
1.0 0.98416877
1.0 0.9768639
1.0 0.97182953
1.0 0.98873925
1.0 0.9895028
1.0 0.66899663
1.0 0.98921317
1.0 0.98301077
1.0 0.9711683
1.0 0.9832803
1.0 0.98196465
1.0 0.979629
1.0 0.7130553
1.0 0.9856765
1.0 0.9878697
1.0 0.7130553
1.0 0.9853902
1.0 0.98452735
1.0 0.98456895
1.0 0.99031174
1.0 0.98846567
1.0 0.7318388
1.0 0.98238534
1.0 0.98142666
1.0 0.9790219
1.0 0.74020296
1.0 0.7318388
1.0 0.9901584
1.0 0.7275343
1.0 0.70538586
1.0 0.98732495
1.0 0.9876166
1.0 0.9861151
1.0 0.9790219
1.0 0.99031174
1.0 0.9732329
1.0 0.9839193
1.0 0.69113564
1.0 0.9852697
1.0 0.98423624
1.0 0.98238534
1.0 0.5797838
1.0 0.62928116
1.0 0.9853902
1.0 0.9784224
1.0 0.6842595
1.0 0.98004866
1.0 0.72128165
1.0 0.979629
1.0 0.9888588
1.0 0.9883244
1.0 0.98238534
1.0 0.9826828
1.0 0.98767895
1.0 0.9823136
1.0 0.97902966
1.0 0.9732329
1.0 0.9790219
1.0 0.6968395
1.0 0.9853902
1.0 0.9823136
1.0 0.62928116
1.0 0.9770224
1.0 0.9858671
1.0 0.98254955
1.0 0.98416877
1.0 0.98674333
1.0 0.9768639
1.0 0.98882025
1.0 0.9748642
1.0 0.9800832
1.0 0.9839193
1.0 0.99031174
1.0 0.99046844
1.0 0.98767895
1.0 0.68096846
1.0 0.9773974
1.0 0.98595816
1.0 0.9711683
1.0 0.6172542
1.0 0.6842595
1.0 0.97696143
1.0 0.66899663
1.0 0.9822955
1.0 0.9711683
1.0 0.7056599
1.0 0.7362919
1.0 0.9883244
1.0 0.98732495
1.0 0.9821346
1.0 0.98366356
1.0 0.9791763
1.0 0.98767895
1.0 0.62928116
1.0 0.6106191
1.0 0.98921317
1.0 0.9888588
1.0 0.5797838
1.0 0.98767895
1.0 0.98185205
1.0 0.98460305
1.0 0.9861151
1.0 0.9773974
1.0 0.9749435
1.0 0.99046844
1.0 0.9888736
1.0 0.9737215
1.0 0.98196465
1.0 0.69113564
1.0 0.691732
1.0 0.98856944
1.0 0.9876166
1.0 0.6172542
1.0 0.9895028
1.0 0.9854285
1.0 0.62928116
1.0 0.9883244
1.0 0.9838828
1.0 0.98595816
1.0 0.9861151
1.0 0.98969424
1.0 0.7223267
1.0 0.7275343
1.0 0.98588365
1.0 0.9768639
1.0 0.9732329
1.0 0.9784224
1.0 0.9748642
1.0 0.97902966
1.0 0.7130553
1.0 0.9832803
1.0 0.98553944
1.0 0.7275343
1.0 0.9878697
1.0 0.9889581
1.0 0.97747374
1.0 0.7223267
1.0 0.97594017
1.0 0.98852277
1.0 0.98976773
1.0 0.97594017
1.0 0.98785156
1.0 0.6853718
1.0 0.98680985
1.0 0.9888588
1.0 0.9790219
1.0 0.9821346
1.0 0.98767895
1.0 0.9891249
1.0 0.9861151
1.0 0.97902966
1.0 0.97994494
1.0 0.9817633
1.0 0.98873925
1.0 0.98196465
1.0 0.71121025
1.0 0.98456895
1.0 0.9770224
1.0 0.69113564
1.0 0.9790219
1.0 0.97782564
1.0 0.7275343
1.0 0.9752592
1.0 0.99046844
1.0 0.7318388
1.0 0.9711683
1.0 0.9748642
1.0 0.98301077
1.0 0.7362919
1.0 0.982463
1.0 0.71121025
1.0 0.9889952
1.0 0.98185205
1.0 0.98460305
1.0 0.98534113
1.0 0.98846567
1.0 0.9889581
1.0 0.98416877
1.0 0.98301077
1.0 0.9871019
1.0 0.9861151
1.0 0.98423624
1.0 0.9889581
1.0 0.9895028
1.0 0.9893811
1.0 0.6007393
1.0 0.9790219
1.0 0.98921317
1.0 0.97902966
1.0 0.9843119
1.0 0.98961776
1.0 0.9823949
1.0 0.69113564
1.0 0.9889581
1.0 0.70538586
1.0 0.98301077
1.0 0.9888736
1.0 0.98998535
1.0 0.68096846
1.0 0.97245455
1.0 0.9893811
1.0 0.6968395
1.0 0.9832803
1.0 0.9871019
1.0 0.98680985
1.0 0.9749435
1.0 0.99073374
1.0 0.57429236
1.0 0.9770224
1.0 0.9830034
1.0 0.9785937
1.0 0.97696143
