true vs pred:
1.0 0.9984463
1.0 0.9982241
1.0 0.8557272
1.0 0.9982785
0.0 0.0050351676
1.0 0.9378461
0.0 0.00489376
0.0 0.0017337836
0.0 0.0110787675
0.0 0.002120396
0.0 0.021220911
1.0 0.99767107
0.0 0.28552422
0.0 0.007270707
0.0 0.002463095
0.0 0.59677744
0.0 0.016661393
1.0 0.99824893
1.0 0.9983897
1.0 0.9934889
1.0 0.9985598
1.0 0.965757
1.0 0.8818007
1.0 0.9970848
1.0 0.9987859
0.0 0.0062244157
1.0 0.99864334
0.0 0.0065648556
1.0 0.98880464
1.0 0.998418
1.0 0.9986933
1.0 0.99877495
1.0 0.9965873
0.0 0.003643279
0.0 0.0015812193
0.0 0.005768322
1.0 0.9986778
0.0 0.015387209
0.0 0.80640155
1.0 0.98758185
1.0 0.9956772
1.0 0.9983138
1.0 0.9972395
1.0 0.9962674
1.0 0.37794632
1.0 0.99788696
1.0 0.98594785
1.0 0.34125373
0.0 0.0058476287
1.0 0.99838877
0.0 0.002034304
1.0 0.99524224
0.0 0.0044238796
0.0 0.003388564
0.0 0.002104428
1.0 0.9981116
0.0 0.2632555
0.0 0.004739803
0.0 0.0019772623
1.0 0.99857736
0.0 0.0025895713
1.0 0.9980945
1.0 0.99795926
0.0 0.0024206007
1.0 0.9979613
1.0 0.99610245
1.0 0.99729556
0.0 0.80420667
1.0 0.998563
0.0 0.0073231184
0.0 0.0068760626
0.0 0.020253105
1.0 0.9971734
0.0 0.001975649
0.0 0.60690975
0.0 0.09179299
1.0 0.9968353
0.0 0.962845
0.0 0.004353556
1.0 0.9987985
0.0 0.004341401
0.0 0.013015326
1.0 0.99786216
1.0 0.9988599
0.0 0.0029234067
1.0 0.9903442
1.0 0.9968629
0.0 0.0016523557
0.0 0.035714447
0.0 0.811895
0.0 0.0061346604
0.0 0.014616412
0.0 0.0039035068
0.0 0.042461187
1.0 0.99853766
0.0 0.0017895101
0.0 0.0028300027
1.0 0.8970025
1.0 0.9939767
1.0 0.94010735
1.0 0.99861336
0.0 0.9442818
1.0 0.9950164
1.0 0.99206233
1.0 0.9951834
0.0 0.0020134766
1.0 0.9910937
1.0 0.92091054
1.0 0.9973116
1.0 0.99720085
0.0 0.01189761
0.0 0.0015724486
1.0 0.99766797
1.0 0.99610114
0.0 0.004804278
1.0 0.59577334
1.0 0.9939015
1.0 0.9986039
1.0 0.99639857
0.0 0.0049885307
0.0 0.00381461
1.0 0.9967884
0.0 0.10733898
0.0 0.0054512257
0.0 0.01436411
0.0 0.0019830011
1.0 0.8797333
0.0 0.0027164666
0.0 0.0019986264
0.0 0.0058456194
1.0 0.9981179
1.0 0.99846834
0.0 0.0025645532
0.0 0.9152399
0.0 0.035186414
1.0 0.9845051
0.0 0.0057346765
0.0 0.004447763
1.0 0.9988588
1.0 0.99301213
1.0 0.99620914
0.0 0.0035425525
0.0 0.002005931
0.0 0.0027164666
0.0 0.0073973048
0.0 0.0021349327
0.0 0.7430081
0.0 0.002524872
1.0 0.99582773
1.0 0.9985232
0.0 0.0017733866
1.0 0.915542
0.0 0.0039140447
0.0 0.0020692253
0.0 0.016683022
0.0 0.26036373
1.0 0.9984487
1.0 0.99101615
1.0 0.9987625
0.0 0.002861708
1.0 0.9982389
1.0 0.9932961
1.0 0.9986156
0.0 0.0046334313
0.0 0.0026162772
0.0 0.0016065845
1.0 0.82472605
1.0 0.99810237
1.0 0.9980925
0.0 0.0036669178
0.0 0.00337057
0.0 0.0028282888
1.0 0.9981674
1.0 0.99781466
1.0 0.3124879
0.0 0.003480431
0.0 0.0058476287
0.0 0.0019830011
0.0 0.0017731974
1.0 0.99851865
0.0 0.005958848
0.0 0.0020431594
0.0 0.0071771396
0.0 0.0019408854
1.0 0.98450977
0.0 0.004820771
1.0 0.9971529
1.0 0.9924125
0.0 0.0023801678
0.0 0.0034043074
1.0 0.9884603
0.0 0.002934112
1.0 0.9938969
1.0 0.9986052
0.0 0.015387209
1.0 0.9912941
1.0 0.9913049
1.0 0.9908812
1.0 0.997888
0.0 0.0032099201
1.0 0.997752
0.0 0.0019607376
1.0 0.9967158
0.0 0.005201565
1.0 0.9981438
0.0 0.0024604239
1.0 0.99366355
1.0 0.9962864
0.0 0.007868867
1.0 0.9985784
0.0 0.0021567806
0.0 0.0073231184
0.0 0.003335656
1.0 0.98067427
1.0 0.9957903
1.0 0.9917523
0.0 0.0020858133
1.0 0.5927062
0.0 0.002094841
1.0 0.96983725
0.0 0.0017683784
1.0 0.9954501
1.0 0.997715
0.0 0.051898677
0.0 0.0020701685
1.0 0.95597553
0.0 0.0025029262
1.0 0.99759597
1.0 0.991572
0.0 0.0057346765
