true vs pred:
1.0 0.9919373
0.0 0.7543687
1.0 0.9935942
1.0 0.98717916
1.0 0.9559676
1.0 0.9940929
1.0 0.9984018
1.0 0.99823356
1.0 0.9936864
1.0 0.9854408
1.0 0.99365646
1.0 0.9987696
0.0 0.278266
0.0 0.34110627
1.0 0.9931225
1.0 0.9979017
1.0 0.9987696
1.0 0.99905866
1.0 0.9931298
1.0 0.9864769
1.0 0.9985649
0.0 0.2573624
1.0 0.99756205
0.0 0.44418603
1.0 0.9985776
1.0 0.9837662
1.0 0.99848914
1.0 0.9976674
1.0 0.99233997
1.0 0.9652154
1.0 0.9854525
1.0 0.9978789
0.0 0.7842894
1.0 0.9864769
1.0 0.9985649
1.0 0.99421716
1.0 0.9978028
1.0 0.99233997
0.0 0.52580136
1.0 0.99296016
1.0 0.9938665
0.0 0.2713642
1.0 0.99851066
1.0 0.9980483
0.0 0.2576653
1.0 0.9978467
1.0 0.9936864
1.0 0.95928895
1.0 0.9652154
1.0 0.9988273
1.0 0.9988273
1.0 0.99789256
1.0 0.99799407
1.0 0.9978859
0.0 0.33482042
1.0 0.9980483
1.0 0.9986162
0.0 0.7842894
0.0 0.50570905
1.0 0.9984219
0.0 0.2902996
1.0 0.9854408
1.0 0.9978467
1.0 0.9938665
1.0 0.9991579
1.0 0.99443144
1.0 0.9980172
1.0 0.9864769
1.0 0.9617761
0.0 0.50570905
1.0 0.9647279
1.0 0.9976674
1.0 0.99787974
1.0 0.9983094
1.0 0.98764604
1.0 0.9862975
1.0 0.99233997
1.0 0.99841535
1.0 0.99899155
1.0 0.9864769
1.0 0.99851066
1.0 0.99342704
1.0 0.99922085
0.0 0.70148766
0.0 0.28050572
1.0 0.9992267
1.0 0.99789315
1.0 0.9935942
1.0 0.9986162
1.0 0.9864769
1.0 0.9559676
1.0 0.9894246
1.0 0.99919134
1.0 0.9979748
1.0 0.99866354
1.0 0.99851066
1.0 0.99866354
1.0 0.99823356
0.0 0.50570905
0.0 0.28725865
1.0 0.9983468
1.0 0.9980261
1.0 0.9991122
1.0 0.99878854
0.0 0.8049517
1.0 0.99786574
1.0 0.9983468
1.0 0.9985776
1.0 0.99873847
0.0 0.32924446
1.0 0.9854525
1.0 0.9617761
0.0 0.7842894
1.0 0.9986162
1.0 0.99801314
1.0 0.99792945
1.0 0.9985776
1.0 0.99315554
1.0 0.99846566
1.0 0.9652154
0.0 0.47812924
0.0 0.7842894
1.0 0.9559676
1.0 0.98717916
0.0 0.2576653
1.0 0.9862975
1.0 0.9992267
1.0 0.99250704
1.0 0.99817705
0.0 0.31150153
1.0 0.9647279
1.0 0.9985649
1.0 0.99852884
0.0 0.28725865
1.0 0.97147185
1.0 0.98764604
1.0 0.9931298
1.0 0.9978269
1.0 0.9854525
1.0 0.9978789
1.0 0.9917162
1.0 0.99421716
1.0 0.9566169
0.0 0.2576653
1.0 0.9566169
1.0 0.99792945
1.0 0.99922085
0.0 0.26096842
1.0 0.9837662
1.0 0.98717916
1.0 0.99851066
1.0 0.99919134
0.0 0.278266
1.0 0.99852884
1.0 0.99852884
1.0 0.99878305
1.0 0.99873847
1.0 0.99775046
1.0 0.9983094
1.0 0.99917054
0.0 0.7866676
0.0 0.2573624
1.0 0.99866354
0.0 0.74706054
1.0 0.9986162
1.0 0.9872945
1.0 0.9854525
1.0 0.99841535
1.0 0.9980483
0.0 0.7842894
1.0 0.9642178
1.0 0.9928504
0.0 0.76431334
1.0 0.99296016
1.0 0.99365646
1.0 0.9987696
1.0 0.99857867
0.0 0.52580136
0.0 0.56683797
0.0 0.77163696
1.0 0.99786574
0.0 0.2573624
1.0 0.99756205
1.0 0.9980483
0.0 0.52580136
1.0 0.99866354
0.0 0.76431334
0.0 0.74706054
1.0 0.9938665
1.0 0.9928504
0.0 0.31150153
0.0 0.28725865
0.0 0.23799668
1.0 0.99846566
1.0 0.9983468
1.0 0.99854773
1.0 0.99817705
1.0 0.9983468
1.0 0.99321544
1.0 0.99823356
1.0 0.9987696
1.0 0.99787974
0.0 0.74706054
0.0 0.5644652
1.0 0.9979017
1.0 0.99795973
1.0 0.9978028
1.0 0.9980027
1.0 0.99799407
1.0 0.99812347
1.0 0.9980585
1.0 0.9980585
1.0 0.99795973
1.0 0.9605227
1.0 0.99846965
1.0 0.99787974
0.0 0.2713642
1.0 0.9978859
1.0 0.9936864
1.0 0.9978467
1.0 0.9559676
0.0 0.23799668
0.0 0.44418603
1.0 0.99315554
1.0 0.99307865
1.0 0.9930594
1.0 0.99873847
1.0 0.9980261
1.0 0.9642178
1.0 0.9985776
1.0 0.99917054
0.0 0.7543687
1.0 0.9991579
0.0 0.23799668
1.0 0.9936864
1.0 0.9984018
1.0 0.99817705
1.0 0.9984219
0.0 0.50570905
1.0 0.99307865
0.0 0.70148766
1.0 0.99315554
1.0 0.99922085
1.0 0.99876994
1.0 0.9984219
1.0 0.9978789
0.0 0.7741189
1.0 0.9874637
0.0 0.5127442
1.0 0.99296016
1.0 0.99899155
1.0 0.9980261
1.0 0.9986162
0.0 0.21545678
1.0 0.99905866
0.0 0.70148766
1.0 0.9642178
1.0 0.9980261
1.0 0.99315554
1.0 0.99911493
1.0 0.99823356
1.0 0.9647279
1.0 0.9978789
1.0 0.99775046
1.0 0.9938665
1.0 0.9936864
1.0 0.9647279
1.0 0.9978028
0.0 0.8049517
1.0 0.9986162
1.0 0.99854773
0.0 0.34110627
1.0 0.9992267
1.0 0.99878854
1.0 0.9978859
1.0 0.99922085
0.0 0.50570905
1.0 0.9978028
0.0 0.5644652
1.0 0.99922085
1.0 0.998765
1.0 0.9976674
1.0 0.99899155
1.0 0.9874637
1.0 0.99876994
1.0 0.99315554
1.0 0.99865735
0.0 0.76431334
0.0 0.7543687
1.0 0.99846965
1.0 0.9976674
0.0 0.33482042
1.0 0.9854525
1.0 0.9940929
1.0 0.9979748
1.0 0.998765
1.0 0.9931298
1.0 0.9642178
1.0 0.9854408
1.0 0.99250704
1.0 0.98764604
1.0 0.99307865
1.0 0.99823356
1.0 0.99307865
1.0 0.9983468
0.0 0.7866676
1.0 0.9936864
0.0 0.70148766
0.0 0.32924446
0.0 0.278266
1.0 0.9978028
0.0 0.28725865
1.0 0.9979773
0.0 0.28050572
1.0 0.99342704
1.0 0.99421716
0.0 0.44418603
1.0 0.9864769
1.0 0.99315554
1.0 0.99773884
1.0 0.99848914
1.0 0.99307865
1.0 0.9980261
0.0 0.47812924
1.0 0.9671244
1.0 0.9854525
0.0 0.56683797
1.0 0.9837662
1.0 0.9647279
1.0 0.99857867
1.0 0.9872945
1.0 0.99799407
1.0 0.9979748
1.0 0.99899155
1.0 0.9652154
0.0 0.21545678
1.0 0.9978269
1.0 0.99789715
1.0 0.99857867
0.0 0.77163696
1.0 0.99846566
1.0 0.99321544
1.0 0.99851066
1.0 0.99792945
1.0 0.9983468
1.0 0.99917054
1.0 0.99841535
1.0 0.9854525
1.0 0.9983468
1.0 0.9566169
1.0 0.99878305
1.0 0.9978028
1.0 0.9864769
1.0 0.99789715
0.0 0.7866676
1.0 0.98764604
1.0 0.9986162
1.0 0.9986162
1.0 0.98764604
1.0 0.9978269
1.0 0.99789715
1.0 0.99922085
1.0 0.99421716
1.0 0.9980585
1.0 0.99801314
1.0 0.99922085
1.0 0.9991579
1.0 0.99817705
0.0 0.28725865
0.0 0.37163982
1.0 0.99899155
1.0 0.9991579
1.0 0.9978269
1.0 0.9979748
1.0 0.9987696
1.0 0.99922085
1.0 0.99823356
1.0 0.9671244
1.0 0.9983094
0.0 0.2576653
1.0 0.99823356
1.0 0.9978028
1.0 0.9930594
1.0 0.9978859
0.0 0.34110627
0.0 0.37163982
1.0 0.9983468
1.0 0.9985776
1.0 0.99917054
1.0 0.9917162
1.0 0.9931298
1.0 0.99787974
1.0 0.9976674
1.0 0.99315554
1.0 0.9984219
1.0 0.9980172
1.0 0.99865735
1.0 0.99905866
1.0 0.9928504
0.0 0.7866676
0.0 0.37163982
1.0 0.9647279
1.0 0.98717916
1.0 0.99233997
1.0 0.9642178
1.0 0.99296016
1.0 0.9931298
0.0 0.52580136
0.0 0.278266
1.0 0.99911493
1.0 0.99321544
0.0 0.76431334
0.0 0.29703742
0.0 0.278266
1.0 0.9837662
1.0 0.99342704
0.0 0.278266
1.0 0.97147185
1.0 0.99801314
1.0 0.99841535
0.0 0.70148766
1.0 0.9837662
0.0 0.44848564
1.0 0.9983468
1.0 0.99841535
1.0 0.99878854
0.0 0.2902996
1.0 0.9980261
0.0 0.74706054
1.0 0.99307865
0.0 0.2573624
1.0 0.99841535
1.0 0.99848914
1.0 0.9642178
1.0 0.9992267
1.0 0.9854408
1.0 0.99296016
0.0 0.2573624
1.0 0.9980585
1.0 0.9979773
0.0 0.2576653
0.0 0.33482042
1.0 0.99854773
1.0 0.9864769
0.0 0.28725865
1.0 0.99307865
1.0 0.99321544
1.0 0.99421716
1.0 0.98717916
0.0 0.7543687
0.0 0.28050572
0.0 0.74706054
1.0 0.9917162
1.0 0.99789715
1.0 0.99789715
1.0 0.99846566
0.0 0.7842894
0.0 0.5644652
0.0 0.7866676
0.0 0.23799668
0.0 0.2628706
0.0 0.7866676
1.0 0.99878305
1.0 0.99799407
1.0 0.9928504
1.0 0.99899155
1.0 0.9978269
0.0 0.7842894
1.0 0.9979017
1.0 0.9979748
1.0 0.99866354
1.0 0.9978859
1.0 0.9862975
1.0 0.99812347
1.0 0.998855
1.0 0.9642178
0.0 0.2573624
1.0 0.99905866
1.0 0.9930594
1.0 0.99786574
1.0 0.9983468
1.0 0.99797195
1.0 0.99773884
1.0 0.9671244
0.0 0.21545678
1.0 0.9991122
1.0 0.9987696
0.0 0.7741189
0.0 0.2628706
1.0 0.99443144
1.0 0.9987696
1.0 0.99846566
1.0 0.9980261
0.0 0.56683797
1.0 0.99846965
1.0 0.9938665
1.0 0.9984018
1.0 0.9864769
0.0 0.31150153
0.0 0.24241433
1.0 0.9854525
1.0 0.9980585
0.0 0.278266
1.0 0.99823356
0.0 0.49222854
1.0 0.9566169
0.0 0.31923053
1.0 0.99865735
1.0 0.95928895
1.0 0.99919134
1.0 0.9987696
0.0 0.3133504
1.0 0.99911493
1.0 0.99873847
0.0 0.50570905
0.0 0.44848564
1.0 0.99773884
1.0 0.99876994
1.0 0.99342704
1.0 0.99795973
