true vs pred:
0.0 0.16582838
1.0 0.97715455
1.0 0.99877244
0.0 0.97924304
1.0 0.9979936
0.0 0.28346658
1.0 0.9977501
1.0 0.9988319
1.0 0.9983367
1.0 0.9969806
1.0 0.99845374
0.0 0.055196032
1.0 0.9980235
1.0 0.99217767
1.0 0.9298075
0.0 0.10644242
1.0 0.99854374
1.0 0.9961958
1.0 0.8294475
1.0 0.99887174
1.0 0.3957425
1.0 0.998587
0.0 0.61045223
0.0 0.08521534
0.0 0.37841877
1.0 0.998798
1.0 0.99822503
1.0 0.9978581
1.0 0.9963085
1.0 0.98390526
0.0 0.7819831
1.0 0.99845374
1.0 0.99877244
1.0 0.9987224
1.0 0.9975776
1.0 0.16068998
1.0 0.9985967
1.0 0.99819946
1.0 0.9689793
1.0 0.99661213
1.0 0.99882144
1.0 0.99864405
0.0 0.8830969
1.0 0.9987728
1.0 0.99678874
1.0 0.99883085
1.0 0.9984315
1.0 0.99859804
1.0 0.053090584
0.0 0.014015093
0.0 0.78763145
0.0 0.4654531
1.0 0.9988319
1.0 0.9985122
1.0 0.9984487
1.0 0.9954266
1.0 0.9983688
1.0 0.9986883
1.0 0.9971405
0.0 0.03074734
1.0 0.99807966
1.0 0.9967675
1.0 0.99817383
1.0 0.99814796
1.0 0.9988716
1.0 0.99864405
1.0 0.63300264
1.0 0.9855399
0.0 0.56602293
1.0 0.9986588
1.0 0.8205291
1.0 0.9985172
1.0 0.99761933
1.0 0.9912696
1.0 0.9708228
1.0 0.997681
0.0 0.119992234
1.0 0.9979086
1.0 0.9948704
1.0 0.20137578
1.0 0.99879116
1.0 0.9988336
1.0 0.9984823
0.0 0.37637916
0.0 0.12955162
1.0 0.9978048
1.0 0.9869234
0.0 0.03408677
1.0 0.99793243
1.0 0.99820125
1.0 0.96234375
1.0 0.9989209
1.0 0.99890816
1.0 0.9983204
1.0 0.99572647
1.0 0.9972959
1.0 0.99885917
1.0 0.99882156
1.0 0.9989015
0.0 0.56294185
1.0 0.9973779
1.0 0.99842644
1.0 0.9984648
1.0 0.9984743
1.0 0.99858475
0.0 0.059423875
1.0 0.9988643
1.0 0.951729
1.0 0.99741805
0.0 0.18743366
1.0 0.998809
1.0 0.9742811
1.0 0.99846435
1.0 0.99837095
1.0 0.9330933
1.0 0.9808204
1.0 0.9376648
1.0 0.9988336
1.0 0.9884064
0.0 0.8830969
0.0 0.14868918
1.0 0.9988254
1.0 0.99879587
1.0 0.9517806
1.0 0.99380153
1.0 0.99873656
0.0 0.03242826
0.0 0.64313
1.0 0.9958282
0.0 0.78758544
1.0 0.99879116
1.0 0.99654984
1.0 0.99887556
1.0 0.9987907
1.0 0.9780303
1.0 0.9987999
1.0 0.9981615
0.0 0.004827064
1.0 0.99874675
1.0 0.2545289
1.0 0.9838102
1.0 0.998582
1.0 0.9988249
1.0 0.9978859
1.0 0.99571085
0.0 0.039380487
1.0 0.9906447
1.0 0.997601
1.0 0.9988249
1.0 0.15001616
1.0 0.99878687
1.0 0.99752766
1.0 0.99854374
1.0 0.99864405
1.0 0.9988803
1.0 0.99158114
1.0 0.9983204
1.0 0.9987765
1.0 0.99864393
1.0 0.9985104
1.0 0.9987375
1.0 0.99753356
1.0 0.99821234
0.0 0.1588441
1.0 0.85341895
1.0 0.9765573
0.0 0.17033887
1.0 0.99225605
1.0 0.99786264
1.0 0.9982516
1.0 0.9952172
1.0 0.9985876
0.0 0.07797685
1.0 0.9970131
1.0 0.8881486
1.0 0.96490246
0.0 0.28246224
1.0 0.9984921
1.0 0.99804425
1.0 0.99865794
1.0 0.9952166
1.0 0.9986368
1.0 0.18227163
0.0 0.044537302
1.0 0.99322176
1.0 0.9968497
0.0 0.107679725
0.0 0.38397387
0.0 0.39003465
1.0 0.99841964
0.0 0.04214571
1.0 0.9981494
1.0 0.99276066
1.0 0.9984592
1.0 0.9988894
1.0 0.96360165
1.0 0.9978162
1.0 0.9986957
1.0 0.99734205
1.0 0.9952513
1.0 0.99836963
1.0 0.9987534
1.0 0.9984687
1.0 0.99389654
1.0 0.99890363
1.0 0.9977412
0.0 0.0667027
1.0 0.9973042
1.0 0.99853075
1.0 0.9964986
1.0 0.9984365
1.0 0.990218
0.0 0.0086237425
1.0 0.9988631
1.0 0.99856335
1.0 0.9988728
0.0 0.23577763
1.0 0.99718934
1.0 0.9985104
1.0 0.9988211
1.0 0.99820006
1.0 0.14161976
1.0 0.98880684
1.0 0.9726059
1.0 0.9937809
1.0 0.99890256
1.0 0.92079365
1.0 0.9967493
1.0 0.9988248
1.0 0.97699046
