true vs pred:
1.0 0.9996625
0.0 0.00017699457
0.0 0.00032951566
0.0 0.009514183
1.0 0.9999311
0.0 0.00015064122
0.0 0.00017080746
0.0 0.00013984981
0.0 0.00015064122
0.0 0.00020304116
1.0 0.99996436
0.0 0.0001453924
0.0 0.00014376853
1.0 0.99993503
1.0 0.99993193
0.0 0.010986643
0.0 0.00018439715
0.0 0.00016170791
1.0 0.9999527
1.0 0.9999646
0.0 0.0003039081
0.0 0.00020736085
0.0 0.00015306755
1.0 0.999688
0.0 0.0001350583
0.0 0.00033343513
1.0 0.9999516
0.0 0.00018539926
0.0 0.0003039081
0.0 0.00017712371
0.0 0.00023831756
0.0 0.0015634053
1.0 0.9999641
0.0 0.00013933814
0.0 0.0001993469
0.0 0.00021154118
1.0 0.9999522
0.0 0.00014410492
1.0 0.9999311
0.0 0.00029687697
0.0 0.00022047032
0.0 0.0002946008
0.0 0.0001350583
0.0 0.0002019838
0.0 0.00019346869
0.0 0.00013933814
0.0 0.00027788203
1.0 0.999688
0.0 0.0017401933
0.0 0.00018164086
1.0 0.64906496
0.0 0.00037678296
0.0 0.00016645316
0.0 0.00017488268
1.0 0.66681856
0.0 0.0002019838
0.0 0.0002019838
0.0 0.00021154118
0.0 0.0003039081
0.0 0.00013984981
0.0 0.00025688813
0.0 0.001971112
0.0 0.00023879611
0.0 0.00017910668
1.0 0.99962676
0.0 0.00022364823
0.0 0.00015205782
0.0 0.0001993469
1.0 0.99995244
0.0 0.0013633383
0.0 0.0002815894
1.0 0.99996436
0.0 0.00018164086
0.0 0.00016645316
0.0 0.00015205782
0.0 0.00034152222
0.0 0.00013203027
1.0 0.9999527
1.0 0.9999522
0.0 0.00014410492
0.0 0.00018164086
1.0 0.64906496
0.0 0.00029687697
0.0 0.00014493684
0.0 0.00020315213
0.0 0.00020748189
1.0 0.99995315
0.0 0.00034323503
0.0 0.00015205782
1.0 0.9999318
1.0 0.9996625
0.0 0.00014691183
1.0 0.99996495
1.0 0.99993
0.0 0.00012355871
1.0 0.9999516
1.0 0.9999318
0.0 0.00014691183
0.0 0.00014843454
0.0 0.0015634053
1.0 0.9996625
0.0 0.00019346869
0.0 0.0002019838
0.0 0.00017910668
0.0 0.00023879611
0.0 0.00022047032
0.0 0.00033589292
1.0 0.99996495
0.0 0.00014104183
0.0 0.00014691183
0.0 0.009514183
0.0 0.00019103326
0.0 0.00016170791
0.0 0.00034152222
0.0 0.0012564223
0.0 0.00017517757
0.0 0.00013203027
0.0 0.00013810823
0.0 0.00017712371
0.0 0.00034323503
0.0 0.015469841
0.0 0.00037678296
1.0 0.64906496
0.0 0.00036180537
0.0 0.00015078939
0.0 0.00018539926
0.0 0.00025223388
0.0 0.0013633383
0.0 0.00045654172
0.0 0.00037567347
0.0 0.009919813
0.0 0.00037678296
1.0 0.9999645
0.0 0.00014202404
0.0 0.0073264358
0.0 0.00016193211
0.0 0.00013242809
0.0 0.009919813
0.0 0.0002815894
0.0 0.00018153299
1.0 0.99996376
0.0 0.00017910668
1.0 0.9999311
0.0 0.00012355871
0.0 0.00013203027
0.0 0.00029384566
0.0 0.0001350583
0.0 0.0073264358
0.0 0.00017699457
0.0 0.0001466469
1.0 0.99995315
0.0 0.00033589292
0.0 0.00019346869
0.0 0.00032951566
0.0 0.00020839808
0.0 0.00017699457
0.0 0.00018439715
0.0 0.00013984981
0.0 0.00015078939
0.0 0.00024096362
0.0 0.00018164086
0.0 0.0017197578
0.0 0.00014493684
0.0 0.0015634053
0.0 0.0013633383
1.0 0.99995375
0.0 0.00016153055
1.0 0.9999291
0.0 0.00014104183
0.0 0.00029120955
1.0 0.99993145
0.0 0.00045654172
0.0 0.00020748189
0.0 0.0003039081
0.0 0.0017401933
1.0 0.999688
1.0 0.9999312
0.0 0.00013984981
1.0 0.64906496
0.0 0.0016563468
1.0 0.6592377
0.0 0.00017517757
0.0 0.00017488268
0.0 0.00014493684
1.0 0.6365008
0.0 0.0001466469
0.0 0.00020748189
0.0 0.00015205782
0.0 0.00022375402
0.0 0.00013984981
0.0 0.00013984981
0.0 0.0013633383
0.0 0.00015078939
0.0 0.0012564223
0.0 0.00020748189
0.0 0.015469841
1.0 0.99993
1.0 0.99995315
1.0 0.99965715
0.0 0.0003039081
1.0 0.9999646
0.0 0.00020748189
0.0 0.00045654172
1.0 0.99995244
0.0 0.00016645316
0.0 0.00013984981
1.0 0.9996544
0.0 0.00024096362
1.0 0.9996935
0.0 0.00022364823
0.0 0.00013315743
1.0 0.9999653
1.0 0.9999527
0.0 0.0016563468
1.0 0.999688
1.0 0.9999645
0.0 0.00019103326
0.0 0.00032951566
0.0 0.00020839808
0.0 0.00016153055
0.0 0.015469841
1.0 0.67866075
0.0 0.00037716786
0.0 0.007835211
0.0 0.00022375402
0.0 0.00022047032
1.0 0.9999516
0.0 0.00029120955
1.0 0.99995303
0.0 0.009919813
0.0 0.00037567347
0.0 0.00018439715
0.0 0.00013984981
0.0 0.0015634053
0.0 0.009919813
1.0 0.99969304
1.0 0.9999641
0.0 0.00020736085
0.0 0.00018439715
0.0 0.00020315213
0.0 0.00014843454
1.0 0.99993503
0.0 0.00037567347
0.0 0.00017080746
0.0 0.00014691183
0.0 0.00034198226
0.0 0.00025223388
1.0 0.99992764
1.0 0.9999527
0.0 0.00018539926
0.0 0.00017517757
0.0 0.00021154118
0.0 0.00018300938
0.0 0.00018300938
0.0 0.00020168589
0.0 0.00025223388
1.0 0.66681856
1.0 0.9999534
1.0 0.99996376
0.0 0.00020304116
0.0 0.0001993469
1.0 0.99995244
0.0 0.00020315213
0.0 0.00726976
0.0 0.0017401933
0.0 0.00017488268
1.0 0.99996436
1.0 0.9999312
0.0 0.0002815894
0.0 0.00021154118
0.0 0.00034323503
0.0 0.00034323503
0.0 0.0002019838
0.0 0.0012564223
0.0 0.00015306755
1.0 0.99962676
1.0 0.99996376
1.0 0.99996376
1.0 0.9999318
0.0 0.00012355871
0.0 0.0015634053
1.0 0.64906496
0.0 0.00018539926
0.0 0.0012564223
0.0 0.00015663412
1.0 0.61660093
0.0 0.00020168589
0.0 0.0017197578
1.0 0.9997359
0.0 0.00016170791
0.0 0.00014493684
1.0 0.7456537
0.0 0.00024096362
1.0 0.99996376
0.0 0.00033343513
0.0 0.00017488268
0.0 0.001971112
0.0 0.00014493684
0.0 0.0013633383
0.0 0.009919813
0.0 0.00018300938
0.0 0.0002019838
1.0 0.999933
0.0 0.00015505405
0.0 0.00018153299
0.0 0.00018164086
0.0 0.00018300938
0.0 0.00014843454
0.0 0.00023831756
1.0 0.99995244
0.0 0.00014202404
0.0 0.0002815894
1.0 0.99993193
0.0 0.0017197578
1.0 0.9999527
0.0 0.00037716786
0.0 0.00022375402
0.0 0.00020168589
1.0 0.99996436
0.0 0.00022375402
1.0 0.6612276
0.0 0.00017488268
0.0 0.00029120955
0.0 0.00014202404
1.0 0.9999312
0.0 0.00014410492
1.0 0.99993
0.0 0.00013203027
0.0 0.0002815894
0.0 0.0017401933
0.0 0.00013315743
0.0 0.00013984981
0.0 0.0001993469
0.0 0.00037567347
1.0 0.9999653
0.0 0.00029384566
0.0 0.007835211
1.0 0.9999641
0.0 0.00034323503
0.0 0.00014104183
0.0 0.00016956443
1.0 0.999684
0.0 0.0002019838
0.0 0.00032951566
0.0 0.0016616003
1.0 0.9999529
1.0 0.55875784
1.0 0.9999516
1.0 0.99996436
1.0 0.6365008
1.0 0.66681856
0.0 0.0001350583
1.0 0.9999534
0.0 0.00025688813
0.0 0.00014843454
1.0 0.9999646
0.0 0.0013633383
1.0 0.99962676
0.0 0.009919813
1.0 0.61660093
1.0 0.99996364
0.0 0.00012355871
0.0 0.00045654172
0.0 0.015469841
0.0 0.00016645316
0.0 0.00034198226
1.0 0.9999641
1.0 0.9999311
0.0 0.00014410492
0.0 0.0016563468
0.0 0.00014104183
0.0 0.00018300938
1.0 0.999684
0.0 0.00037716786
0.0 0.00045654172
0.0 0.00016153055
0.0 0.00014691183
0.0 0.00013810823
0.0 0.00020168589
1.0 0.9999318
1.0 0.99996364
0.0 0.00017699457
0.0 0.00020304116
1.0 0.67866075
1.0 0.68392277
0.0 0.0013732943
1.0 0.99995315
0.0 0.00016193211
1.0 0.9999646
1.0 0.7456537
0.0 0.0013633383
0.0 0.00037716786
0.0 0.00022375402
0.0 0.00018153299
0.0 0.00013203027
0.0 0.00037716786
0.0 0.00017517757
1.0 0.9999534
0.0 0.00012355871
1.0 0.99993503
1.0 0.99995375
1.0 0.9996544
1.0 0.99996364
0.0 0.00014104183
0.0 0.0002815894
0.0 0.00018164086
0.0 0.00015663412
0.0 0.00037716786
0.0 0.0017401933
1.0 0.9996544
1.0 0.99996436
0.0 0.00019346869
1.0 0.9999641
0.0 0.00014691183
0.0 0.00015663412
1.0 0.99993193
0.0 0.010986643
0.0 0.00019103326
0.0 0.00037567347
0.0 0.0013633383
0.0 0.00012355871
0.0 0.00022364823
0.0 0.00016956443
1.0 0.99993145
1.0 0.9999646
1.0 0.99996364
0.0 0.00016193211
0.0 0.00015306755
1.0 0.99995315
0.0 0.00016580826
0.0 0.015469841
0.0 0.00017517757
0.0 0.00013315743
0.0 0.009902611
1.0 0.9999527
1.0 0.9999527
1.0 0.9999522
1.0 0.99995375
1.0 0.99993145
1.0 0.99996376
0.0 0.008982474
0.0 0.00023879611
0.0 0.00021154118
0.0 0.007835211
0.0 0.00037567347
1.0 0.9997359
0.0 0.00013203027
0.0 0.00017712371
1.0 0.67866075
1.0 0.6612276
1.0 0.99993193
0.0 0.0002019838
0.0 0.00013984981
0.0 0.00025223388
0.0 0.00013984981
1.0 0.9999641
0.0 0.0013633383
0.0 0.00045654172
0.0 0.0002946008
0.0 0.00034152222
0.0 0.00015505405
0.0 0.00033343513
0.0 0.00034198226
1.0 0.6365008
1.0 0.99996436
0.0 0.00045654172
0.0 0.0003039081
1.0 0.99995244
0.0 0.00017712371
0.0 0.0017401933
0.0 0.0017401933
0.0 0.00034152222
0.0 0.0073264358
0.0 0.00017699457
0.0 0.00018153299
0.0 0.0001466469
0.0 0.00016645316
0.0 0.00022364823
0.0 0.00015306755
0.0 0.0002815894
0.0 0.00025223388
1.0 0.99996376
0.0 0.00021154118
0.0 0.0001993469
0.0 0.00020839808
0.0 0.0003039081
0.0 0.00014843454
0.0 0.00022364823
0.0 0.00013315743
0.0 0.0013633383
0.0 0.00016580826
1.0 0.9999312
1.0 0.9999291
1.0 0.99996376
1.0 0.99993
0.0 0.0001466469
0.0 0.00017488268
0.0 0.00023879611
0.0 0.010986643
0.0 0.00012355871
1.0 0.9996544
0.0 0.00016580826
0.0 0.00020748189
0.0 0.00037567347
0.0 0.007835211
1.0 0.99969304
1.0 0.9999311
0.0 0.0016616003
1.0 0.61660093
0.0 0.00017517757
0.0 0.00018539926
1.0 0.99993145
1.0 0.9999534
0.0 0.00034198226
0.0 0.00012614926
0.0 0.0002946008
0.0 0.00013933814
0.0 0.001971112
1.0 0.9999529
0.0 0.0002946008
