true vs pred:
1.0 0.9998068
1.0 0.99993324
1.0 0.99975926
1.0 0.9998685
1.0 0.99990654
1.0 0.99990904
1.0 0.99993384
1.0 0.9999455
1.0 0.99954444
1.0 0.9998067
1.0 0.99989796
1.0 0.99994874
1.0 0.99979824
1.0 0.99988425
1.0 0.99975115
1.0 0.9999565
1.0 0.999511
1.0 0.9999579
1.0 0.999814
1.0 0.9999304
1.0 0.99988866
1.0 0.99915314
1.0 0.99967504
1.0 0.99926203
1.0 0.9999286
1.0 0.9998068
1.0 0.9998803
1.0 0.99990857
1.0 0.99973685
1.0 0.9998135
1.0 0.99994874
1.0 0.99984694
1.0 0.99994886
1.0 0.99982834
1.0 0.99915314
1.0 0.9999579
1.0 0.999949
1.0 0.9998565
1.0 0.99984145
1.0 0.9994554
1.0 0.9998067
1.0 0.9998685
1.0 0.9999286
1.0 0.9999484
1.0 0.9998565
1.0 0.99989915
1.0 0.9998135
1.0 0.999814
1.0 0.99987483
1.0 0.9997919
1.0 0.99935216
1.0 0.999946
1.0 0.9999566
1.0 0.99993324
1.0 0.9998147
1.0 0.999811
1.0 0.9998035
1.0 0.9997472
1.0 0.9997919
1.0 0.99992955
1.0 0.999511
1.0 0.99970955
1.0 0.99988425
1.0 0.9998416
1.0 0.9999349
1.0 0.99995804
1.0 0.99993324
1.0 0.9997472
1.0 0.9999565
1.0 0.99995697
1.0 0.99943835
1.0 0.99990606
1.0 0.9999566
1.0 0.999946
1.0 0.999511
1.0 0.9999559
1.0 0.99896526
1.0 0.9999311
1.0 0.99954444
1.0 0.99976176
1.0 0.9999006
1.0 0.9996606
1.0 0.99984694
1.0 0.99967504
1.0 0.99995697
1.0 0.99989784
1.0 0.9994554
1.0 0.99990606
1.0 0.99967504
1.0 0.99913126
1.0 0.99993336
1.0 0.99994874
1.0 0.99995947
1.0 0.99994767
1.0 0.99989784
1.0 0.99990034
1.0 0.99994767
1.0 0.9999585
1.0 0.999468
1.0 0.9999502
1.0 0.99988425
1.0 0.99953556
1.0 0.99926203
1.0 0.99976176
1.0 0.9998273
1.0 0.99915314
1.0 0.9998035
1.0 0.9999565
1.0 0.9999349
1.0 0.9999323
1.0 0.999946
1.0 0.99987113
1.0 0.9998803
1.0 0.99935216
1.0 0.99990237
1.0 0.99982834
1.0 0.9999565
1.0 0.99970955
1.0 0.9998573
1.0 0.99995697
1.0 0.99990237
1.0 0.9999366
1.0 0.9997812
1.0 0.99994457
1.0 0.99989974
1.0 0.999949
1.0 0.99987483
1.0 0.9997671
1.0 0.9997919
1.0 0.99993324
1.0 0.99981195
1.0 0.9999299
1.0 0.9999596
1.0 0.99923885
1.0 0.9998565
1.0 0.9998573
1.0 0.99987483
1.0 0.99967134
1.0 0.99990237
1.0 0.9994554
1.0 0.9998685
1.0 0.99993646
1.0 0.99915314
1.0 0.99945146
1.0 0.9998354
1.0 0.99994886
1.0 0.99992967
1.0 0.99981683
1.0 0.9999596
1.0 0.99989784
1.0 0.999949
1.0 0.99990606
1.0 0.9998685
1.0 0.9998617
1.0 0.99915123
1.0 0.9997671
1.0 0.9994554
1.0 0.99994886
1.0 0.99990904
1.0 0.99913126
1.0 0.999811
1.0 0.9999583
1.0 0.99987113
1.0 0.99993646
1.0 0.99967027
1.0 0.9998379
1.0 0.9999579
1.0 0.99923885
1.0 0.99981683
1.0 0.9999347
1.0 0.99990857
1.0 0.99992955
1.0 0.9998122
1.0 0.99987113
1.0 0.99991167
1.0 0.99971694
1.0 0.9999311
1.0 0.9999455
1.0 0.9999596
1.0 0.99995947
1.0 0.9999366
1.0 0.99971694
1.0 0.9999596
1.0 0.99970955
1.0 0.99984694
1.0 0.9999585
1.0 0.99981195
1.0 0.99970067
1.0 0.99967027
1.0 0.9999366
1.0 0.9999571
1.0 0.9999571
1.0 0.99926203
1.0 0.999511
1.0 0.99989784
1.0 0.9994554
1.0 0.99915123
1.0 0.9999484
1.0 0.9999571
1.0 0.99995697
1.0 0.99981195
1.0 0.99987483
1.0 0.999811
1.0 0.9994949
1.0 0.9998122
1.0 0.9998142
1.0 0.99992967
1.0 0.99990034
1.0 0.9999579
1.0 0.9998779
1.0 0.9998573
1.0 0.99973685
1.0 0.99995685
1.0 0.99984694
1.0 0.9994863
1.0 0.99995697
1.0 0.999816
1.0 0.9999571
1.0 0.99985206
1.0 0.99988425
1.0 0.9998785
1.0 0.9997002
1.0 0.9999596
1.0 0.99992955
1.0 0.99989784
1.0 0.9998266
1.0 0.9998135
1.0 0.9999286
1.0 0.9996606
1.0 0.9997359
1.0 0.99990857
1.0 0.9998379
1.0 0.9999311
1.0 0.9999596
1.0 0.9999484
1.0 0.9993048
1.0 0.99995553
1.0 0.9994863
1.0 0.9998035
1.0 0.99995804
1.0 0.99935216
1.0 0.9998385
1.0 0.99995697
1.0 0.9998803
1.0 0.9998617
1.0 0.99982834
1.0 0.999946
1.0 0.9994754
1.0 0.9997002
1.0 0.99995685
1.0 0.99935216
1.0 0.9999341
1.0 0.99943835
1.0 0.99989915
1.0 0.999814
1.0 0.9999502
1.0 0.99989796
1.0 0.999949
1.0 0.99990654
1.0 0.9998354
1.0 0.9999304
1.0 0.9999311
1.0 0.9999304
1.0 0.9999006
1.0 0.9999583
1.0 0.99995685
1.0 0.99975926
1.0 0.9999596
1.0 0.99975115
1.0 0.9999354
1.0 0.99913126
1.0 0.99995553
1.0 0.99945146
1.0 0.99994695
1.0 0.9999559
1.0 0.9999583
1.0 0.9997359
1.0 0.999946
1.0 0.99976176
1.0 0.9999323
1.0 0.9998035
1.0 0.999468
1.0 0.9998266
1.0 0.99915683
1.0 0.99993384
1.0 0.99943835
1.0 0.99943835
1.0 0.99992955
1.0 0.9997812
1.0 0.99995685
1.0 0.9998617
1.0 0.9997671
1.0 0.9998035
1.0 0.9998565
1.0 0.99987483
1.0 0.99995553
1.0 0.9999583
1.0 0.99989796
1.0 0.99988866
1.0 0.99989915
1.0 0.9999074
1.0 0.9999354
1.0 0.99935216
1.0 0.99991083
1.0 0.99915683
1.0 0.9998135
1.0 0.99990857
1.0 0.99971694
1.0 0.99990654
1.0 0.9998685
1.0 0.99923885
1.0 0.99976116
1.0 0.99915683
1.0 0.9999006
1.0 0.99992967
1.0 0.9998122
1.0 0.9999559
1.0 0.9999571
1.0 0.99976116
1.0 0.9991757
1.0 0.9999559
1.0 0.9999579
1.0 0.9999565
1.0 0.99993646
1.0 0.99984145
1.0 0.99992824
1.0 0.9999286
1.0 0.99990237
1.0 0.99992955
1.0 0.9998785
1.0 0.9997675
1.0 0.9997359
1.0 0.99995697
1.0 0.9999349
1.0 0.99967134
1.0 0.9998354
1.0 0.9998573
1.0 0.9998379
1.0 0.9997472
1.0 0.99990094
1.0 0.9994754
1.0 0.9997359
1.0 0.9998354
1.0 0.9999131
1.0 0.999816
1.0 0.9998779
1.0 0.99988866
1.0 0.99970955
1.0 0.99943835
1.0 0.99993384
1.0 0.9997671
1.0 0.9999559
1.0 0.99987483
1.0 0.9994554
1.0 0.99992967
1.0 0.9999354
1.0 0.99992967
1.0 0.999946
1.0 0.9999571
1.0 0.99973685
1.0 0.99935216
1.0 0.99970067
1.0 0.99993324
1.0 0.9998803
1.0 0.99970067
1.0 0.9999349
1.0 0.9998565
1.0 0.9994949
1.0 0.9998273
1.0 0.9998068
1.0 0.9997472
1.0 0.99989974
1.0 0.9997002
1.0 0.99967027
1.0 0.99985206
1.0 0.9999131
1.0 0.99992955
1.0 0.999811
1.0 0.99993384
1.0 0.9999311
1.0 0.9998785
1.0 0.99967134
1.0 0.9999559
1.0 0.99993646
1.0 0.99993324
1.0 0.9997675
1.0 0.99993324
1.0 0.99990904
1.0 0.99992824
1.0 0.9999484
1.0 0.99985206
1.0 0.99984145
1.0 0.9999347
1.0 0.9994863
1.0 0.9997949
1.0 0.99988425
1.0 0.9997675
1.0 0.99973685
1.0 0.99990237
1.0 0.99926203
1.0 0.9998573
1.0 0.99995697
1.0 0.9999585
1.0 0.99992967
1.0 0.99975115
1.0 0.99992967
1.0 0.9998354
1.0 0.99984694
1.0 0.999949
1.0 0.99989796
1.0 0.9999074
1.0 0.99994767
1.0 0.99989974
1.0 0.9999131
1.0 0.9998035
1.0 0.99994874
1.0 0.9998354
1.0 0.9999304
1.0 0.9999583
1.0 0.99913126
1.0 0.9998573
1.0 0.99976176
1.0 0.9999565
1.0 0.99981683
1.0 0.99993384
1.0 0.9998416
1.0 0.99926203
1.0 0.9999565
1.0 0.99988866
1.0 0.99990094
1.0 0.999811
1.0 0.99984694
1.0 0.999949
1.0 0.9994863
1.0 0.9997949
1.0 0.9999571
1.0 0.99992955
1.0 0.9997675
1.0 0.9991757
1.0 0.99976116
1.0 0.99989796
1.0 0.9999565
1.0 0.9997812
1.0 0.99923885
1.0 0.9998068
1.0 0.9999354
1.0 0.99992955
1.0 0.99970955
1.0 0.99915683
1.0 0.9998153
1.0 0.99943835
1.0 0.999811
1.0 0.9999583
1.0 0.9999596
1.0 0.999811
1.0 0.999468
1.0 0.99967027
1.0 0.99975103
1.0 0.9998068
1.0 0.99990773
1.0 0.9999583
1.0 0.999949
1.0 0.99990904
1.0 0.9998617
1.0 0.9999341
1.0 0.9998617
1.0 0.99990773
1.0 0.99989784
1.0 0.99945146
1.0 0.9999484
1.0 0.9998803
1.0 0.9998135
1.0 0.9998035
1.0 0.9991757
1.0 0.99943835
1.0 0.99990034
1.0 0.999468
1.0 0.9998863
1.0 0.9999074
1.0 0.999946
1.0 0.99975115
1.0 0.9999074
1.0 0.9997359
1.0 0.99987483
1.0 0.999949
1.0 0.9999565
1.0 0.99992967
1.0 0.9998067
1.0 0.99987483
1.0 0.99979824
1.0 0.99982834
1.0 0.99953556
1.0 0.999468
1.0 0.99990237
1.0 0.9991757
1.0 0.9998565
1.0 0.9994554
1.0 0.999811
1.0 0.9991757
1.0 0.9999354
1.0 0.9998617
1.0 0.9998617
1.0 0.99896526
1.0 0.9999552
1.0 0.99970067
1.0 0.99992967
1.0 0.999816
1.0 0.99970067
1.0 0.99945146
1.0 0.99995697
1.0 0.9999596
1.0 0.99995697
1.0 0.99995697
1.0 0.99995697
1.0 0.99987483
1.0 0.9999341
1.0 0.99984145
1.0 0.99935216
1.0 0.9999349
1.0 0.9998147
