true vs pred:
1.0 0.9995685
1.0 0.9995771
1.0 0.994547
1.0 0.99378324
1.0 0.99905246
1.0 0.9933948
1.0 0.99940205
1.0 0.999537
1.0 0.9995782
1.0 0.9995493
1.0 0.9330909
0.0 0.49263105
1.0 0.9996207
0.0 0.88425434
1.0 0.9995757
1.0 0.9145505
1.0 0.51957804
1.0 0.9814497
1.0 0.9995203
1.0 0.998662
1.0 0.6238207
1.0 0.9995215
1.0 0.99960524
0.0 0.69028556
1.0 0.9996111
1.0 0.9995413
1.0 0.99918073
1.0 0.974542
1.0 0.99508435
1.0 0.9993376
1.0 0.99894494
1.0 0.9978241
1.0 0.99951005
1.0 0.9996038
1.0 0.9995722
1.0 0.99808705
0.0 0.8651398
1.0 0.9996145
1.0 0.99955195
0.0 0.071369596
1.0 0.9371144
1.0 0.99960214
1.0 0.9995752
1.0 0.99955994
1.0 0.9988361
1.0 0.99959046
1.0 0.9992933
1.0 0.99960274
1.0 0.99959224
1.0 0.9994499
1.0 0.99894506
1.0 0.99946517
1.0 0.61381793
1.0 0.99902534
1.0 0.99923193
1.0 0.9994916
1.0 0.9882095
1.0 0.9993863
1.0 0.9809343
1.0 0.9995472
0.0 0.018570717
1.0 0.9995753
1.0 0.99923456
1.0 0.99926573
1.0 0.4808074
1.0 0.99958974
1.0 0.99955577
1.0 0.88695043
1.0 0.98752856
1.0 0.9656564
1.0 0.9992933
1.0 0.9949974
1.0 0.9981553
1.0 0.9983271
1.0 0.99932766
0.0 0.07780099
1.0 0.99798054
1.0 0.99938595
1.0 0.9995766
0.0 0.14457269
1.0 0.99950826
1.0 0.99258304
1.0 0.99942064
0.0 0.0013447981
1.0 0.99947697
1.0 0.30450335
1.0 0.99954754
1.0 0.9195676
0.0 0.47537193
1.0 0.9983158
1.0 0.9995716
1.0 0.99947304
1.0 0.99950635
1.0 0.99907506
1.0 0.99798644
0.0 0.21719068
0.0 0.09609276
1.0 0.99938285
0.0 0.07400095
1.0 0.9996112
1.0 0.9986105
1.0 0.92797744
1.0 0.99958473
1.0 0.9995757
1.0 0.98019344
0.0 0.012302205
1.0 0.9962288
0.0 0.009333515
0.0 0.0036816944
1.0 0.9974112
1.0 0.34439138
1.0 0.956163
1.0 0.9992324
1.0 0.51986337
1.0 0.99956805
0.0 0.0057298853
1.0 0.9952579
1.0 0.9996113
1.0 0.78878987
1.0 0.99485165
1.0 0.999624
1.0 0.999613
0.0 0.05503453
1.0 0.9985752
1.0 0.99958426
1.0 0.9994074
1.0 0.9995652
1.0 0.9995609
1.0 0.9875366
1.0 0.99832827
1.0 0.9995054
1.0 0.9996203
1.0 0.99746776
1.0 0.99814
1.0 0.99953616
0.0 0.01721577
1.0 0.9990067
1.0 0.98917
1.0 0.998049
1.0 0.9768604
1.0 0.9995982
1.0 0.9995627
0.0 0.7807259
1.0 0.9994584
1.0 0.9995441
1.0 0.9996239
1.0 0.9953147
1.0 0.99935776
1.0 0.99943477
1.0 0.99953187
1.0 0.9995703
1.0 0.99774396
1.0 0.9994816
1.0 0.999602
1.0 0.99955684
1.0 0.9989728
1.0 0.9988882
1.0 0.9996377
1.0 0.91408783
1.0 0.9986412
1.0 0.999491
1.0 0.09068896
1.0 0.9994628
1.0 0.999587
1.0 0.9988825
1.0 0.9976459
1.0 0.8510602
1.0 0.9996107
1.0 0.51079977
1.0 0.99952877
0.0 0.008262555
1.0 0.99930346
1.0 0.99884784
1.0 0.9994816
1.0 0.99957424
1.0 0.9995721
1.0 0.9996275
1.0 0.9996201
1.0 0.99559194
1.0 0.9996171
1.0 0.99961203
1.0 0.9993994
1.0 0.9996136
1.0 0.9877806
0.0 0.0041009807
1.0 0.99961627
1.0 0.99614173
1.0 0.99938357
0.0 0.012116711
1.0 0.99950576
0.0 0.7121292
1.0 0.9993512
1.0 0.9995493
1.0 0.9801521
1.0 0.9995956
0.0 0.001989224
1.0 0.9996153
1.0 0.9995565
1.0 0.9960497
1.0 0.99944204
1.0 0.99954873
1.0 0.9932098
1.0 0.99379987
1.0 0.9740121
0.0 0.0016401471
1.0 0.99947983
1.0 0.999571
1.0 0.99864906
0.0 0.08558629
1.0 0.7629647
1.0 0.89718896
1.0 0.99942505
1.0 0.99930644
0.0 0.0043613133
1.0 0.9971185
1.0 0.99958974
1.0 0.99798644
1.0 0.99934274
0.0 0.0018187499
1.0 0.99958426
1.0 0.99960285
1.0 0.99962175
1.0 0.99950767
1.0 0.89161044
1.0 0.99943477
1.0 0.999551
1.0 0.99683017
1.0 0.9259395
1.0 0.9971175
1.0 0.08860877
