true vs pred:
1.0 0.9390581
0.0 0.057331905
1.0 0.8191296
1.0 0.9986627
1.0 0.99648225
1.0 0.9897621
0.0 0.06464218
1.0 0.9993351
1.0 0.99926335
1.0 0.99898905
0.0 0.045773398
1.0 0.9995072
1.0 0.99339056
1.0 0.99647033
1.0 0.9994487
1.0 0.28689846
1.0 0.9992673
1.0 0.99943954
1.0 0.9993548
1.0 0.99952006
1.0 0.99549556
1.0 0.9811519
1.0 0.9991171
1.0 0.9985611
0.0 0.9110902
1.0 0.9995204
1.0 0.920597
1.0 0.9994531
1.0 0.93949723
0.0 0.5033545
0.0 0.021081775
1.0 0.9995178
1.0 0.999519
0.0 0.023322579
1.0 0.9994037
1.0 0.9686386
1.0 0.9993767
1.0 0.99951744
1.0 0.96853876
1.0 0.98880124
1.0 0.9995196
1.0 0.9993624
1.0 0.9110185
1.0 0.99048424
0.0 0.37336293
0.0 0.6264956
1.0 0.9994
1.0 0.99948275
0.0 0.13257474
1.0 0.9993917
1.0 0.7398055
1.0 0.9995061
1.0 0.99945444
0.0 0.8452098
0.0 0.050480563
1.0 0.99248946
1.0 0.9994978
1.0 0.94683886
0.0 0.11510538
1.0 0.9993992
1.0 0.9993755
1.0 0.99943954
1.0 0.9995111
1.0 0.89219433
1.0 0.9961308
1.0 0.9995332
1.0 0.52842253
0.0 0.04631703
1.0 0.53962255
1.0 0.99915624
0.0 0.05326628
1.0 0.79215795
1.0 0.9994679
1.0 0.99951005
1.0 0.9994715
1.0 0.99919385
1.0 0.9972978
1.0 0.9995066
1.0 0.9960653
1.0 0.99953103
1.0 0.9994966
1.0 0.7736453
1.0 0.99949217
1.0 0.9364422
1.0 0.99867946
1.0 0.99642736
1.0 0.9346451
0.0 0.041150697
0.0 0.9462412
1.0 0.9975236
0.0 0.47138795
1.0 0.8985925
1.0 0.9834942
1.0 0.9889525
1.0 0.9840724
1.0 0.999432
0.0 0.08094106
1.0 0.9995065
1.0 0.9994369
1.0 0.99780875
1.0 0.7507618
1.0 0.9987871
1.0 0.99945825
0.0 0.22201304
1.0 0.9899339
1.0 0.99320674
1.0 0.999514
1.0 0.9904356
1.0 0.9985018
1.0 0.7325772
1.0 0.99941635
1.0 0.2788462
1.0 0.6887737
1.0 0.99951625
1.0 0.9898581
1.0 0.834747
1.0 0.9870439
1.0 0.9951687
1.0 0.72557247
1.0 0.99934715
0.0 0.023806876
1.0 0.99944717
1.0 0.99850595
0.0 0.04179324
0.0 0.6516334
1.0 0.9995134
1.0 0.99351007
1.0 0.9079645
1.0 0.998064
1.0 0.28689846
1.0 0.9995061
1.0 0.99950147
1.0 0.39992547
1.0 0.9995066
1.0 0.99946636
0.0 0.013193737
1.0 0.9931318
1.0 0.9993456
1.0 0.99946886
1.0 0.03901127
0.0 0.1673736
1.0 0.9992217
1.0 0.999331
1.0 0.99933136
1.0 0.3365574
1.0 0.99950874
1.0 0.9995158
1.0 0.99922645
0.0 0.030489085
1.0 0.8427887
1.0 0.987171
1.0 0.99946934
1.0 0.9993955
1.0 0.99847835
0.0 0.15141666
1.0 0.9961676
1.0 0.9696397
1.0 0.9622409
1.0 0.99795544
1.0 0.99946624
1.0 0.9066868
1.0 0.9995165
0.0 0.45616084
1.0 0.99792224
1.0 0.44687364
1.0 0.9508399
1.0 0.999511
1.0 0.07693168
0.0 0.26466516
1.0 0.99950814
1.0 0.9994741
1.0 0.9993788
1.0 0.9983398
1.0 0.99677366
1.0 0.99931836
1.0 0.9975732
1.0 0.9992673
1.0 0.9985825
1.0 0.99950135
0.0 0.0392528
1.0 0.9218643
1.0 0.99884963
1.0 0.9918962
1.0 0.9995011
1.0 0.98478645
1.0 0.9994665
1.0 0.9994936
1.0 0.81449723
0.0 0.088578716
1.0 0.9985234
1.0 0.99847835
1.0 0.98414534
0.0 0.86910397
1.0 0.99358046
1.0 0.8935602
1.0 0.7679046
1.0 0.9994165
0.0 0.12593883
1.0 0.9788399
1.0 0.9995308
1.0 0.99437946
1.0 0.9961844
1.0 0.9994356
1.0 0.99345076
1.0 0.97860557
1.0 0.99886656
1.0 0.9990146
1.0 0.9941075
1.0 0.99642736
1.0 0.9994742
1.0 0.9832571
0.0 0.106568374
0.0 0.056052487
1.0 0.99937797
1.0 0.9720709
1.0 0.99919385
1.0 0.9994765
1.0 0.633121
1.0 0.94434106
1.0 0.76093495
1.0 0.999519
1.0 0.99878436
1.0 0.99937564
1.0 0.9994628
1.0 0.9992367
0.0 0.28644606
1.0 0.9980415
0.0 0.027567945
0.0 0.034553282
0.0 0.020524884
