true vs pred:
0.0 0.0011574985
1.0 0.9982705
0.0 0.18458924
1.0 0.992397
0.0 0.0010569607
1.0 0.99280167
1.0 0.99546295
1.0 0.99686724
1.0 0.9997224
1.0 0.99734086
1.0 0.99970883
0.0 0.0029161004
1.0 0.99973387
1.0 0.99972385
1.0 0.5833929
0.0 0.0008384062
1.0 0.9994802
1.0 0.99876815
1.0 0.99972135
1.0 0.99920976
1.0 0.9997384
1.0 0.99973935
1.0 0.99973804
1.0 0.95665115
1.0 0.9994665
0.0 0.0034638662
1.0 0.5486008
1.0 0.9954573
1.0 0.9967564
1.0 0.99956197
1.0 0.62936366
0.0 0.036273625
1.0 0.99610823
1.0 0.99937195
0.0 0.0013566117
1.0 0.89422107
0.0 0.09907675
0.0 0.13994537
1.0 0.9973309
1.0 0.9550586
1.0 0.99898607
1.0 0.99971956
1.0 0.99971884
1.0 0.9997298
1.0 0.42565146
1.0 0.55510706
1.0 0.8979137
1.0 0.9997297
0.0 0.0010604137
1.0 0.9996815
1.0 0.9997274
0.0 0.0030967442
1.0 0.9996137
1.0 0.998461
1.0 0.9997359
1.0 0.96674204
1.0 0.9997265
1.0 0.9996836
1.0 0.8635707
1.0 0.9995851
1.0 0.999731
1.0 0.9542825
1.0 0.999729
1.0 0.9788497
1.0 0.9941484
0.0 0.0011544412
0.0 0.0018758061
1.0 0.99593264
0.0 0.00056956906
1.0 0.99950004
0.0 0.8943114
1.0 0.9997342
1.0 0.9970099
0.0 0.9175232
0.0 0.0031083066
1.0 0.99972135
0.0 0.16484688
1.0 0.999676
1.0 0.99947494
0.0 0.022126291
1.0 0.99951315
1.0 0.8986737
0.0 0.0011221387
0.0 0.038201272
1.0 0.9988556
0.0 0.11708305
1.0 0.9996749
1.0 0.9996289
1.0 0.99911684
1.0 0.99958414
1.0 0.99956006
0.0 0.002106464
1.0 0.9994123
1.0 0.99970895
0.0 0.006520726
1.0 0.8453877
0.0 0.008100735
0.0 0.27930552
0.0 0.43580824
0.0 0.024451869
0.0 0.03502879
1.0 0.9948684
1.0 0.96900386
1.0 0.99716574
1.0 0.999648
1.0 0.99937004
1.0 0.99877065
1.0 0.99376714
1.0 0.9990747
0.0 0.0028294388
1.0 0.99920183
1.0 0.9996075
1.0 0.9988016
1.0 0.99973005
1.0 0.95097625
1.0 0.99969995
1.0 0.9991315
0.0 0.027339477
1.0 0.19398378
1.0 0.9992662
1.0 0.7070069
1.0 0.9914607
0.0 0.01864059
1.0 0.9742633
1.0 0.99973446
1.0 0.9983968
1.0 0.5224601
0.0 0.768973
1.0 0.9997315
0.0 0.13057597
0.0 0.0006525857
1.0 0.999684
0.0 0.0029759153
0.0 0.0027121734
1.0 0.9968251
1.0 0.99972266
1.0 0.998085
1.0 0.99394906
0.0 0.0011836648
1.0 0.9996687
1.0 0.98202896
0.0 0.0007212204
1.0 0.9990727
1.0 0.9993555
1.0 0.9971722
1.0 0.99941254
1.0 0.99923444
1.0 0.99972004
0.0 0.0054764454
1.0 0.8635707
1.0 0.99946445
1.0 0.9984968
1.0 0.99957937
1.0 0.8156478
0.0 0.0006525857
1.0 0.99970156
1.0 0.9997148
1.0 0.9997205
1.0 0.999731
1.0 0.48648158
1.0 0.98982096
1.0 0.3797367
0.0 0.0032831281
1.0 0.9683303
1.0 0.99967384
1.0 0.999705
0.0 0.0024140324
1.0 0.97897947
1.0 0.9997274
0.0 0.010766101
0.0 0.0010780873
1.0 0.9997429
0.0 0.1731136
1.0 0.9992918
1.0 0.999496
0.0 0.00056165515
1.0 0.9997402
1.0 0.99914384
1.0 0.9996153
1.0 0.91075706
1.0 0.9455202
1.0 0.99972385
1.0 0.9985166
0.0 0.9155009
1.0 0.999729
1.0 0.9632258
0.0 0.0011336473
0.0 0.4391248
1.0 0.9993831
1.0 0.99969494
1.0 0.9996679
1.0 0.999401
1.0 0.9833402
1.0 0.9995653
1.0 0.98721826
1.0 0.9994593
1.0 0.99971884
1.0 0.9997415
0.0 0.0014466536
1.0 0.26009914
1.0 0.91442204
1.0 0.65333176
1.0 0.9738941
1.0 0.9994036
0.0 0.0015614071
0.0 0.09907675
1.0 0.96240723
1.0 0.9943293
0.0 0.0032968754
0.0 0.0024140324
0.0 0.0009919468
1.0 0.99971205
1.0 0.99940026
1.0 0.99973553
1.0 0.9997391
0.0 0.13137431
1.0 0.9996892
1.0 0.99222916
1.0 0.99971503
1.0 0.9665376
1.0 0.99945706
1.0 0.9696332
1.0 0.9993043
1.0 0.98024464
1.0 0.9996847
1.0 0.9994978
1.0 0.99913836
1.0 0.99966776
1.0 0.99971503
0.0 0.0016918876
