true vs pred:
1.0 0.947805
1.0 0.9658661
1.0 0.99828196
1.0 0.9400155
1.0 0.9982016
1.0 0.9932266
1.0 0.3848829
1.0 0.89761454
0.0 0.57401717
0.0 0.27756044
1.0 0.7478832
1.0 0.9881791
0.0 0.61088777
1.0 0.9332468
1.0 0.9887651
1.0 0.9925207
0.0 0.46384752
1.0 0.989702
1.0 0.99495983
1.0 0.88310105
1.0 0.9983339
0.0 0.46488965
1.0 0.9974831
1.0 0.99380976
1.0 0.9968767
1.0 0.99760914
0.0 0.20979476
1.0 0.99844956
1.0 0.9980172
1.0 0.9927154
1.0 0.99809784
1.0 0.9982274
1.0 0.11726873
1.0 0.9986966
1.0 0.9936953
0.0 0.54121125
0.0 0.1203924
0.0 0.94543165
1.0 0.16646604
1.0 0.5647345
1.0 0.99477166
1.0 0.98353785
0.0 0.1847295
1.0 0.9979225
1.0 0.9246648
1.0 0.9279528
1.0 0.9794555
1.0 0.9981887
1.0 0.9981413
1.0 0.9980867
1.0 0.9824776
0.0 0.86586446
0.0 0.1027657
0.0 0.64550567
1.0 0.9980578
1.0 0.9618741
1.0 0.9978393
1.0 0.9977539
1.0 0.99787724
1.0 0.9977228
1.0 0.9065103
1.0 0.9955974
1.0 0.99802643
1.0 0.9984419
1.0 0.9973622
1.0 0.99813265
1.0 0.9976814
1.0 0.9652802
1.0 0.65842694
1.0 0.99622846
1.0 0.99810094
1.0 0.99843615
1.0 0.89493036
1.0 0.5992901
0.0 0.58915186
1.0 0.9613945
1.0 0.99768627
0.0 0.14191583
1.0 0.9981969
1.0 0.9889768
1.0 0.998601
1.0 0.9938245
1.0 0.8919467
1.0 0.770243
1.0 0.38401
0.0 0.25482237
1.0 0.99858236
1.0 0.55803645
1.0 0.9983652
1.0 0.96042484
1.0 0.30372766
1.0 0.9982077
1.0 0.9977543
1.0 0.88053447
1.0 0.9636502
1.0 0.9956899
1.0 0.99194205
1.0 0.9961402
1.0 0.9949852
1.0 0.99775994
1.0 0.998355
1.0 0.75753856
0.0 0.87920076
1.0 0.9982607
1.0 0.86990374
1.0 0.99781114
1.0 0.30720052
1.0 0.36187172
1.0 0.9419435
1.0 0.9981523
1.0 0.996856
0.0 0.3625911
1.0 0.99851006
1.0 0.9968575
0.0 0.33026457
1.0 0.9982475
1.0 0.9935453
1.0 0.9958503
1.0 0.7087444
1.0 0.7546857
1.0 0.9937936
1.0 0.99697447
1.0 0.9129165
1.0 0.9985709
1.0 0.99782014
1.0 0.99819666
1.0 0.7511154
0.0 0.9676501
1.0 0.99854445
1.0 0.9976024
0.0 0.32945827
1.0 0.97184
1.0 0.998599
1.0 0.9986714
1.0 0.9977144
1.0 0.9893562
1.0 0.9971113
1.0 0.9955403
1.0 0.99828196
1.0 0.9934505
1.0 0.9978886
1.0 0.9304671
1.0 0.99618405
0.0 0.8058414
1.0 0.99191767
1.0 0.9743189
1.0 0.9970553
1.0 0.9881672
1.0 0.9384503
1.0 0.5555174
1.0 0.9985135
0.0 0.43404567
1.0 0.9976307
1.0 0.905634
1.0 0.9975873
1.0 0.63922346
1.0 0.99813265
1.0 0.9982126
1.0 0.8387028
1.0 0.9900385
1.0 0.83874255
1.0 0.99607736
1.0 0.4975722
1.0 0.94873965
1.0 0.93192774
1.0 0.9937936
1.0 0.55361485
1.0 0.95607185
1.0 0.9982565
1.0 0.99572796
0.0 0.5552129
1.0 0.99680424
1.0 0.9499435
1.0 0.9964721
0.0 0.20099127
1.0 0.9976084
1.0 0.6146174
1.0 0.9645487
0.0 0.68158835
1.0 0.14140856
1.0 0.9937935
1.0 0.99831676
1.0 0.96610093
1.0 0.99811554
1.0 0.9938694
1.0 0.9976283
1.0 0.45498365
0.0 0.37578055
1.0 0.9982704
0.0 0.6041907
1.0 0.9986141
1.0 0.9955733
1.0 0.72189665
1.0 0.98084635
1.0 0.9977169
1.0 0.8548053
0.0 0.09230588
1.0 0.9670642
0.0 0.29771748
0.0 0.21188822
1.0 0.98108655
0.0 0.2795896
1.0 0.63634056
1.0 0.99770075
0.0 0.99029094
1.0 0.9970374
0.0 0.206578
1.0 0.92157876
1.0 0.99837273
0.0 0.62424344
1.0 0.4335644
1.0 0.99822706
1.0 0.9978186
0.0 0.38608682
1.0 0.897671
1.0 0.99572796
1.0 0.9964721
1.0 0.99835277
1.0 0.9983171
1.0 0.6504365
1.0 0.9942036
1.0 0.9984475
1.0 0.99864095
1.0 0.7597454
1.0 0.9937535
1.0 0.9986545
0.0 0.096978
1.0 0.9965984
1.0 0.83614194
1.0 0.98825663
