true vs pred:
1.0 0.9951325
0.0 0.3735409
0.0 0.000697129
0.0 0.018046854
1.0 0.9991554
1.0 0.99698895
0.0 0.27745724
0.0 0.091632344
1.0 0.99965286
0.0 0.007385211
1.0 0.99034506
1.0 0.99963224
1.0 0.9986551
0.0 0.0020179315
0.0 0.0115801785
0.0 0.0014731108
0.0 0.0063863206
1.0 0.93906474
1.0 0.9996531
1.0 0.9914158
0.0 0.0033040391
1.0 0.99941623
0.0 0.021675922
1.0 0.9994338
1.0 0.9985971
1.0 0.9918168
1.0 0.91421217
1.0 0.99968207
1.0 0.9993709
0.0 0.0017254198
0.0 0.5897412
1.0 0.999548
1.0 0.9993616
0.0 0.089279786
0.0 0.20247075
1.0 0.995756
0.0 0.35234156
1.0 0.999571
1.0 0.998137
1.0 0.9991385
1.0 0.9993735
1.0 0.9996216
1.0 0.96977454
1.0 0.8883577
1.0 0.9989422
0.0 0.0014949227
1.0 0.6370085
1.0 0.9996617
1.0 0.42205042
1.0 0.99968326
1.0 0.99862254
1.0 0.999476
1.0 0.93377656
1.0 0.9955439
0.0 0.17468801
0.0 0.002499476
1.0 0.9990596
1.0 0.9963278
1.0 0.83411884
1.0 0.6373848
1.0 0.03393267
1.0 0.93906474
1.0 0.9996716
1.0 0.9901654
0.0 0.005806574
1.0 0.9995988
1.0 0.99722326
0.0 0.09802849
1.0 0.9456944
1.0 0.99966323
0.0 0.3974078
1.0 0.9920682
1.0 0.9991708
1.0 0.9994578
1.0 0.99956983
0.0 0.20022623
1.0 0.9988153
1.0 0.9995433
1.0 0.9993272
1.0 0.99948645
1.0 0.9996846
1.0 0.9937356
1.0 0.99968326
1.0 0.99579704
1.0 0.9996872
0.0 0.003967161
1.0 0.996121
0.0 0.6429958
0.0 0.0008537547
1.0 0.99899524
0.0 0.001747335
1.0 0.99862444
1.0 0.9981401
1.0 0.998589
1.0 0.986723
0.0 0.004283483
0.0 0.20581566
0.0 0.9836807
0.0 0.48079053
0.0 0.00097193953
1.0 0.8208867
0.0 0.0065887696
0.0 0.014113395
0.0 0.9549677
0.0 0.0047431444
1.0 0.99918896
0.0 0.5910841
0.0 0.0029331632
0.0 0.0015215179
1.0 0.99783427
1.0 0.999629
1.0 0.9991239
1.0 0.9971904
1.0 0.99939144
1.0 0.9992632
1.0 0.996855
1.0 0.9992884
1.0 0.99836844
1.0 0.991968
0.0 0.093997166
0.0 0.001064197
1.0 0.98945624
1.0 0.9994419
0.0 0.8629258
1.0 0.97896683
1.0 0.99955446
1.0 0.99866426
1.0 0.9930402
1.0 0.9993692
0.0 0.0014731108
1.0 0.999476
1.0 0.99852717
1.0 0.93520546
1.0 0.9995433
1.0 0.9996637
0.0 0.0044982303
1.0 0.9983689
0.0 0.16109607
1.0 0.99919266
0.0 0.00123199
1.0 0.9937348
1.0 0.99912804
0.0 0.18550661
1.0 0.999676
1.0 0.9026935
1.0 0.99944514
1.0 0.9996414
0.0 0.0041323625
0.0 0.020624917
1.0 0.99765754
1.0 0.99143654
1.0 0.9657537
1.0 0.9996401
0.0 0.012501137
0.0 0.002503712
1.0 0.9991571
0.0 0.0034636373
1.0 0.9908393
1.0 0.9989517
1.0 0.997997
1.0 0.95537174
1.0 0.99590343
1.0 0.99440914
1.0 0.9996743
1.0 0.99418616
1.0 0.98170084
1.0 0.99965143
0.0 0.0005454778
1.0 0.44609833
1.0 0.9996039
0.0 0.43060955
1.0 0.74388754
1.0 0.99940276
1.0 0.99931216
1.0 0.9996799
0.0 0.0009295842
0.0 0.0063863206
1.0 0.99827695
1.0 0.99963033
0.0 0.113894254
0.0 0.002732133
1.0 0.99928963
1.0 0.9984659
1.0 0.99822277
1.0 0.9960299
1.0 0.94048184
1.0 0.99425346
1.0 0.9586244
0.0 0.0010713241
0.0 0.01566968
0.0 0.012501137
1.0 0.99664575
1.0 0.7893336
1.0 0.9969241
1.0 0.99415356
1.0 0.9987245
1.0 0.9866822
0.0 0.061831992
1.0 0.99950254
1.0 0.9996606
1.0 0.99875486
1.0 0.9993333
1.0 0.9996654
1.0 0.99916935
1.0 0.9994111
1.0 0.9995734
0.0 0.0071987617
1.0 0.9941445
0.0 0.003967161
1.0 0.99967635
0.0 0.0031686213
0.0 0.56947607
0.0 0.53930426
0.0 0.35442796
1.0 0.9994117
0.0 0.20022623
1.0 0.9996519
1.0 0.81888634
1.0 0.9935634
1.0 0.9869937
1.0 0.9993616
1.0 0.9995245
1.0 0.9996699
1.0 0.99969184
1.0 0.99968684
1.0 0.9994185
1.0 0.9994221
1.0 0.95524675
0.0 0.034212362
0.0 0.21888159
