true vs pred:
1.0 0.9993759
1.0 0.9966258
1.0 0.96093565
1.0 0.99865556
1.0 0.99695194
0.0 0.78728646
1.0 0.9993753
1.0 0.89790994
1.0 0.99918765
0.0 0.9504991
1.0 0.770733
0.0 0.025107302
1.0 0.99937075
1.0 0.99934894
0.0 0.023512354
1.0 0.9992355
0.0 0.920885
1.0 0.99906236
1.0 0.9993579
1.0 0.97281486
1.0 0.96216184
1.0 0.9993436
1.0 0.9989519
1.0 0.9384751
1.0 0.98925716
0.0 0.5928023
1.0 0.91553324
1.0 0.999181
1.0 0.9992736
0.0 0.098983996
1.0 0.99891794
1.0 0.75779897
1.0 0.99933714
1.0 0.99922574
0.0 0.5547352
0.0 0.09015167
1.0 0.99226344
1.0 0.9993094
1.0 0.9329499
0.0 0.259549
1.0 0.99917275
1.0 0.99898404
1.0 0.99919313
1.0 0.99931407
1.0 0.63108253
1.0 0.996442
1.0 0.9993923
1.0 0.54146075
0.0 0.05306978
1.0 0.34850273
1.0 0.9984944
0.0 0.07023415
1.0 0.6946069
1.0 0.99926287
1.0 0.99934644
1.0 0.9992772
1.0 0.9989785
1.0 0.99634016
1.0 0.9993368
1.0 0.98988205
1.0 0.99938023
1.0 0.99928814
1.0 0.74042916
1.0 0.9993013
1.0 0.9508329
1.0 0.9970477
1.0 0.99661535
1.0 0.8550837
0.0 0.059092883
1.0 0.9747774
1.0 0.9958644
1.0 0.770733
1.0 0.3947955
1.0 0.96398246
1.0 0.9768991
1.0 0.9453903
1.0 0.99915755
0.0 0.18672518
1.0 0.9993563
1.0 0.999156
1.0 0.9975095
0.0 0.52042705
1.0 0.99842083
1.0 0.99919003
0.0 0.22272003
1.0 0.9929287
1.0 0.9846156
1.0 0.999321
1.0 0.99336916
1.0 0.99837214
1.0 0.6602528
1.0 0.99906534
1.0 0.4194404
1.0 0.632819
1.0 0.99937844
1.0 0.9837017
1.0 0.8017781
1.0 0.98563474
1.0 0.99270093
1.0 0.8626879
1.0 0.9989924
1.0 0.09492688
1.0 0.9992586
1.0 0.99743867
0.0 0.056992553
0.0 0.5798285
1.0 0.999335
1.0 0.9914321
1.0 0.9201536
1.0 0.9954125
1.0 0.83082795
1.0 0.99933845
1.0 0.999342
1.0 0.4023782
1.0 0.9993406
1.0 0.9991942
1.0 0.012276635
1.0 0.98716533
1.0 0.99905914
1.0 0.999258
1.0 0.21803099
0.0 0.17640021
1.0 0.99865985
1.0 0.999158
1.0 0.9988919
0.0 0.3269734
1.0 0.99933714
1.0 0.9993339
1.0 0.9986339
0.0 0.04091045
1.0 0.8997666
1.0 0.96129423
1.0 0.9992601
1.0 0.99912876
1.0 0.998171
0.0 0.58173174
1.0 0.9888686
1.0 0.9879238
1.0 0.9541298
1.0 0.9958546
1.0 0.9992449
1.0 0.68868816
1.0 0.99935967
0.0 0.3004254
1.0 0.9945555
0.0 0.47101402
1.0 0.91510236
1.0 0.9993388
1.0 0.21470349
0.0 0.36156198
1.0 0.9993212
1.0 0.9992836
1.0 0.9991035
1.0 0.9964747
1.0 0.9950244
1.0 0.9989471
1.0 0.99724483
1.0 0.9989858
1.0 0.99737835
1.0 0.99931455
0.0 0.116430305
1.0 0.9620672
1.0 0.9977762
1.0 0.9836458
1.0 0.9992931
1.0 0.93981403
1.0 0.9992181
1.0 0.9992888
1.0 0.727222
1.0 0.3107342
1.0 0.99840385
1.0 0.9982173
1.0 0.964212
0.0 0.45554164
1.0 0.98036975
1.0 0.8148202
1.0 0.5838578
1.0 0.9992149
0.0 0.097210154
1.0 0.9470862
1.0 0.9993845
1.0 0.975695
1.0 0.9940994
1.0 0.999046
1.0 0.98348063
1.0 0.9503464
1.0 0.9977043
1.0 0.9985876
1.0 0.9864596
1.0 0.9970907
1.0 0.99925095
1.0 0.9924638
0.0 0.08658552
0.0 0.14091267
1.0 0.9990839
1.0 0.96636635
1.0 0.9990013
1.0 0.9992975
0.0 0.5366007
1.0 0.91729593
1.0 0.6191426
1.0 0.9993436
1.0 0.9977512
1.0 0.9987262
1.0 0.99920696
1.0 0.9983113
0.0 0.33917907
1.0 0.9961428
0.0 0.030035887
0.0 0.07055439
0.0 0.044466775
0.0 0.43845633
1.0 0.9990778
1.0 0.9990429
1.0 0.99919695
0.0 0.06396454
1.0 0.99899775
1.0 0.9991461
1.0 0.9932541
1.0 0.99258786
1.0 0.96139455
0.0 0.018580751
1.0 0.97518176
1.0 0.9970426
0.0 0.16427948
0.0 0.09661001
1.0 0.99815506
1.0 0.9993474
1.0 0.35054454
1.0 0.9308554
