true vs pred:
1.0 0.99998903
1.0 0.9999907
1.0 0.9999906
1.0 0.9999919
1.0 0.99999225
1.0 0.9999256
1.0 0.99998176
1.0 0.99999046
1.0 0.9999924
1.0 0.9999814
1.0 0.9999889
1.0 0.99998736
1.0 0.99999213
1.0 0.9999356
1.0 0.99999213
1.0 0.999982
1.0 0.999992
1.0 0.99999046
1.0 0.99976736
1.0 0.9999659
1.0 0.9997738
1.0 0.999992
1.0 0.99998724
1.0 0.9999894
1.0 0.9999906
1.0 0.99996567
1.0 0.99998736
1.0 0.9999924
1.0 0.99998593
1.0 0.99999225
1.0 0.9999857
1.0 0.99976736
1.0 0.99999213
1.0 0.9999924
1.0 0.9999856
1.0 0.9999863
1.0 0.99994326
1.0 0.99998176
1.0 0.99998903
1.0 0.999992
1.0 0.99999225
1.0 0.9999856
1.0 0.99999046
1.0 0.99998736
1.0 0.999982
1.0 0.99998915
1.0 0.99998736
1.0 0.99969125
1.0 0.99999225
1.0 0.99999213
1.0 0.999992
1.0 0.9999831
1.0 0.99998724
1.0 0.9999809
1.0 0.9999871
1.0 0.99998736
1.0 0.999992
1.0 0.9999356
1.0 0.9999691
1.0 0.9999889
1.0 0.9999858
1.0 0.999992
1.0 0.99999213
1.0 0.999992
1.0 0.9999871
1.0 0.99999213
1.0 0.99999213
1.0 0.99993193
1.0 0.99999034
1.0 0.9999924
1.0 0.99999225
1.0 0.9999356
1.0 0.9999924
1.0 0.99961865
1.0 0.999992
1.0 0.9999256
1.0 0.99998736
1.0 0.9999906
1.0 0.9999683
1.0 0.99998593
1.0 0.9999659
1.0 0.99999213
1.0 0.9999907
1.0 0.99994326
1.0 0.99999034
1.0 0.9999659
1.0 0.99965477
1.0 0.999992
1.0 0.9999924
1.0 0.99999213
1.0 0.9999924
1.0 0.9999907
1.0 0.99999046
1.0 0.9999924
1.0 0.99999213
1.0 0.99994123
1.0 0.9999924
1.0 0.9999889
1.0 0.9999231
1.0 0.9997738
1.0 0.99998736
1.0 0.9999857
1.0 0.99976736
1.0 0.9999809
1.0 0.9999924
1.0 0.999992
1.0 0.99999213
1.0 0.99999225
1.0 0.9999888
1.0 0.9999894
1.0 0.99969125
1.0 0.99999034
1.0 0.9999857
1.0 0.9999924
1.0 0.9999691
1.0 0.9999858
1.0 0.99999213
1.0 0.99999034
1.0 0.999992
1.0 0.9999875
1.0 0.9999924
1.0 0.9999906
1.0 0.9999924
1.0 0.99998915
1.0 0.999987
1.0 0.99998736
1.0 0.999992
1.0 0.99998736
1.0 0.9999918
1.0 0.9999925
1.0 0.99973625
1.0 0.9999856
1.0 0.9999858
1.0 0.99998915
1.0 0.9999702
1.0 0.9999906
1.0 0.99994326
1.0 0.99998903
1.0 0.9999919
1.0 0.99976736
1.0 0.99992275
1.0 0.9999863
1.0 0.99999225
1.0 0.9999919
1.0 0.9999877
1.0 0.9999925
1.0 0.9999907
1.0 0.9999924
1.0 0.99999034
1.0 0.99998903
1.0 0.9999888
1.0 0.9996859
1.0 0.999987
1.0 0.99994326
1.0 0.99999225
1.0 0.9999906
1.0 0.99965477
1.0 0.99998724
1.0 0.99999213
1.0 0.9999888
1.0 0.9999919
1.0 0.9999651
1.0 0.99998164
1.0 0.99999213
1.0 0.99973625
1.0 0.9999877
1.0 0.999992
1.0 0.9999906
1.0 0.999992
1.0 0.9999821
1.0 0.9999888
1.0 0.9999907
1.0 0.9999726
1.0 0.999992
1.0 0.99999225
1.0 0.9999925
1.0 0.99999213
1.0 0.999992
1.0 0.9999726
1.0 0.9999925
1.0 0.9999691
1.0 0.99998593
1.0 0.99999213
1.0 0.99998736
1.0 0.99996924
1.0 0.9999651
1.0 0.999992
1.0 0.9999924
1.0 0.9999924
1.0 0.9997738
1.0 0.9999356
1.0 0.9999907
1.0 0.99994326
1.0 0.9996859
1.0 0.99999225
1.0 0.9999924
1.0 0.9999924
1.0 0.99998736
1.0 0.99998915
1.0 0.99998724
1.0 0.9999355
1.0 0.9999821
1.0 0.99998724
1.0 0.9999919
1.0 0.99999046
1.0 0.99999213
1.0 0.99998903
1.0 0.9999858
1.0 0.99996567
1.0 0.9999924
1.0 0.99998593
1.0 0.9999343
1.0 0.9999924
1.0 0.9999876
1.0 0.9999924
1.0 0.9999871
1.0 0.9999889
1.0 0.9999888
1.0 0.9999701
1.0 0.9999925
1.0 0.9999918
1.0 0.9999907
1.0 0.9999875
1.0 0.99998736
1.0 0.999992
1.0 0.9999683
1.0 0.99996805
1.0 0.9999906
1.0 0.99998164
1.0 0.999992
1.0 0.9999925
1.0 0.99999225
1.0 0.99960333
1.0 0.9999924
1.0 0.9999343
1.0 0.9999809
1.0 0.99999213
1.0 0.99969125
1.0 0.99998116
1.0 0.99999213
1.0 0.9999894
1.0 0.9999888
1.0 0.9999857
1.0 0.99999225
1.0 0.99993145
1.0 0.9999701
1.0 0.9999924
1.0 0.99969125
1.0 0.9999919
1.0 0.99993193
1.0 0.99999046
1.0 0.999982
1.0 0.9999924
1.0 0.99999046
1.0 0.9999924
1.0 0.9999907
1.0 0.9999863
1.0 0.999992
1.0 0.999992
1.0 0.999992
1.0 0.9999906
1.0 0.99999213
1.0 0.9999924
1.0 0.9999869
1.0 0.9999925
1.0 0.99998736
1.0 0.9999919
1.0 0.99965477
1.0 0.9999924
1.0 0.99992275
1.0 0.9999924
1.0 0.9999924
1.0 0.99999213
1.0 0.99996805
1.0 0.99999225
1.0 0.99998736
1.0 0.99999213
1.0 0.9999809
1.0 0.99994123
1.0 0.9999875
1.0 0.99975914
1.0 0.9999919
1.0 0.99993193
1.0 0.99993193
1.0 0.999992
1.0 0.9999875
1.0 0.9999924
1.0 0.9999888
1.0 0.999987
1.0 0.9999809
1.0 0.9999856
1.0 0.99998915
1.0 0.9999924
1.0 0.99999213
1.0 0.99999046
1.0 0.99999046
1.0 0.99999046
1.0 0.9999906
1.0 0.9999919
1.0 0.99969125
1.0 0.99999046
1.0 0.99975914
1.0 0.99998736
1.0 0.9999906
1.0 0.9999726
1.0 0.9999907
1.0 0.99998903
1.0 0.99973625
1.0 0.9999869
1.0 0.99975914
1.0 0.9999906
1.0 0.9999919
1.0 0.9999821
1.0 0.9999924
1.0 0.9999924
1.0 0.9999869
1.0 0.9996612
1.0 0.9999924
1.0 0.99999213
1.0 0.9999924
1.0 0.9999919
1.0 0.9999863
1.0 0.999992
1.0 0.999992
1.0 0.99999034
1.0 0.9999918
1.0 0.9999888
1.0 0.9999871
1.0 0.99996805
1.0 0.99999213
1.0 0.999992
1.0 0.9999702
1.0 0.9999863
1.0 0.9999858
1.0 0.99998164
1.0 0.9999871
1.0 0.9999906
1.0 0.99993145
1.0 0.99996805
1.0 0.9999863
1.0 0.9999906
1.0 0.9999876
1.0 0.99998903
1.0 0.99999046
1.0 0.9999691
1.0 0.99993193
1.0 0.9999919
1.0 0.999987
1.0 0.9999924
1.0 0.99998915
1.0 0.99994326
1.0 0.999992
1.0 0.9999919
1.0 0.999992
1.0 0.99999225
1.0 0.9999924
1.0 0.99996567
1.0 0.99969125
1.0 0.99996924
1.0 0.9999918
1.0 0.9999894
1.0 0.99996924
1.0 0.999992
1.0 0.9999856
1.0 0.9999355
1.0 0.9999857
1.0 0.99998724
1.0 0.9999871
1.0 0.9999906
1.0 0.9999701
1.0 0.9999651
1.0 0.9999871
1.0 0.9999906
1.0 0.9999918
1.0 0.99998724
1.0 0.9999919
1.0 0.999992
1.0 0.9999888
1.0 0.9999702
1.0 0.9999924
1.0 0.9999919
1.0 0.9999918
1.0 0.9999871
1.0 0.9999918
1.0 0.9999906
1.0 0.999992
1.0 0.99999225
1.0 0.9999871
1.0 0.9999863
1.0 0.999992
1.0 0.9999343
1.0 0.9999821
1.0 0.9999889
1.0 0.9999871
1.0 0.99996567
1.0 0.99999034
1.0 0.9997738
1.0 0.9999858
1.0 0.99999213
1.0 0.99999213
1.0 0.999992
1.0 0.99998736
1.0 0.9999919
1.0 0.9999863
1.0 0.99998593
1.0 0.9999924
1.0 0.99999046
1.0 0.9999906
1.0 0.9999924
1.0 0.9999906
1.0 0.9999906
1.0 0.9999809
1.0 0.9999924
1.0 0.9999863
1.0 0.999992
1.0 0.99999213
1.0 0.99965477
1.0 0.9999858
1.0 0.99998736
1.0 0.9999924
1.0 0.9999877
1.0 0.9999919
1.0 0.9999858
1.0 0.9997738
1.0 0.9999924
1.0 0.99999046
1.0 0.9999906
1.0 0.99998724
1.0 0.99998593
1.0 0.9999924
1.0 0.9999343
1.0 0.9999821
1.0 0.9999924
1.0 0.9999918
1.0 0.9999871
1.0 0.9996612
1.0 0.9999869
1.0 0.99999046
1.0 0.9999924
1.0 0.9999875
1.0 0.99973625
1.0 0.99998724
1.0 0.9999919
1.0 0.9999918
1.0 0.9999691
1.0 0.99975914
1.0 0.99998116
1.0 0.99993193
1.0 0.99998724
1.0 0.99999213
1.0 0.9999925
1.0 0.99998724
1.0 0.99994123
1.0 0.9999651
1.0 0.9999871
1.0 0.99998724
1.0 0.99999046
1.0 0.99999213
1.0 0.9999924
1.0 0.9999906
1.0 0.9999888
1.0 0.9999919
1.0 0.9999888
1.0 0.99999046
1.0 0.9999907
1.0 0.99992275
1.0 0.99999225
1.0 0.9999894
1.0 0.99998736
1.0 0.9999809
1.0 0.9996612
1.0 0.99993193
1.0 0.99999046
1.0 0.99994123
1.0 0.9999889
1.0 0.9999906
1.0 0.99999225
1.0 0.99998736
1.0 0.9999906
1.0 0.99996805
1.0 0.99998915
1.0 0.9999924
1.0 0.9999924
1.0 0.999992
1.0 0.99998176
1.0 0.99998915
1.0 0.9999814
1.0 0.9999857
1.0 0.9999231
1.0 0.99994123
1.0 0.9999906
1.0 0.9996612
1.0 0.9999856
1.0 0.99994326
1.0 0.99998724
1.0 0.9996612
1.0 0.9999919
1.0 0.9999888
1.0 0.9999888
1.0 0.99961865
1.0 0.99999225
1.0 0.99996924
1.0 0.999992
1.0 0.9999876
1.0 0.99996924
1.0 0.99992275
1.0 0.99999213
1.0 0.9999925
1.0 0.9999924
1.0 0.9999924
1.0 0.99999213
1.0 0.99998915
1.0 0.9999919
1.0 0.9999863
1.0 0.99969125
1.0 0.999992
1.0 0.9999831
1.0 0.9999355
1.0 0.999992
1.0 0.9999906
