true vs pred:
1.0 0.9986135
0.0 0.0010430928
1.0 0.89739156
0.0 0.0012282248
1.0 0.99705815
0.0 0.5140629
0.0 0.0046786997
0.0 0.0027726763
1.0 0.9931866
0.0 0.00080983003
0.0 0.00085774006
0.0 0.0029611965
0.0 0.0007690225
1.0 0.996567
0.0 0.9589268
1.0 0.9993717
1.0 0.6734112
0.0 0.0007461647
1.0 0.99898404
0.0 0.0010064739
1.0 0.9982216
0.0 0.00076246064
1.0 0.998618
1.0 0.9849547
0.0 0.0015878954
1.0 0.46667957
1.0 0.36950707
1.0 0.9993474
0.0 0.0018023932
0.0 0.001739722
0.0 0.0019089372
1.0 0.99903846
1.0 0.9989945
1.0 0.99888426
1.0 0.989632
1.0 0.99941087
1.0 0.99890876
1.0 0.99903274
1.0 0.62289417
1.0 0.9969381
1.0 0.99922514
0.0 0.0038330974
1.0 0.7852654
1.0 0.9935003
0.0 0.84422314
0.0 0.0010414222
0.0 0.00094828743
0.0 0.003300265
1.0 0.9993845
1.0 0.99940264
0.0 0.0011187685
0.0 0.0066218795
0.0 0.0015653432
1.0 0.9991043
1.0 0.9947812
0.0 0.0019294298
0.0 0.16131578
1.0 0.9992487
0.0 0.005269161
0.0 0.003238311
1.0 0.9827915
0.0 0.0055099325
1.0 0.99922085
1.0 0.9943658
1.0 0.99354494
0.0 0.00330786
1.0 0.99875474
1.0 0.99844426
1.0 0.999159
1.0 0.9993538
1.0 0.998838
1.0 0.9993617
0.0 0.0017360837
1.0 0.9994299
1.0 0.65683997
1.0 0.9942521
0.0 0.0007461647
1.0 0.9963593
0.0 0.0008641602
1.0 0.974232
1.0 0.9992673
1.0 0.9849547
1.0 0.99325365
1.0 0.9993968
0.0 0.0011250548
0.0 0.06612633
1.0 0.9887263
0.0 0.0008608929
1.0 0.99792695
1.0 0.9974375
1.0 0.9993767
1.0 0.8588118
0.0 0.9670894
1.0 0.9988782
1.0 0.99912804
0.0 0.0018742702
1.0 0.9989189
0.0 0.0012151395
1.0 0.847781
1.0 0.9993191
1.0 0.9983134
0.0 0.02405901
0.0 0.65467894
0.0 0.5430682
1.0 0.999171
1.0 0.720719
1.0 0.99892056
1.0 0.99055827
1.0 0.9904749
0.0 0.0036626675
1.0 0.93773913
1.0 0.99380636
0.0 0.00095621374
1.0 0.78952736
1.0 0.997766
1.0 0.9994147
0.0 0.0036673201
1.0 0.898298
0.0 0.69841695
0.0 0.0011512674
0.0 0.0009957113
1.0 0.99939656
1.0 0.9951108
1.0 0.9972063
0.0 0.0010804047
0.0 0.0019815248
0.0 0.0054407096
0.0 0.014945407
1.0 0.992773
0.0 0.0012985824
0.0 0.0034875087
1.0 0.99901235
0.0 0.55720633
1.0 0.99840504
0.0 0.0008586371
0.0 0.0013860342
1.0 0.99943095
1.0 0.87574893
1.0 0.99942064
1.0 0.99924564
0.0 0.0008017234
1.0 0.9993631
0.0 0.0011436342
0.0 0.0036626675
0.0 0.7376854
0.0 0.021652564
0.0 0.0016614626
1.0 0.99940336
1.0 0.9993876
1.0 0.9989208
1.0 0.99930227
1.0 0.9989549
0.0 0.0015653432
0.0 0.0034875087
0.0 0.46949488
0.0 0.8996682
1.0 0.94801825
0.0 0.0008328279
1.0 0.9596103
0.0 0.0011648589
1.0 0.9514591
1.0 0.96309596
1.0 0.99157226
0.0 0.0010654052
0.0 0.0015914169
1.0 0.9993405
0.0 0.0016748363
0.0 0.0008583962
1.0 0.99821955
0.0 0.0019541848
0.0 0.0013860342
1.0 0.99887854
1.0 0.99932504
1.0 0.9989078
1.0 0.99642354
0.0 0.001105056
1.0 0.99943525
0.0 0.0035188957
0.0 0.0010474634
0.0 0.0016625482
1.0 0.9987375
1.0 0.91074806
0.0 0.0021749455
0.0 0.00079487433
1.0 0.9968305
1.0 0.99909174
0.0 0.0011066278
0.0 0.0008500329
0.0 0.0019057048
1.0 0.9993992
0.0 0.0012851432
0.0 0.0012105503
0.0 0.19259283
0.0 0.0010861043
0.0 0.0017064022
1.0 0.9961881
0.0 0.96689814
1.0 0.9936395
1.0 0.99484754
0.0 0.00512679
1.0 0.984268
1.0 0.9902429
0.0 0.0039834296
1.0 0.9991346
0.0 0.0017456232
1.0 0.99858993
0.0 0.0035411757
1.0 0.9987569
1.0 0.9690108
0.0 0.892933
0.0 0.0011170235
0.0 0.007984092
1.0 0.9991196
1.0 0.99931467
1.0 0.99686617
0.0 0.0013835476
1.0 0.9994246
1.0 0.9994474
1.0 0.9993912
1.0 0.99642354
1.0 0.9858074
1.0 0.99464285
0.0 0.0016542509
0.0 0.0013642528
1.0 0.9319727
1.0 0.98650104
1.0 0.99936074
0.0 0.0011440493
1.0 0.9973949
1.0 0.9936413
