true vs pred:
1.0 0.9981427
1.0 0.9984707
1.0 0.7658436
0.0 0.071924604
0.0 0.07578406
1.0 0.59962404
1.0 0.9014966
1.0 0.99865854
0.0 0.92159545
0.0 0.15674971
1.0 0.9124187
1.0 0.9926433
1.0 0.99908733
1.0 0.99734503
1.0 0.99674714
0.0 0.023466706
1.0 0.9916433
1.0 0.9970716
1.0 0.804708
0.0 0.7509967
1.0 0.9991937
1.0 0.999231
1.0 0.3244024
0.0 0.0131821195
1.0 0.9926347
1.0 0.9827193
1.0 0.998444
0.0 0.37699604
1.0 0.99908066
1.0 0.9992224
1.0 0.9991866
0.0 0.14473566
0.0 0.06565152
0.0 0.0032072028
1.0 0.9938765
1.0 0.9984366
1.0 0.980004
1.0 0.9984957
1.0 0.8571214
0.0 0.22687933
1.0 0.9902384
1.0 0.977852
1.0 0.9626407
1.0 0.87428105
0.0 0.0044588237
1.0 0.866407
1.0 0.99799794
1.0 0.99327713
1.0 0.99801195
0.0 0.12535246
0.0 0.014859446
0.0 0.13177416
1.0 0.9965217
1.0 0.9991136
1.0 0.99917644
1.0 0.99913114
1.0 0.9973157
1.0 0.99801993
1.0 0.99892634
1.0 0.9989066
1.0 0.9991013
1.0 0.9263988
1.0 0.9992023
1.0 0.99726874
0.0 0.631012
0.0 0.012468509
1.0 0.99921715
1.0 0.99926645
0.0 0.013750873
1.0 0.9972084
1.0 0.9992213
1.0 0.9986909
1.0 0.9457398
0.0 0.5093368
1.0 0.9411902
1.0 0.8830816
1.0 0.96233845
1.0 0.9992943
0.0 0.06411808
0.0 0.45073822
1.0 0.9257162
0.0 0.007330769
0.0 0.4611333
1.0 0.99852186
1.0 0.9979747
1.0 0.9938226
0.0 0.0034066134
0.0 0.0054995506
1.0 0.9052448
1.0 0.7159972
0.0 0.04722513
1.0 0.95935845
1.0 0.82549685
1.0 0.9929387
1.0 0.9499522
1.0 0.99909496
1.0 0.9959437
0.0 0.008777205
1.0 0.998447
1.0 0.98843634
0.0 0.62595993
1.0 0.9992198
0.0 0.0043191784
1.0 0.67097473
1.0 0.99925333
0.0 0.007006727
1.0 0.99892634
1.0 0.87311304
0.0 0.0131821195
0.0 0.954844
0.0 0.01911222
0.0 0.8849271
1.0 0.91635895
1.0 0.99924266
1.0 0.99497694
1.0 0.999183
0.0 0.005524036
1.0 0.98093194
0.0 0.011395213
1.0 0.9619554
1.0 0.70022243
1.0 0.99452186
1.0 0.9992912
0.0 0.37699604
1.0 0.99918765
1.0 0.99918824
1.0 0.9992964
1.0 0.9926162
1.0 0.97526205
1.0 0.99327713
1.0 0.9933914
1.0 0.99597067
1.0 0.9975254
0.0 0.3625347
1.0 0.9986388
1.0 0.9991769
1.0 0.9965918
1.0 0.62175936
1.0 0.97448236
1.0 0.99933594
0.0 0.005413905
1.0 0.9987876
1.0 0.83862776
0.0 0.17633303
1.0 0.99815434
0.0 0.3563436
0.0 0.011248638
1.0 0.9991391
1.0 0.99821556
1.0 0.98959655
1.0 0.9989066
0.0 0.012249327
1.0 0.99593997
1.0 0.8765698
0.0 0.007963397
1.0 0.99897766
1.0 0.9965754
1.0 0.9960453
0.0 0.017632823
0.0 0.69609284
0.0 0.008190358
1.0 0.9946477
0.0 0.34474203
1.0 0.919164
0.0 0.011248638
1.0 0.98484796
1.0 0.9437822
1.0 0.9933674
1.0 0.999091
1.0 0.97994345
1.0 0.99876404
0.0 0.014826529
1.0 0.999271
1.0 0.99917406
0.0 0.806995
0.0 0.006737917
1.0 0.991021
1.0 0.99286836
1.0 0.99918085
1.0 0.99726343
1.0 0.9992976
1.0 0.9992843
1.0 0.9993333
1.0 0.99460703
1.0 0.9984249
0.0 0.09350128
1.0 0.9783896
1.0 0.9775599
1.0 0.9688117
1.0 0.9987446
1.0 0.528326
0.0 0.29989213
1.0 0.984053
1.0 0.9972873
0.0 0.015096099
1.0 0.9364756
1.0 0.58740234
0.0 0.08788538
1.0 0.995672
1.0 0.88136107
1.0 0.99824345
1.0 0.99913615
1.0 0.9991492
1.0 0.9992742
1.0 0.09833997
0.0 0.85801524
1.0 0.78708917
1.0 0.9991948
0.0 0.010199952
1.0 0.9988557
1.0 0.9991673
0.0 0.3291909
1.0 0.9987845
1.0 0.9925891
1.0 0.9992955
1.0 0.99608
1.0 0.99922967
1.0 0.9990902
1.0 0.96826226
1.0 0.997431
1.0 0.99920255
1.0 0.91401386
1.0 0.9992106
1.0 0.9947261
1.0 0.9910862
0.0 0.009300785
0.0 0.025064496
1.0 0.9187822
0.0 0.0043191784
1.0 0.998428
