true vs pred:
0.0 0.07883985
1.0 0.99620545
0.0 0.0053524557
0.0 0.005652126
1.0 0.9878076
0.0 0.0014675221
0.0 0.0027900403
0.0 0.0015827249
1.0 0.99790925
1.0 0.83106893
1.0 0.99345326
1.0 0.99375004
1.0 0.99922645
0.0 0.021979949
1.0 0.37379465
1.0 0.99921405
1.0 0.9784136
1.0 0.9988104
1.0 0.9991436
1.0 0.99915755
1.0 0.998835
1.0 0.99901056
1.0 0.999236
0.0 0.001260245
1.0 0.9955006
0.0 0.0012358027
1.0 0.99934155
0.0 0.001499378
1.0 0.97082764
0.0 0.7573953
0.0 0.002887403
1.0 0.9992091
0.0 0.0032236853
1.0 0.9972681
1.0 0.97770613
1.0 0.9988354
1.0 0.9980221
0.0 0.40532923
1.0 0.9991986
1.0 0.9993048
1.0 0.9992009
1.0 0.99937063
1.0 0.9993716
1.0 0.9992778
1.0 0.99643916
0.0 0.344126
0.0 0.31361058
1.0 0.92498475
0.0 0.004237644
1.0 0.9992248
0.0 0.0012012806
1.0 0.78010654
0.0 0.004244075
0.0 0.007589672
1.0 0.99944526
1.0 0.9992105
1.0 0.99905235
0.0 0.035275307
1.0 0.9987876
1.0 0.9988042
1.0 0.98454607
1.0 0.98747987
1.0 0.99944144
1.0 0.9940935
1.0 0.9145126
0.0 0.0011679712
1.0 0.9990054
1.0 0.9966947
1.0 0.99930453
0.0 0.003948215
1.0 0.5111006
1.0 0.97985166
1.0 0.96905106
0.0 0.6233528
0.0 0.0022898254
0.0 0.0011917101
1.0 0.9980844
1.0 0.9991215
1.0 0.9982016
1.0 0.99926156
1.0 0.99384034
1.0 0.54845095
1.0 0.997964
0.0 0.003072963
1.0 0.99688786
1.0 0.97341925
0.0 0.0008705797
1.0 0.97817457
0.0 0.03469394
0.0 0.005602147
1.0 0.9991763
0.0 0.0030648764
0.0 0.0021607135
0.0 0.4120815
1.0 0.99916124
1.0 0.9990996
1.0 0.9933693
1.0 0.9400401
0.0 0.02380384
1.0 0.99921596
0.0 0.07883985
0.0 0.052958958
1.0 0.99930096
1.0 0.996191
1.0 0.9959186
1.0 0.999186
1.0 0.95244914
0.0 0.0011248243
1.0 0.99927706
1.0 0.9933316
0.0 0.0014257595
0.0 0.004245071
1.0 0.9771564
0.0 0.0049827686
1.0 0.9956453
1.0 0.9664649
1.0 0.9910761
1.0 0.9913584
1.0 0.98902214
1.0 0.9957272
0.0 0.0024070952
1.0 0.93847024
1.0 0.9935395
0.0 0.0020278727
1.0 0.773904
1.0 0.9992391
0.0 0.014692446
1.0 0.9987307
0.0 0.0012279827
0.0 0.0008705797
0.0 0.0021725986
0.0 0.0033633853
0.0 0.0018470198
1.0 0.9878591
1.0 0.9852165
1.0 0.99894124
1.0 0.9876009
1.0 0.9993599
0.0 0.021979949
0.0 0.0040435065
0.0 0.14765945
1.0 0.9976909
0.0 0.0017954218
1.0 0.9870148
0.0 0.0013411032
1.0 0.9897788
1.0 0.9199779
0.0 0.0068386164
0.0 0.12177706
1.0 0.9771962
0.0 0.0011235885
0.0 0.0014888586
0.0 0.0031928062
0.0 0.001191743
1.0 0.9935022
1.0 0.9641635
1.0 0.99918836
1.0 0.9729231
0.0 0.0009060075
1.0 0.9982408
0.0 0.0014552708
1.0 0.9966
0.0 0.0013604952
1.0 0.9980381
1.0 0.9961379
0.0 0.0038707696
1.0 0.9278249
1.0 0.9243309
1.0 0.9993469
0.0 0.011687152
0.0 0.002887403
0.0 0.005602147
1.0 0.9988937
1.0 0.9986565
1.0 0.9985807
1.0 0.9741974
1.0 0.99937564
1.0 0.9989292
1.0 0.99892956
1.0 0.571892
1.0 0.99476963
1.0 0.9992723
0.0 0.002319325
1.0 0.9241206
1.0 0.9823889
0.0 0.74189276
0.0 0.0047869254
0.0 0.0012444467
0.0 0.004000309
1.0 0.9993212
1.0 0.9993493
0.0 0.002812503
0.0 0.052958958
0.0 0.0019835853
1.0 0.9990331
1.0 0.99027926
0.0 0.0021690219
1.0 0.6138678
1.0 0.99907196
0.0 0.02013637
0.0 0.0031928062
1.0 0.91793776
0.0 0.0039527463
1.0 0.9990706
1.0 0.98593915
1.0 0.9872722
0.0 0.003696065
1.0 0.99859256
1.0 0.99732685
1.0 0.9990038
1.0 0.9992718
1.0 0.9982377
1.0 0.9992841
0.0 0.0019835853
1.0 0.99938965
1.0 0.9673688
1.0 0.98563695
0.0 0.00093127205
1.0 0.9953216
0.0 0.0019626215
1.0 0.9933693
1.0 0.9991072
1.0 0.9953395
1.0 0.9957272
1.0 0.9994019
0.0 0.0036306477
1.0 0.5265554
1.0 0.92235345
0.0 0.0018882244
1.0 0.99729115
