true vs pred:
1.0 0.9999945
1.0 0.9999976
1.0 0.99999654
1.0 0.9999838
1.0 0.99999774
1.0 0.9999875
1.0 0.9998944
1.0 0.98050356
1.0 0.9999964
1.0 0.99999774
0.0 4.4392647e-05
0.0 0.0003775272
1.0 0.99999654
0.0 0.0010994556
1.0 0.99999774
1.0 0.99998736
1.0 0.9999945
0.0 0.06289565
0.0 1.7601751e-05
0.0 9.8410186e-05
1.0 0.99999774
1.0 0.99999774
1.0 0.99999774
1.0 0.9730559
1.0 0.99999774
1.0 0.99998426
1.0 0.99998426
1.0 0.99999654
0.0 0.00013191978
1.0 0.98050356
0.0 0.00015413408
1.0 0.99999774
1.0 0.99999774
0.0 3.5285077e-05
0.0 3.6094953e-05
1.0 0.99999774
0.0 0.016093893
0.0 0.00011800537
1.0 0.9860852
1.0 0.9730559
0.0 5.896856e-05
1.0 0.99999774
1.0 0.9999976
1.0 0.9998578
1.0 0.9999964
0.0 0.00015634242
0.0 6.6329245e-05
1.0 0.99999774
0.0 3.455399e-05
1.0 0.9999871
0.0 0.000617692
1.0 0.99999774
0.0 0.052627243
0.0 0.029837329
0.0 0.00059112214
0.0 5.896856e-05
0.0 0.06289565
1.0 0.9999939
1.0 0.98631173
1.0 0.99999774
1.0 0.99999774
1.0 0.99999774
1.0 0.99999774
1.0 0.99999774
1.0 0.9999864
0.0 0.0017051761
0.0 1.858417e-05
1.0 0.99999774
1.0 0.99987674
0.0 0.052627243
0.0 8.9218556e-05
1.0 0.99999774
1.0 0.99999464
1.0 0.9999838
0.0 6.6329245e-05
1.0 0.9999871
1.0 0.99999774
0.0 0.016093893
0.0 4.4392647e-05
0.0 0.0007667621
0.0 2.692998e-05
0.0 0.08003357
0.0 0.00016860741
1.0 0.96779925
0.0 0.00052495627
1.0 0.99999774
0.0 0.017917126
1.0 0.9999939
1.0 0.9999945
1.0 0.99999774
1.0 0.99999416
0.0 0.017917126
0.0 0.016093893
0.0 1.8552455e-05
0.0 0.00050144765
0.0 4.5505927e-05
1.0 0.99999654
1.0 0.9999864
1.0 0.99999774
1.0 0.99999774
1.0 0.99999774
1.0 0.99999774
1.0 0.99999774
1.0 0.9999976
1.0 0.99999774
0.0 0.07182604
1.0 0.99998796
1.0 0.99999464
1.0 0.99998736
1.0 0.9998907
0.0 0.00013191978
1.0 0.9999976
0.0 0.029837329
0.0 0.0001326848
1.0 0.99998426
1.0 0.9999976
1.0 0.99999774
0.0 9.8410186e-05
1.0 0.9999871
1.0 0.9998907
1.0 0.9998907
1.0 0.99999464
0.0 4.719187e-05
1.0 0.99999774
1.0 0.9999976
1.0 0.99999774
0.0 0.05128051
0.0 0.000617692
1.0 0.9999838
0.0 0.05128051
1.0 0.99999774
0.0 0.052627243
1.0 0.99999774
1.0 0.99999774
1.0 0.9998944
1.0 0.9765694
1.0 0.99999774
1.0 0.99999774
1.0 0.99999774
1.0 0.99999774
0.0 0.00015634242
1.0 0.99987674
0.0 1.8141545e-05
1.0 0.99999774
0.0 5.896856e-05
1.0 0.9765694
1.0 0.9667037
1.0 0.99999774
0.0 0.00011800537
0.0 0.0010994556
0.0 8.9218556e-05
0.0 0.06289565
1.0 0.9999964
1.0 0.99999654
0.0 0.00059512845
1.0 0.99999774
1.0 0.96779925
0.0 9.8410186e-05
1.0 0.9999976
1.0 0.99990356
1.0 0.9999945
1.0 0.99999774
1.0 0.99999464
0.0 3.3153625e-05
0.0 0.00016860741
1.0 0.99999654
1.0 0.99999774
1.0 0.99999774
1.0 0.99999774
1.0 0.99999774
1.0 0.9999976
0.0 0.00022991322
1.0 0.9999964
0.0 0.029837329
1.0 0.9999864
0.0 0.0007667621
0.0 3.5285077e-05
1.0 0.98725754
1.0 0.99999774
1.0 0.99999774
0.0 5.9843627e-05
0.0 0.052627243
1.0 0.99998915
0.0 4.4392647e-05
0.0 1.5761969e-05
0.0 1.53976e-05
0.0 0.052627243
1.0 0.9998945
1.0 0.9999939
1.0 0.99999774
0.0 0.00059512845
1.0 0.99999774
0.0 1.8552455e-05
0.0 0.08003357
1.0 0.99999774
0.0 0.00016860741
1.0 0.99999774
0.0 0.00015413408
0.0 2.8980034e-05
1.0 0.97280824
0.0 4.4392647e-05
1.0 0.99999774
1.0 0.9998945
1.0 0.99999774
0.0 0.00013191978
0.0 5.0787923e-05
1.0 0.99999654
1.0 0.98631173
1.0 0.99999774
1.0 0.99999774
1.0 0.9860852
1.0 0.9998907
1.0 0.99999774
1.0 0.9999949
1.0 0.9765694
1.0 0.99999774
1.0 0.99999774
0.0 1.858417e-05
1.0 0.99987674
1.0 0.9999964
0.0 1.9908315e-05
1.0 0.99999654
1.0 0.99999416
1.0 0.99999774
0.0 0.017917126
1.0 0.99999774
0.0 2.9763887e-05
1.0 0.99998736
0.0 0.017917126
0.0 0.05128051
1.0 0.99999774
1.0 0.99999774
1.0 0.99999774
1.0 0.99999774
1.0 0.99993324
1.0 0.99999774
1.0 0.9999976
1.0 0.99999774
1.0 0.98631173
1.0 0.9999939
1.0 0.9758134
0.0 0.07189349
1.0 0.99993324
1.0 0.9999963
1.0 0.99998736
0.0 5.0787923e-05
1.0 0.99999774
0.0 0.052627243
0.0 0.0007667621
0.0 1.5761969e-05
1.0 0.9999871
1.0 0.99999774
1.0 0.99999654
1.0 0.98725754
1.0 0.9999963
0.0 1.6440597e-05
1.0 0.99999774
1.0 0.9998944
1.0 0.99999464
1.0 0.99999774
1.0 0.9999939
1.0 0.99999774
1.0 0.99999774
0.0 4.5505927e-05
1.0 0.9667037
1.0 0.9998578
0.0 0.00015634242
0.0 0.06289565
1.0 0.9998578
1.0 0.99999774
1.0 0.99999654
0.0 0.00059112214
1.0 0.99990356
1.0 0.99999774
1.0 0.99999774
0.0 0.0003775272
1.0 0.9998945
0.0 1.8552455e-05
0.0 8.9218556e-05
1.0 0.99999416
1.0 0.9999976
0.0 5.0406263e-05
0.0 0.00059112214
0.0 2.692998e-05
1.0 0.99999416
1.0 0.99999774
0.0 0.017917126
1.0 0.9999871
1.0 0.99998736
1.0 0.99999774
1.0 0.9999852
1.0 0.99998915
1.0 0.9999976
1.0 0.99999774
1.0 0.99999774
1.0 0.99999774
1.0 0.99999774
0.0 4.719187e-05
0.0 0.07189349
1.0 0.99999774
1.0 0.99999774
0.0 0.00015634242
1.0 0.99999654
0.0 1.7601751e-05
0.0 0.00037972687
1.0 0.9999852
1.0 0.9765694
0.0 5.9843627e-05
1.0 0.99999774
1.0 0.9999964
1.0 0.99999774
0.0 2.9763887e-05
0.0 0.00059512845
0.0 4.5505927e-05
1.0 0.99999774
1.0 0.99999654
1.0 0.99999774
1.0 0.99999774
0.0 1.8552455e-05
1.0 0.99999774
0.0 5.896856e-05
1.0 0.99999774
1.0 0.9999875
1.0 0.99999774
1.0 0.99999774
1.0 0.98725754
0.0 1.8141545e-05
0.0 8.9218556e-05
1.0 0.9999949
1.0 0.99993324
0.0 0.016093893
1.0 0.99999654
0.0 0.000617692
0.0 0.000617692
1.0 0.99999774
0.0 1.8141545e-05
0.0 1.6440597e-05
0.0 1.6440597e-05
0.0 2.692998e-05
1.0 0.99999774
1.0 0.9999875
1.0 0.99999774
1.0 0.9999852
0.0 1.9908315e-05
0.0 3.0150444e-05
1.0 0.99999654
1.0 0.99999774
1.0 0.9998907
1.0 0.99999774
1.0 0.99999774
1.0 0.99999774
1.0 0.99999774
1.0 0.97280824
1.0 0.9999964
1.0 0.9999964
0.0 0.0007667621
1.0 0.99999774
1.0 0.99999774
1.0 0.9999964
1.0 0.9999864
1.0 0.9998944
1.0 0.9999945
0.0 1.858417e-05
1.0 0.99999416
0.0 2.5244504e-05
1.0 0.9999852
0.0 0.07182604
1.0 0.9758134
0.0 3.6094953e-05
0.0 0.00013191978
1.0 0.99999774
1.0 0.99999774
1.0 0.9999964
1.0 0.99993324
1.0 0.99999774
1.0 0.99999416
1.0 0.99999774
1.0 0.99999654
1.0 0.9998591
1.0 0.9999964
1.0 0.99999774
0.0 0.00016860741
0.0 4.3668148e-05
1.0 0.99987674
1.0 0.99990356
0.0 0.00015634242
0.0 3.5285077e-05
1.0 0.9999945
0.0 0.00052495627
0.0 1.9416164e-05
1.0 0.99999774
1.0 0.9667037
1.0 0.99999416
0.0 3.6094953e-05
1.0 0.99999774
1.0 0.99999774
1.0 0.9730559
1.0 0.99999774
1.0 0.99998736
1.0 0.99999774
0.0 2.6968788e-05
0.0 0.0003775272
1.0 0.9999964
0.0 0.017917126
1.0 0.9998907
0.0 1.6440597e-05
0.0 2.5244504e-05
1.0 0.9999964
1.0 0.99999774
1.0 0.99999774
0.0 2.8980034e-05
1.0 0.99990356
1.0 0.99999464
0.0 0.029837329
0.0 0.00011800537
1.0 0.99999774
1.0 0.99999774
1.0 0.9999964
0.0 0.0003775272
1.0 0.98050356
0.0 1.9908315e-05
1.0 0.9998907
1.0 0.99999774
1.0 0.9999838
1.0 0.99999774
1.0 0.99999774
0.0 2.9763887e-05
1.0 0.9999949
1.0 0.99999774
0.0 5.9843627e-05
0.0 9.8410186e-05
1.0 0.99999774
1.0 0.99998736
1.0 0.99999654
0.0 0.0010994556
0.0 0.00037972687
1.0 0.9758134
0.0 0.00015634242
0.0 3.3153625e-05
1.0 0.99998915
0.0 2.692998e-05
1.0 0.9998945
1.0 0.9860852
1.0 0.9999875
1.0 0.99999464
1.0 0.9999864
1.0 0.9998578
1.0 0.9765694
0.0 5.9843627e-05
0.0 0.00037972687
0.0 5.9843627e-05
0.0 9.8410186e-05
1.0 0.98631173
1.0 0.9730559
0.0 0.0010994556
1.0 0.96779925
1.0 0.99999774
1.0 0.9999976
0.0 1.9908315e-05
0.0 0.00015413408
1.0 0.99999774
0.0 0.00015413408
1.0 0.99999464
0.0 6.6329245e-05
1.0 0.9999964
1.0 0.99999774
1.0 0.9999976
1.0 0.99999464
0.0 8.9218556e-05
1.0 0.9999976
0.0 2.9763887e-05
1.0 0.99998426
0.0 6.6329245e-05
1.0 0.9999964
0.0 9.8410186e-05
1.0 0.99999464
0.0 2.6968788e-05
0.0 3.5285077e-05
1.0 0.99999416
0.0 2.6968788e-05
1.0 0.99999774
1.0 0.99998796
1.0 0.99999774
0.0 1.6440597e-05
1.0 0.99999464
0.0 0.00050144765
1.0 0.99999774
1.0 0.99999416
1.0 0.99999774
1.0 0.99999774
1.0 0.99999416
0.0 0.0007667621
0.0 5.9843627e-05
0.0 3.455399e-05
1.0 0.99990356
0.0 3.0150444e-05
0.0 0.0017051761
1.0 0.99999774
0.0 8.9218556e-05
1.0 0.99998426
1.0 0.99998915
1.0 0.99999774
0.0 0.05128051
1.0 0.96779925
0.0 3.0150444e-05
0.0 4.3668148e-05
1.0 0.9998591
1.0 0.99987674
0.0 5.9843627e-05
1.0 0.9860852
1.0 0.9999945
0.0 9.8410186e-05
0.0 5.0406263e-05
1.0 0.99999774
0.0 3.5285077e-05
1.0 0.97280824
0.0 1.9908315e-05
1.0 0.9999964
1.0 0.9998578
1.0 0.9730559
