true vs pred:
1.0 0.9994549
1.0 0.9938998
1.0 0.9995521
1.0 0.9991436
1.0 0.9997918
1.0 0.9992274
1.0 0.99976104
1.0 0.99928516
1.0 0.9993475
1.0 0.9938998
1.0 0.9993199
1.0 0.99799335
1.0 0.9997899
1.0 0.99941623
1.0 0.9991684
1.0 0.9977323
1.0 0.9980677
1.0 0.9993013
1.0 0.9986966
1.0 0.99965787
1.0 0.99448746
1.0 0.99955446
1.0 0.99376464
1.0 0.9992274
1.0 0.9995486
1.0 0.99951637
1.0 0.9991684
1.0 0.99542636
1.0 0.9997918
1.0 0.9997776
1.0 0.9995778
1.0 0.99984264
1.0 0.99977225
1.0 0.9991177
1.0 0.9994148
1.0 0.99984014
1.0 0.9995486
1.0 0.9995486
1.0 0.9980677
1.0 0.9938998
1.0 0.99921834
1.0 0.992957
1.0 0.99978155
1.0 0.99806446
1.0 0.99941003
1.0 0.9997832
1.0 0.9979984
1.0 0.9990639
1.0 0.9977323
1.0 0.99938405
1.0 0.9997917
1.0 0.9946571
1.0 0.99937063
1.0 0.9995778
1.0 0.9991177
1.0 0.9990639
1.0 0.9997602
1.0 0.99927276
1.0 0.9993248
1.0 0.9993013
1.0 0.9986966
1.0 0.9995778
1.0 0.99984264
1.0 0.99448746
1.0 0.99904937
1.0 0.99816185
1.0 0.99788
1.0 0.99934274
1.0 0.9997763
1.0 0.9990639
1.0 0.9996455
1.0 0.9997844
1.0 0.99861526
1.0 0.9993747
1.0 0.999613
1.0 0.99919146
1.0 0.99928516
1.0 0.9996455
1.0 0.99861526
1.0 0.9990256
1.0 0.9997899
1.0 0.9997844
1.0 0.99951637
1.0 0.9995486
1.0 0.99941003
1.0 0.99806446
1.0 0.99955446
1.0 0.9943984
1.0 0.9993747
1.0 0.99923515
1.0 0.99861526
1.0 0.99982315
1.0 0.9995351
1.0 0.9987494
1.0 0.9997602
1.0 0.9997906
1.0 0.9993469
1.0 0.99927276
1.0 0.99905187
1.0 0.9993199
1.0 0.9997763
1.0 0.9998356
1.0 0.99977225
1.0 0.99984264
1.0 0.99978405
1.0 0.99895895
1.0 0.9993475
1.0 0.99493533
1.0 0.9997917
1.0 0.99977547
1.0 0.99977726
1.0 0.9998288
1.0 0.99977225
1.0 0.9994205
1.0 0.9991749
1.0 0.99983144
1.0 0.9986363
1.0 0.99897885
1.0 0.9998288
1.0 0.9946571
1.0 0.99927014
1.0 0.99940836
1.0 0.99941003
1.0 0.99965787
1.0 0.99919146
1.0 0.99927276
1.0 0.99394715
1.0 0.9992274
1.0 0.99983144
1.0 0.9992822
1.0 0.9991843
1.0 0.99934274
1.0 0.9943984
1.0 0.99951637
1.0 0.99977237
1.0 0.9995733
1.0 0.9992822
1.0 0.9994991
1.0 0.99921834
1.0 0.99895895
1.0 0.9978865
1.0 0.9995778
1.0 0.9997949
1.0 0.99904937
1.0 0.9997899
1.0 0.9997917
1.0 0.99933773
1.0 0.9989291
1.0 0.99966025
1.0 0.99923515
1.0 0.9939805
1.0 0.9996551
1.0 0.99977547
1.0 0.99788
1.0 0.9938998
1.0 0.9997776
1.0 0.9997918
1.0 0.9996458
1.0 0.99921834
1.0 0.99984264
1.0 0.99978167
1.0 0.9998393
1.0 0.9993469
1.0 0.9994148
1.0 0.99904937
1.0 0.9998448
1.0 0.9991843
1.0 0.99788
1.0 0.9990639
1.0 0.99820375
1.0 0.99921834
1.0 0.99921834
1.0 0.9997917
1.0 0.99895895
1.0 0.9997906
1.0 0.99788
1.0 0.9998356
1.0 0.999613
1.0 0.99934274
1.0 0.99979526
1.0 0.9938998
1.0 0.9994549
1.0 0.99788
1.0 0.99977547
1.0 0.99938405
1.0 0.9991177
1.0 0.99921834
1.0 0.99979395
1.0 0.9978865
1.0 0.99980146
1.0 0.9979984
1.0 0.99934345
1.0 0.99943596
1.0 0.9993248
1.0 0.99978167
1.0 0.9997918
1.0 0.9994205
1.0 0.9995351
1.0 0.99977237
1.0 0.9995733
1.0 0.9989291
1.0 0.9998356
1.0 0.99984133
1.0 0.9997731
1.0 0.9998258
1.0 0.99820375
1.0 0.99955446
1.0 0.99928516
1.0 0.9939805
1.0 0.99939215
1.0 0.9998288
1.0 0.99977726
1.0 0.9994991
1.0 0.99921834
1.0 0.9997899
1.0 0.9998288
1.0 0.99979085
1.0 0.99941623
1.0 0.9995521
1.0 0.9994991
1.0 0.99816185
1.0 0.9990256
1.0 0.999622
1.0 0.99977726
1.0 0.9992925
1.0 0.99861526
1.0 0.99975866
1.0 0.99493533
1.0 0.99964654
1.0 0.9993248
1.0 0.9993475
1.0 0.9993469
1.0 0.9980677
1.0 0.9993344
1.0 0.9993344
1.0 0.9995459
1.0 0.99493533
1.0 0.99984014
1.0 0.99928695
1.0 0.99940836
1.0 0.99955386
1.0 0.9977323
1.0 0.99938405
1.0 0.99816185
1.0 0.9998286
1.0 0.9997776
1.0 0.9994148
1.0 0.99940455
1.0 0.9996458
1.0 0.9946571
1.0 0.9980677
1.0 0.9997763
1.0 0.9997763
1.0 0.9995486
1.0 0.9997906
1.0 0.9991436
1.0 0.9997832
1.0 0.99940836
1.0 0.99940836
1.0 0.9996455
1.0 0.99919146
1.0 0.9997899
1.0 0.99984264
1.0 0.9993475
1.0 0.9997906
1.0 0.9987759
1.0 0.9998486
1.0 0.9995459
1.0 0.9997949
1.0 0.9997905
1.0 0.9987494
1.0 0.99904937
1.0 0.99984527
1.0 0.9978865
1.0 0.99940836
1.0 0.99976104
1.0 0.9994148
1.0 0.99978155
1.0 0.99904937
1.0 0.9997917
1.0 0.9998288
1.0 0.9993344
1.0 0.9995486
1.0 0.9996357
1.0 0.99869305
1.0 0.99927014
1.0 0.9995778
1.0 0.9993344
1.0 0.9990256
1.0 0.99799335
1.0 0.99938405
1.0 0.9991749
1.0 0.9946571
1.0 0.9996445
1.0 0.9997949
1.0 0.9993248
1.0 0.9997731
1.0 0.99820375
1.0 0.9995459
1.0 0.99937063
1.0 0.99820375
1.0 0.99984336
1.0 0.9994148
1.0 0.9939805
1.0 0.9991749
1.0 0.9996458
1.0 0.9986966
1.0 0.999613
1.0 0.99927276
1.0 0.9946571
1.0 0.9997776
1.0 0.99934345
1.0 0.99921834
1.0 0.9977323
1.0 0.99977726
1.0 0.99943596
1.0 0.99394715
1.0 0.9998258
1.0 0.99941623
1.0 0.9997763
1.0 0.99923515
1.0 0.9993747
1.0 0.99979657
1.0 0.9995486
1.0 0.99977237
1.0 0.99978346
1.0 0.9993573
1.0 0.99983966
1.0 0.99928516
1.0 0.99937063
1.0 0.9998448
1.0 0.99984014
1.0 0.9992274
1.0 0.99928695
1.0 0.992957
1.0 0.9990256
1.0 0.9994549
1.0 0.9997917
1.0 0.9997832
1.0 0.9998288
1.0 0.9998486
1.0 0.9994597
1.0 0.99919146
1.0 0.99977547
1.0 0.9998356
1.0 0.9991177
1.0 0.99975866
1.0 0.9994056
1.0 0.99965787
1.0 0.9986966
1.0 0.99978167
1.0 0.99923515
1.0 0.9993344
1.0 0.99979657
1.0 0.9997731
1.0 0.99977547
1.0 0.9989291
1.0 0.99861526
1.0 0.99905187
1.0 0.9995459
1.0 0.9996455
1.0 0.9994597
1.0 0.9992822
1.0 0.99955386
1.0 0.99984133
1.0 0.999848
1.0 0.9997681
1.0 0.99934274
1.0 0.9986363
1.0 0.9994549
1.0 0.99984527
1.0 0.9997917
1.0 0.9997731
1.0 0.99820375
1.0 0.99927014
1.0 0.99927276
1.0 0.9997731
1.0 0.9993469
1.0 0.99928695
1.0 0.99919146
1.0 0.999622
1.0 0.99933773
1.0 0.99979395
1.0 0.9994597
1.0 0.99923515
1.0 0.9946571
1.0 0.9995778
1.0 0.9987759
1.0 0.9997731
1.0 0.9997776
1.0 0.99979395
1.0 0.99937063
1.0 0.99951637
1.0 0.99941623
1.0 0.99861526
1.0 0.9987759
1.0 0.9996445
1.0 0.9998258
1.0 0.9995351
1.0 0.99977726
1.0 0.9997917
1.0 0.99919146
1.0 0.9979984
1.0 0.9993747
1.0 0.9996551
1.0 0.9994549
1.0 0.9994597
1.0 0.9986363
1.0 0.9991436
1.0 0.99934274
1.0 0.9988457
1.0 0.9998356
1.0 0.9993469
1.0 0.99934345
1.0 0.9998282
1.0 0.9993248
1.0 0.9993248
1.0 0.9993013
1.0 0.99933773
1.0 0.9996551
1.0 0.99940836
1.0 0.99982077
1.0 0.99806446
1.0 0.9980677
1.0 0.9998258
1.0 0.99977726
1.0 0.9997905
1.0 0.99927276
1.0 0.9993199
1.0 0.99984133
1.0 0.99984336
1.0 0.9996445
1.0 0.9995486
1.0 0.99921834
1.0 0.99493533
1.0 0.99921834
1.0 0.9994056
1.0 0.9997917
1.0 0.99977547
1.0 0.99376464
1.0 0.9997602
1.0 0.99869305
1.0 0.99976104
1.0 0.99975866
1.0 0.9998448
1.0 0.99940455
1.0 0.99977547
1.0 0.9938998
1.0 0.99938405
1.0 0.9993199
1.0 0.9997776
1.0 0.9997776
1.0 0.9997602
1.0 0.99983144
1.0 0.9992822
1.0 0.99927014
1.0 0.9991843
1.0 0.9991177
1.0 0.9979984
1.0 0.9991436
1.0 0.9946571
1.0 0.99493533
1.0 0.99940836
1.0 0.9980677
1.0 0.9977323
1.0 0.9995733
1.0 0.9938998
1.0 0.9990256
1.0 0.9979984
1.0 0.99934345
1.0 0.9997917
1.0 0.9988457
1.0 0.9996458
1.0 0.99966025
1.0 0.99940836
1.0 0.999613
1.0 0.9991843
1.0 0.9994148
1.0 0.99806446
1.0 0.9998258
1.0 0.99919146
1.0 0.99979395
1.0 0.9988457
1.0 0.99788
1.0 0.99977726
1.0 0.9998258
1.0 0.99979085
1.0 0.99965787
1.0 0.99978346
1.0 0.9998486
1.0 0.9993469
1.0 0.9993475
1.0 0.9996551
1.0 0.99928695
1.0 0.99975866
1.0 0.99934167
1.0 0.99376464
1.0 0.9991684
1.0 0.99978155
1.0 0.9993573
1.0 0.99376464
1.0 0.9938998
1.0 0.9997944
1.0 0.9998258
1.0 0.9991843
1.0 0.99938405
1.0 0.9992822
1.0 0.9997794
1.0 0.9997906
1.0 0.99493533
1.0 0.9997949
1.0 0.9991749
1.0 0.99978405
1.0 0.9995521
1.0 0.9998486
1.0 0.99493533
1.0 0.99493533
1.0 0.99376464
1.0 0.9996551
1.0 0.9995486
