true vs pred:
0.0 0.0034664068
0.0 0.0045207515
0.0 0.006649602
1.0 0.99832064
1.0 0.9985752
0.0 0.033662457
1.0 0.99960536
1.0 0.99848855
1.0 0.99960655
1.0 0.49943262
1.0 0.9995695
1.0 0.9995461
0.0 0.6325094
1.0 0.99907553
1.0 0.99944335
1.0 0.9964909
1.0 0.99898344
1.0 0.9994906
0.0 0.5575063
0.0 0.024340782
0.0 0.9537883
1.0 0.9994324
0.0 0.13281488
1.0 0.9995053
0.0 0.00411284
1.0 0.8082218
1.0 0.99853265
1.0 0.99926406
1.0 0.99957544
1.0 0.9993161
1.0 0.9991887
1.0 0.9994254
1.0 0.9994413
1.0 0.99949026
1.0 0.9991666
1.0 0.9984004
0.0 0.1401102
1.0 0.9954072
0.0 0.0021666514
1.0 0.9879418
1.0 0.9978149
1.0 0.99938285
0.0 0.031890303
0.0 0.19885184
1.0 0.99957126
1.0 0.9938723
1.0 0.9995982
1.0 0.99932134
1.0 0.99916565
1.0 0.9995701
1.0 0.99955887
1.0 0.98925847
0.0 0.07019998
1.0 0.99938107
1.0 0.99938786
1.0 0.9994369
1.0 0.99956435
0.0 0.00397728
1.0 0.9995541
1.0 0.99953926
0.0 0.51735336
1.0 0.9988199
1.0 0.9994628
0.0 0.0054144952
0.0 0.83535576
1.0 0.9995067
1.0 0.9993062
1.0 0.9989139
1.0 0.99945337
1.0 0.9995907
1.0 0.9993722
1.0 0.99957114
1.0 0.99425346
1.0 0.79284835
1.0 0.9978058
1.0 0.24730852
1.0 0.998995
1.0 0.9994541
1.0 0.9994399
0.0 0.026553826
0.0 0.011941081
1.0 0.9995615
0.0 0.0424379
1.0 0.9994431
1.0 0.99957806
1.0 0.999329
1.0 0.99949026
1.0 0.99957305
1.0 0.99958116
1.0 0.9988427
1.0 0.9996044
1.0 0.9967307
0.0 0.77190053
1.0 0.9950966
1.0 0.99833137
1.0 0.98578227
1.0 0.99957854
1.0 0.9994299
1.0 0.9993267
1.0 0.9988146
1.0 0.9996164
1.0 0.999534
1.0 0.9992144
0.0 0.0047593135
1.0 0.9995011
1.0 0.999476
1.0 0.9995541
0.0 0.0087944055
1.0 0.9995053
1.0 0.9996068
1.0 0.99961
1.0 0.99960893
1.0 0.9980155
1.0 0.9993119
0.0 0.006597446
1.0 0.9995042
1.0 0.9996119
0.0 0.5265731
1.0 0.99945873
1.0 0.99581355
1.0 0.9995709
1.0 0.9994036
1.0 0.99955124
1.0 0.99926406
1.0 0.99939287
1.0 0.9993963
1.0 0.9992336
1.0 0.9995757
1.0 0.9994373
1.0 0.99932134
1.0 0.99938273
1.0 0.9928109
1.0 0.9971456
1.0 0.017652532
1.0 0.9242571
1.0 0.9992662
1.0 0.9622888
1.0 0.99951196
1.0 0.99912566
1.0 0.9995561
1.0 0.9994661
1.0 0.9995433
0.0 0.18367498
1.0 0.9662017
1.0 0.9995741
1.0 0.9995633
1.0 0.9995301
1.0 0.9925754
1.0 0.99870217
1.0 0.9995695
1.0 0.99953926
1.0 0.99958366
1.0 0.99080795
1.0 0.9963665
1.0 0.9995474
1.0 0.99957186
1.0 0.9960537
1.0 0.99957496
1.0 0.9996101
1.0 0.584699
1.0 0.9993968
0.0 0.012493569
0.0 0.20288824
1.0 0.8473569
1.0 0.9995301
0.0 0.00222162
1.0 0.9984493
1.0 0.9988697
1.0 0.9991043
0.0 0.04523206
1.0 0.99914694
1.0 0.99957794
1.0 0.9968798
1.0 0.99951303
0.0 0.03935038
1.0 0.9996101
1.0 0.9994777
1.0 0.9995696
1.0 0.99937457
0.0 0.003754868
1.0 0.99954516
1.0 0.99946004
1.0 0.9986386
1.0 0.9995167
1.0 0.99956506
1.0 0.44748822
1.0 0.9995633
1.0 0.99947757
0.0 0.002233405
0.0 0.003308637
0.0 0.26107076
1.0 0.9826985
1.0 0.98947597
1.0 0.9993685
1.0 0.9995859
0.0 0.0014602649
1.0 0.9996006
1.0 0.82205343
1.0 0.9983211
1.0 0.97781897
1.0 0.99956995
1.0 0.99942434
1.0 0.9994288
1.0 0.99896777
0.0 0.06906498
0.0 0.00874906
0.0 0.14398529
1.0 0.9994591
1.0 0.9995535
1.0 0.99955004
1.0 0.99948007
1.0 0.9995635
1.0 0.9995449
1.0 0.9988263
1.0 0.99950707
1.0 0.99941576
1.0 0.99953234
1.0 0.9993206
1.0 0.9995883
1.0 0.99958247
1.0 0.999209
1.0 0.968922
1.0 0.9989334
1.0 0.99950683
1.0 0.9995621
1.0 0.99935204
1.0 0.9985078
0.0 0.002952054
1.0 0.9992144
1.0 0.9995328
