true vs pred:
1.0 0.68864715
1.0 0.8683126
1.0 0.9979755
1.0 0.76788306
1.0 0.99805486
1.0 0.9412884
1.0 0.99826694
0.0 0.35666427
1.0 0.9967874
1.0 0.9979798
1.0 0.7453761
1.0 0.98917013
1.0 0.28284833
1.0 0.8736307
1.0 0.9909924
1.0 0.9936884
1.0 0.9906137
1.0 0.99818146
0.0 0.21959022
1.0 0.85488397
1.0 0.9968676
1.0 0.9883923
1.0 0.7506263
1.0 0.99782264
1.0 0.97991085
1.0 0.9849616
0.0 0.54722786
1.0 0.99768746
0.0 0.36986938
1.0 0.87676346
1.0 0.9973375
0.0 0.26854777
1.0 0.9876029
1.0 0.99794704
1.0 0.6450161
1.0 0.9973558
1.0 0.98040456
1.0 0.99719644
0.0 0.5956382
1.0 0.7800119
1.0 0.9981877
1.0 0.94169533
1.0 0.9969896
1.0 0.9976284
1.0 0.8271663
1.0 0.9567765
1.0 0.9963995
1.0 0.97946566
1.0 0.9861146
1.0 0.9836633
0.0 0.7791634
1.0 0.7162007
1.0 0.9907238
1.0 0.7485128
1.0 0.9783528
1.0 0.9975406
1.0 0.9959608
1.0 0.89683443
0.0 0.051002882
1.0 0.8176922
1.0 0.99747
1.0 0.07853276
1.0 0.90029705
1.0 0.99006397
1.0 0.9969963
1.0 0.70862603
1.0 0.85201716
1.0 0.9883923
1.0 0.984599
1.0 0.9906882
1.0 0.9977373
1.0 0.22356282
1.0 0.997472
1.0 0.99838996
1.0 0.9960675
1.0 0.98246586
1.0 0.80588216
1.0 0.9978739
1.0 0.37051323
1.0 0.99150753
1.0 0.878538
1.0 0.85703963
1.0 0.871847
1.0 0.99815124
1.0 0.99802554
1.0 0.96400106
1.0 0.997451
1.0 0.9978206
1.0 0.9912655
1.0 0.31729233
1.0 0.97639674
1.0 0.990391
1.0 0.9978179
1.0 0.9982829
1.0 0.98895454
1.0 0.9862844
1.0 0.9684747
1.0 0.99796546
1.0 0.9859753
1.0 0.9880801
1.0 0.99611276
0.0 0.16719352
1.0 0.86903256
1.0 0.8935381
0.0 0.46542075
1.0 0.9573735
1.0 0.9929999
1.0 0.9807343
1.0 0.97432476
0.0 0.23249967
1.0 0.9961557
1.0 0.9809028
1.0 0.99391276
0.0 0.64777136
1.0 0.99826694
1.0 0.92808133
1.0 0.9872565
1.0 0.99628985
1.0 0.94998705
1.0 0.9940071
1.0 0.9977102
1.0 0.99296016
1.0 0.99763656
1.0 0.98766845
1.0 0.97278196
1.0 0.99717426
1.0 0.98426276
0.0 0.6347143
1.0 0.9976404
1.0 0.8845496
1.0 0.9957331
0.0 0.98106164
1.0 0.9535215
0.0 0.1897955
1.0 0.99815303
1.0 0.9978003
0.0 0.24431564
1.0 0.9969265
0.0 0.89325434
1.0 0.99742126
1.0 0.9978161
1.0 0.93033206
1.0 0.95172936
1.0 0.9978003
1.0 0.9911959
1.0 0.9120291
1.0 0.73341113
0.0 0.8802984
1.0 0.9308598
1.0 0.99701786
1.0 0.9950303
0.0 0.5476317
1.0 0.9960167
1.0 0.9189377
1.0 0.9977309
1.0 0.9974567
0.0 0.49638802
0.0 0.4289728
1.0 0.99067265
1.0 0.99708515
1.0 0.9376187
0.0 0.37527844
1.0 0.99701786
1.0 0.9959889
1.0 0.9977557
1.0 0.99814904
1.0 0.42843473
1.0 0.98815256
1.0 0.9982509
1.0 0.89238006
1.0 0.17992994
1.0 0.54821575
1.0 0.9837961
0.0 0.46487546
1.0 0.85446537
1.0 0.99782145
1.0 0.99749964
1.0 0.9978727
1.0 0.9964186
1.0 0.9878324
1.0 0.9981375
1.0 0.98223937
1.0 0.9982497
1.0 0.99725276
1.0 0.9020971
1.0 0.9967077
1.0 0.94178224
1.0 0.99399513
1.0 0.9873611
1.0 0.6236413
0.0 0.43309158
1.0 0.9643661
1.0 0.98480564
1.0 0.95350456
1.0 0.21152091
1.0 0.9609295
1.0 0.97523683
1.0 0.69269496
1.0 0.99636745
0.0 0.27305475
1.0 0.9975501
1.0 0.99607605
1.0 0.9906882
0.0 0.53641117
1.0 0.99274594
1.0 0.99628985
0.0 0.5822357
1.0 0.985987
1.0 0.96087855
1.0 0.99727976
1.0 0.9883118
1.0 0.99006397
1.0 0.86902905
1.0 0.97813034
1.0 0.789908
1.0 0.88017076
1.0 0.99802786
1.0 0.9687517
1.0 0.9050111
1.0 0.9806687
1.0 0.9820696
1.0 0.90334314
1.0 0.9961302
1.0 0.68864715
1.0 0.99684
1.0 0.9908827
0.0 0.18077497
0.0 0.8673675
1.0 0.9978296
1.0 0.98248005
