true vs pred:
1.0 0.9513812
1.0 0.99041206
1.0 0.9977748
1.0 0.9963457
1.0 0.6950245
1.0 0.9982035
1.0 0.99788034
1.0 0.997712
1.0 0.6405632
0.0 0.5236717
1.0 0.9979487
0.0 0.4553483
1.0 0.98962325
1.0 0.79924333
1.0 0.9907004
1.0 0.9793885
1.0 0.949865
1.0 0.99041206
1.0 0.9956118
1.0 0.99718106
1.0 0.9884078
1.0 0.9818064
1.0 0.99018085
1.0 0.99745685
0.0 0.50777775
0.0 0.45116344
1.0 0.990108
1.0 0.99790084
1.0 0.99745685
1.0 0.9980767
1.0 0.98992467
1.0 0.97362876
1.0 0.9978682
0.0 0.45756078
1.0 0.9967393
1.0 0.6849809
1.0 0.9978157
1.0 0.9752331
1.0 0.99592626
1.0 0.9964133
1.0 0.99022627
1.0 0.9535324
1.0 0.97981197
1.0 0.9966253
1.0 0.80037105
1.0 0.97362876
1.0 0.9978682
1.0 0.98921776
1.0 0.99770594
1.0 0.99022627
1.0 0.6403464
1.0 0.99019814
1.0 0.9870568
0.0 0.54723626
1.0 0.9963457
1.0 0.9973393
0.0 0.4513662
1.0 0.9977823
1.0 0.9884078
1.0 0.9513812
1.0 0.9535324
1.0 0.99773395
1.0 0.99773395
1.0 0.9979487
1.0 0.99720925
1.0 0.9980357
0.0 0.4553483
1.0 0.9973393
1.0 0.9977748
1.0 0.80037105
1.0 0.6368243
1.0 0.997855
0.0 0.45737606
1.0 0.9818064
1.0 0.9977823
1.0 0.9870568
1.0 0.99822265
1.0 0.9906142
1.0 0.99721897
1.0 0.97362876
1.0 0.9613774
1.0 0.6368243
1.0 0.95240295
1.0 0.9964133
1.0 0.99787056
1.0 0.9954717
1.0 0.9784848
1.0 0.9827581
1.0 0.99022627
1.0 0.9960801
1.0 0.997712
1.0 0.97362876
1.0 0.9963457
1.0 0.9890915
1.0 0.9982083
1.0 0.8401586
0.0 0.46280023
1.0 0.9982035
1.0 0.996198
1.0 0.9907004
1.0 0.9977748
1.0 0.97362876
1.0 0.949865
1.0 0.9785178
1.0 0.9982652
1.0 0.9966086
1.0 0.9975758
1.0 0.9963457
1.0 0.9975758
1.0 0.99718106
1.0 0.6368243
0.0 0.51621664
1.0 0.99562895
1.0 0.9972113
1.0 0.9983292
1.0 0.9974456
1.0 0.81122684
1.0 0.99788034
1.0 0.99562895
1.0 0.9978157
1.0 0.9975297
0.0 0.5012315
1.0 0.97981197
1.0 0.9613774
1.0 0.80037105
1.0 0.9977748
1.0 0.99784327
1.0 0.9979842
1.0 0.9978157
1.0 0.9885816
1.0 0.99772877
1.0 0.9535324
1.0 0.65409744
1.0 0.80037105
1.0 0.949865
1.0 0.9793885
0.0 0.4513662
1.0 0.9827581
1.0 0.9982035
1.0 0.98991513
1.0 0.9971301
0.0 0.50775015
1.0 0.95240295
1.0 0.9978682
1.0 0.9975968
0.0 0.51621664
1.0 0.94958186
1.0 0.9784848
1.0 0.98992467
1.0 0.9958467
1.0 0.97981197
1.0 0.9966253
1.0 0.9903599
1.0 0.98921776
1.0 0.94292194
0.0 0.4513662
1.0 0.94292194
1.0 0.9979842
1.0 0.9982083
0.0 0.48905912
1.0 0.9752331
1.0 0.9793885
1.0 0.9963457
1.0 0.9982652
0.0 0.50777775
1.0 0.9975968
1.0 0.9975968
1.0 0.99739057
1.0 0.9975297
1.0 0.99606496
1.0 0.9954717
1.0 0.9983139
1.0 0.80203056
0.0 0.45756078
1.0 0.9975758
1.0 0.79531085
1.0 0.9977748
1.0 0.9788979
1.0 0.97981197
1.0 0.9960801
1.0 0.9973393
1.0 0.80037105
1.0 0.9562068
1.0 0.9894587
1.0 0.81440014
1.0 0.99019814
1.0 0.99018085
1.0 0.99745685
1.0 0.9976199
1.0 0.6403464
1.0 0.6941116
1.0 0.7857401
1.0 0.99788034
0.0 0.45756078
1.0 0.9967393
1.0 0.9973393
1.0 0.6403464
1.0 0.9975758
1.0 0.81440014
1.0 0.79531085
1.0 0.9870568
1.0 0.9894587
0.0 0.50775015
0.0 0.51621664
0.0 0.51703084
1.0 0.99772877
1.0 0.99555653
1.0 0.99783117
1.0 0.9971301
1.0 0.99562895
1.0 0.9892135
1.0 0.99718106
1.0 0.99745685
1.0 0.99787056
1.0 0.79531085
1.0 0.7038163
1.0 0.99790084
1.0 0.99612564
1.0 0.99770594
1.0 0.9971897
1.0 0.99720925
1.0 0.9971723
1.0 0.99725443
1.0 0.99725443
1.0 0.99612564
1.0 0.9634788
1.0 0.9964515
1.0 0.99787056
0.0 0.54723626
1.0 0.9980357
1.0 0.9884078
1.0 0.9977823
1.0 0.949865
0.0 0.51703084
1.0 0.6849809
1.0 0.9885816
1.0 0.98990715
1.0 0.9906233
1.0 0.9975297
1.0 0.9972113
1.0 0.9562068
1.0 0.9978157
1.0 0.9983139
1.0 0.79924333
1.0 0.99822265
0.0 0.51703084
1.0 0.9884078
1.0 0.9956118
1.0 0.9971301
1.0 0.997855
1.0 0.6368243
1.0 0.98990715
1.0 0.8401586
1.0 0.9885816
1.0 0.9982083
1.0 0.9971533
1.0 0.997855
1.0 0.9966253
1.0 0.8229264
1.0 0.98064464
1.0 0.6454533
1.0 0.99019814
1.0 0.997712
1.0 0.9972113
1.0 0.9977748
0.0 0.48431253
1.0 0.9980767
1.0 0.8401586
1.0 0.9562068
1.0 0.9972113
1.0 0.9885816
1.0 0.998336
1.0 0.99718106
1.0 0.95240295
1.0 0.9966253
1.0 0.99606496
1.0 0.9870568
1.0 0.9884078
1.0 0.95240295
1.0 0.99770594
1.0 0.81122684
1.0 0.9977748
1.0 0.99783117
0.0 0.45116344
1.0 0.9982035
1.0 0.9974456
1.0 0.9980357
1.0 0.9982083
1.0 0.6368243
1.0 0.99770594
1.0 0.7038163
1.0 0.9982083
1.0 0.9973984
1.0 0.9964133
1.0 0.997712
1.0 0.98064464
1.0 0.9971533
1.0 0.9885816
1.0 0.9978934
1.0 0.81440014
1.0 0.79924333
1.0 0.9964515
1.0 0.9964133
0.0 0.4553483
1.0 0.97981197
1.0 0.99041206
1.0 0.9966086
1.0 0.9973984
1.0 0.98992467
1.0 0.9562068
1.0 0.9818064
1.0 0.98991513
1.0 0.9784848
1.0 0.98990715
1.0 0.99718106
1.0 0.98990715
1.0 0.99555653
1.0 0.80203056
1.0 0.9884078
1.0 0.8401586
0.0 0.5012315
0.0 0.50777775
1.0 0.99770594
0.0 0.51621664
1.0 0.9969138
0.0 0.46280023
1.0 0.9890915
1.0 0.98921776
1.0 0.6849809
1.0 0.97362876
1.0 0.9885816
1.0 0.9963343
1.0 0.99592626
1.0 0.98990715
1.0 0.9972113
1.0 0.65409744
1.0 0.9558139
1.0 0.97981197
1.0 0.6941116
1.0 0.9752331
1.0 0.95240295
1.0 0.9976199
1.0 0.9788979
1.0 0.99720925
1.0 0.9966086
1.0 0.997712
1.0 0.9535324
0.0 0.48431253
1.0 0.9958467
1.0 0.99631184
1.0 0.9976199
1.0 0.7857401
1.0 0.99772877
1.0 0.9892135
1.0 0.9963457
1.0 0.9979842
1.0 0.99555653
1.0 0.9983139
1.0 0.9960801
1.0 0.97981197
1.0 0.99562895
1.0 0.94292194
1.0 0.99739057
1.0 0.99770594
1.0 0.97362876
1.0 0.99631184
1.0 0.80203056
1.0 0.9784848
1.0 0.9977748
1.0 0.9977748
1.0 0.9784848
1.0 0.9958467
1.0 0.99631184
1.0 0.9982083
1.0 0.98921776
1.0 0.99725443
1.0 0.99784327
1.0 0.9982083
1.0 0.99822265
1.0 0.9971301
0.0 0.51621664
0.0 0.5236717
1.0 0.997712
1.0 0.99822265
1.0 0.9958467
1.0 0.9966086
1.0 0.99745685
1.0 0.9982083
1.0 0.99718106
1.0 0.9558139
1.0 0.9954717
0.0 0.4513662
1.0 0.99718106
1.0 0.99770594
1.0 0.9906233
1.0 0.9980357
0.0 0.45116344
0.0 0.5236717
1.0 0.99555653
1.0 0.9978157
1.0 0.9983139
1.0 0.9903599
1.0 0.98992467
1.0 0.99787056
1.0 0.9964133
1.0 0.9885816
1.0 0.997855
1.0 0.99721897
1.0 0.9978934
1.0 0.9980767
1.0 0.9894587
1.0 0.80203056
0.0 0.5236717
1.0 0.95240295
1.0 0.9793885
1.0 0.99022627
1.0 0.9562068
1.0 0.99019814
1.0 0.98992467
1.0 0.6403464
0.0 0.50777775
1.0 0.998336
1.0 0.9892135
1.0 0.81440014
0.0 0.46936545
0.0 0.50777775
1.0 0.9752331
1.0 0.9890915
0.0 0.50777775
1.0 0.94958186
1.0 0.99784327
1.0 0.9960801
1.0 0.8401586
1.0 0.9752331
1.0 0.6950245
1.0 0.99555653
1.0 0.9960801
1.0 0.9974456
0.0 0.45737606
1.0 0.9972113
1.0 0.79531085
1.0 0.98990715
0.0 0.45756078
1.0 0.9960801
1.0 0.99592626
1.0 0.9562068
1.0 0.9982035
1.0 0.9818064
1.0 0.99019814
0.0 0.45756078
1.0 0.99725443
1.0 0.9969138
0.0 0.4513662
0.0 0.4553483
1.0 0.99783117
1.0 0.97362876
0.0 0.51621664
1.0 0.98990715
1.0 0.9892135
1.0 0.98921776
1.0 0.9793885
1.0 0.79924333
0.0 0.46280023
1.0 0.79531085
1.0 0.9903599
1.0 0.99631184
1.0 0.99631184
1.0 0.99772877
1.0 0.80037105
1.0 0.7038163
1.0 0.80203056
0.0 0.51703084
0.0 0.4797338
1.0 0.80203056
1.0 0.99739057
1.0 0.99720925
1.0 0.9894587
1.0 0.997712
1.0 0.9958467
1.0 0.80037105
1.0 0.99790084
1.0 0.9966086
1.0 0.9975758
1.0 0.9980357
1.0 0.9827581
1.0 0.9971723
1.0 0.9970776
1.0 0.9562068
0.0 0.45756078
1.0 0.9980767
1.0 0.9906233
1.0 0.99788034
1.0 0.99555653
1.0 0.9979961
1.0 0.9963343
1.0 0.9558139
0.0 0.48431253
1.0 0.9983292
1.0 0.99745685
1.0 0.8229264
0.0 0.4797338
1.0 0.9906142
1.0 0.99745685
1.0 0.99772877
1.0 0.9972113
1.0 0.6941116
1.0 0.9964515
1.0 0.9870568
1.0 0.9956118
1.0 0.97362876
0.0 0.50775015
0.0 0.44408783
1.0 0.97981197
1.0 0.99725443
0.0 0.50777775
1.0 0.99718106
1.0 0.6405632
1.0 0.94292194
0.0 0.52139354
1.0 0.9978934
