true vs pred:
1.0 0.9996971
1.0 0.99944085
0.0 0.02976123
1.0 0.9974154
1.0 0.9496012
1.0 0.9996599
1.0 0.99965835
0.0 0.001751953
1.0 0.98544365
1.0 0.9996902
1.0 0.9995394
1.0 0.99939346
0.0 0.0012021214
1.0 0.9997002
1.0 0.9996829
1.0 0.9997017
1.0 0.99968135
1.0 0.7825381
1.0 0.99963796
1.0 0.9996729
1.0 0.99729425
1.0 0.95142776
1.0 0.99858105
1.0 0.98777777
1.0 0.39142504
1.0 0.99851054
1.0 0.99968755
1.0 0.99968433
1.0 0.9996505
1.0 0.99969053
1.0 0.9994599
1.0 0.9996613
1.0 0.9990239
1.0 0.99969923
1.0 0.99969923
1.0 0.99894327
1.0 0.9996909
1.0 0.9982942
0.0 0.8944642
1.0 0.9996884
1.0 0.99845076
1.0 0.65112
1.0 0.9996811
1.0 0.99712116
1.0 0.9996363
0.0 0.0025876088
1.0 0.99916005
1.0 0.9993986
1.0 0.99931705
1.0 0.99971205
0.0 0.010523062
1.0 0.99970526
1.0 0.99969673
1.0 0.99968064
0.0 0.037994653
1.0 0.99969065
1.0 0.99969006
0.0 0.023934051
1.0 0.99952185
1.0 0.99887484
1.0 0.9996884
1.0 0.9996605
1.0 0.9997061
1.0 0.9984659
1.0 0.9990163
1.0 0.9926239
1.0 0.9796443
1.0 0.9996946
1.0 0.9983277
1.0 0.6246321
1.0 0.42076987
1.0 0.996738
1.0 0.9873046
1.0 0.99971503
1.0 0.99947923
1.0 0.9996718
1.0 0.99951303
0.0 0.018119402
0.0 0.003648702
1.0 0.9996865
1.0 0.9993364
1.0 0.9954541
1.0 0.99940836
1.0 0.99965096
1.0 0.9996437
1.0 0.9997004
0.0 0.041581374
1.0 0.99966633
1.0 0.99943036
1.0 0.9869898
1.0 0.99933136
1.0 0.9996159
1.0 0.9996822
1.0 0.99960357
0.0 0.0024131036
1.0 0.99954337
1.0 0.9997118
1.0 0.99958104
0.0 0.018744001
1.0 0.9996437
1.0 0.9996847
1.0 0.99970055
1.0 0.98037714
1.0 0.86382467
1.0 0.99936014
1.0 0.9996525
1.0 0.9985599
1.0 0.9997173
1.0 0.9993862
1.0 0.99402905
1.0 0.9996414
1.0 0.99237955
1.0 0.99960345
1.0 0.99968195
1.0 0.99718285
1.0 0.9997079
0.0 0.031777285
0.0 0.6181018
0.0 0.010653883
0.0 0.44891235
1.0 0.9996673
1.0 0.9994666
0.0 0.0011875497
1.0 0.9996221
1.0 0.9997068
1.0 0.99965405
1.0 0.9990503
1.0 0.9993063
1.0 0.99602294
1.0 0.99967957
1.0 0.99970955
1.0 0.9995701
1.0 0.9996118
1.0 0.9770278
1.0 0.99969447
1.0 0.99940634
1.0 0.99939895
1.0 0.99967635
1.0 0.9995689
1.0 0.9996929
1.0 0.99969697
1.0 0.98866206
1.0 0.99948716
1.0 0.99968576
1.0 0.9997173
1.0 0.9994733
0.0 0.018011646
1.0 0.99814105
1.0 0.9250923
1.0 0.996231
1.0 0.9996884
1.0 0.84236807
1.0 0.9995308
1.0 0.9996717
1.0 0.99881786
1.0 0.98340976
1.0 0.99894375
1.0 0.9983979
1.0 0.9995142
1.0 0.9990989
1.0 0.9996729
1.0 0.9994848
1.0 0.9996871
1.0 0.9993088
1.0 0.9996393
0.0 0.29816735
1.0 0.9537458
1.0 0.99966776
0.0 0.044330686
1.0 0.99969316
1.0 0.9995733
0.0 0.015239159
1.0 0.99939096
1.0 0.99882764
1.0 0.9996908
1.0 0.999488
1.0 0.9968406
1.0 0.9980959
1.0 0.99954873
0.0 0.0009012875
0.0 0.008228261
0.0 0.0041095996
1.0 0.996555
1.0 0.97927094
0.0 0.017770573
1.0 0.99969757
1.0 0.9989875
1.0 0.9997079
0.0 0.051506538
1.0 0.9997155
1.0 0.9996549
1.0 0.82603335
1.0 0.9994197
1.0 0.9995802
1.0 0.9607864
1.0 0.9980849
1.0 0.99960464
0.0 0.022907028
0.0 0.004719207
1.0 0.98867536
1.0 0.9996556
0.0 0.09178136
1.0 0.9996425
0.0 0.046827797
1.0 0.98307216
1.0 0.9992854
1.0 0.99971133
1.0 0.99969923
1.0 0.9996681
1.0 0.99966204
1.0 0.9987583
1.0 0.9995431
1.0 0.9993814
1.0 0.99953544
1.0 0.9993513
0.0 0.12905982
1.0 0.9422617
0.0 0.0025807936
1.0 0.099391624
1.0 0.9990539
1.0 0.9996141
0.0 0.013864065
1.0 0.8801372
1.0 0.9996146
1.0 0.9987583
1.0 0.99970967
1.0 0.99960417
1.0 0.9994973
1.0 0.9996786
1.0 0.99969447
