true vs pred:
1.0 0.99725133
1.0 0.9971842
1.0 0.9967507
1.0 0.7586125
0.0 0.68811035
1.0 0.9972697
1.0 0.6136634
1.0 0.99084914
1.0 0.8641195
1.0 0.99175334
1.0 0.9810348
1.0 0.95892906
1.0 0.99094397
1.0 0.9930119
1.0 0.99706346
1.0 0.9890325
1.0 0.98322326
1.0 0.9907244
1.0 0.99633646
0.0 0.6731102
1.0 0.60233307
1.0 0.991231
1.0 0.9972149
1.0 0.99633646
1.0 0.99705136
1.0 0.9911403
1.0 0.97600514
1.0 0.997554
1.0 0.61222464
1.0 0.99632925
1.0 0.7923518
1.0 0.9975012
1.0 0.9775072
1.0 0.9935556
1.0 0.9959357
1.0 0.9913987
1.0 0.9621635
1.0 0.9814812
1.0 0.9962017
1.0 0.8648481
1.0 0.97600514
1.0 0.997554
1.0 0.98978627
1.0 0.99693704
1.0 0.9913987
1.0 0.7601358
1.0 0.99066
1.0 0.98783606
0.0 0.70665073
1.0 0.99426466
1.0 0.9972025
1.0 0.60485804
1.0 0.9970457
1.0 0.9890325
1.0 0.9599461
1.0 0.9621635
1.0 0.9967745
1.0 0.9967745
1.0 0.9972697
1.0 0.99708
1.0 0.9973896
1.0 0.6136634
1.0 0.9972025
1.0 0.9974534
1.0 0.8648481
1.0 0.7596712
1.0 0.997542
0.0 0.6300637
1.0 0.98322326
1.0 0.9970457
1.0 0.98783606
1.0 0.9972905
1.0 0.99167174
1.0 0.9970957
1.0 0.97600514
1.0 0.96756613
1.0 0.7596712
1.0 0.9603643
1.0 0.9959357
1.0 0.99716276
1.0 0.99279743
1.0 0.9802849
1.0 0.98406464
1.0 0.9913987
1.0 0.99390763
1.0 0.9967507
1.0 0.97600514
1.0 0.99426466
1.0 0.98968047
1.0 0.9972677
1.0 0.89327246
1.0 0.6172581
1.0 0.99725133
1.0 0.99575824
1.0 0.99175334
1.0 0.9974534
1.0 0.97600514
1.0 0.95892906
1.0 0.9800276
1.0 0.9973622
1.0 0.99616456
1.0 0.99652463
1.0 0.99426466
1.0 0.99652463
1.0 0.99706346
1.0 0.7596712
0.0 0.6815271
1.0 0.9930484
1.0 0.9970693
1.0 0.9974771
1.0 0.99632627
1.0 0.87229544
1.0 0.9971842
1.0 0.9930484
1.0 0.9975012
1.0 0.99717367
0.0 0.6666215
1.0 0.9814812
1.0 0.96756613
1.0 0.8648481
1.0 0.9974534
1.0 0.9971265
1.0 0.99731195
1.0 0.9975012
1.0 0.989234
1.0 0.9974025
1.0 0.9621635
1.0 0.7690865
1.0 0.8648481
1.0 0.95892906
1.0 0.9810348
1.0 0.60485804
1.0 0.98406464
1.0 0.99725133
1.0 0.99115527
1.0 0.99699664
0.0 0.6772872
1.0 0.9603643
1.0 0.997554
1.0 0.9965694
0.0 0.6815271
1.0 0.95874023
1.0 0.9802849
1.0 0.9911403
1.0 0.99531156
1.0 0.9814812
1.0 0.9962017
1.0 0.99154973
1.0 0.98978627
1.0 0.95332426
1.0 0.60485804
1.0 0.95332426
1.0 0.99731195
1.0 0.9972677
1.0 0.64086074
1.0 0.9775072
1.0 0.9810348
1.0 0.99426466
1.0 0.9973622
0.0 0.6731102
1.0 0.9965694
1.0 0.9965694
1.0 0.996232
1.0 0.99717367
1.0 0.99553263
1.0 0.99279743
1.0 0.99744606
1.0 0.8650184
1.0 0.61222464
1.0 0.99652463
1.0 0.86486095
1.0 0.9974534
1.0 0.9807046
1.0 0.9814812
1.0 0.99390763
1.0 0.9972025
1.0 0.8648481
1.0 0.9637251
1.0 0.9899738
1.0 0.8759506
1.0 0.99066
1.0 0.9907244
1.0 0.99633646
1.0 0.9972754
1.0 0.7601358
1.0 0.7998097
1.0 0.8579231
1.0 0.9971842
1.0 0.61222464
1.0 0.99632925
1.0 0.9972025
1.0 0.7601358
1.0 0.99652463
1.0 0.8759506
1.0 0.86486095
1.0 0.98783606
1.0 0.9899738
0.0 0.6772872
0.0 0.6815271
0.0 0.677216
1.0 0.9974025
1.0 0.9929692
1.0 0.99752027
1.0 0.99699664
1.0 0.9930484
1.0 0.9905076
1.0 0.99706346
1.0 0.99633646
1.0 0.99716276
1.0 0.86486095
1.0 0.80795753
1.0 0.9972149
1.0 0.9956644
1.0 0.99693704
1.0 0.99706703
1.0 0.99708
1.0 0.997056
1.0 0.9971161
1.0 0.9971161
1.0 0.9956644
1.0 0.9694318
1.0 0.9944713
1.0 0.99716276
0.0 0.70665073
1.0 0.9973896
1.0 0.9890325
1.0 0.9970457
1.0 0.95892906
0.0 0.677216
1.0 0.7923518
1.0 0.989234
1.0 0.99043965
1.0 0.99178386
1.0 0.99717367
1.0 0.9970693
1.0 0.9637251
1.0 0.9975012
1.0 0.99744606
1.0 0.8641195
1.0 0.9972905
0.0 0.677216
1.0 0.9890325
1.0 0.9930119
1.0 0.99699664
1.0 0.997542
1.0 0.7596712
1.0 0.99043965
1.0 0.89327246
1.0 0.989234
1.0 0.9972677
1.0 0.99585366
1.0 0.997542
1.0 0.9962017
1.0 0.8822901
1.0 0.9822221
1.0 0.7619289
1.0 0.99066
1.0 0.9967507
1.0 0.9970693
1.0 0.9974534
1.0 0.6341924
1.0 0.99705136
1.0 0.89327246
1.0 0.9637251
1.0 0.9970693
1.0 0.989234
1.0 0.9974807
1.0 0.99706346
1.0 0.9603643
1.0 0.9962017
1.0 0.99553263
1.0 0.98783606
1.0 0.9890325
1.0 0.9603643
1.0 0.99693704
1.0 0.87229544
1.0 0.9974534
1.0 0.99752027
1.0 0.60233307
1.0 0.99725133
1.0 0.99632627
1.0 0.9973896
1.0 0.9972677
1.0 0.7596712
1.0 0.99693704
1.0 0.80795753
1.0 0.9972677
1.0 0.99623764
1.0 0.9959357
1.0 0.9967507
1.0 0.9822221
1.0 0.99585366
1.0 0.989234
1.0 0.9975922
1.0 0.8759506
1.0 0.8641195
1.0 0.9944713
1.0 0.9959357
1.0 0.6136634
1.0 0.9814812
1.0 0.99094397
1.0 0.99616456
1.0 0.99623764
1.0 0.9911403
1.0 0.9637251
1.0 0.98322326
1.0 0.99115527
1.0 0.9802849
1.0 0.99043965
1.0 0.99706346
1.0 0.99043965
1.0 0.9929692
1.0 0.8650184
1.0 0.9890325
1.0 0.89327246
0.0 0.6666215
0.0 0.6731102
1.0 0.99693704
0.0 0.6815271
1.0 0.9967796
1.0 0.6172581
1.0 0.98968047
1.0 0.98978627
1.0 0.7923518
1.0 0.97600514
1.0 0.989234
1.0 0.9958709
1.0 0.9935556
1.0 0.99043965
1.0 0.9970693
1.0 0.7690865
1.0 0.9636126
1.0 0.9814812
1.0 0.7998097
1.0 0.9775072
1.0 0.9603643
1.0 0.9972754
1.0 0.9807046
1.0 0.99708
1.0 0.99616456
1.0 0.9967507
1.0 0.9621635
1.0 0.6341924
1.0 0.99531156
1.0 0.99588275
1.0 0.9972754
1.0 0.8579231
1.0 0.9974025
1.0 0.9905076
1.0 0.99426466
1.0 0.99731195
1.0 0.9929692
1.0 0.99744606
1.0 0.99390763
1.0 0.9814812
1.0 0.9930484
1.0 0.95332426
1.0 0.996232
1.0 0.99693704
1.0 0.97600514
1.0 0.99588275
1.0 0.8650184
1.0 0.9802849
1.0 0.9974534
1.0 0.9974534
1.0 0.9802849
1.0 0.99531156
1.0 0.99588275
1.0 0.9972677
1.0 0.98978627
1.0 0.9971161
1.0 0.9971265
1.0 0.9972677
1.0 0.9972905
1.0 0.99699664
0.0 0.6815271
0.0 0.68811035
1.0 0.9967507
1.0 0.9972905
1.0 0.99531156
1.0 0.99616456
1.0 0.99633646
1.0 0.9972677
1.0 0.99706346
1.0 0.9636126
1.0 0.99279743
1.0 0.60485804
1.0 0.99706346
1.0 0.99693704
1.0 0.99178386
1.0 0.9973896
1.0 0.60233307
0.0 0.68811035
1.0 0.9929692
1.0 0.9975012
1.0 0.99744606
1.0 0.99154973
1.0 0.9911403
1.0 0.99716276
1.0 0.9959357
1.0 0.989234
1.0 0.997542
1.0 0.9970957
1.0 0.9975922
1.0 0.99705136
1.0 0.9899738
1.0 0.8650184
0.0 0.68811035
1.0 0.9603643
1.0 0.9810348
1.0 0.9913987
1.0 0.9637251
1.0 0.99066
1.0 0.9911403
1.0 0.7601358
0.0 0.6731102
1.0 0.9974807
1.0 0.9905076
1.0 0.8759506
1.0 0.6255859
0.0 0.6731102
1.0 0.9775072
1.0 0.98968047
0.0 0.6731102
1.0 0.95874023
1.0 0.9971265
1.0 0.99390763
1.0 0.89327246
1.0 0.9775072
1.0 0.8004802
1.0 0.9929692
1.0 0.99390763
1.0 0.99632627
0.0 0.6300637
1.0 0.9970693
1.0 0.86486095
1.0 0.99043965
1.0 0.61222464
1.0 0.99390763
1.0 0.9935556
1.0 0.9637251
1.0 0.99725133
1.0 0.98322326
1.0 0.99066
1.0 0.61222464
1.0 0.9971161
1.0 0.9967796
1.0 0.60485804
1.0 0.6136634
1.0 0.99752027
1.0 0.97600514
0.0 0.6815271
1.0 0.99043965
1.0 0.9905076
1.0 0.98978627
1.0 0.9810348
1.0 0.8641195
1.0 0.6172581
1.0 0.86486095
1.0 0.99154973
1.0 0.99588275
1.0 0.99588275
1.0 0.9974025
1.0 0.8648481
1.0 0.80795753
1.0 0.8650184
0.0 0.677216
0.0 0.64734495
1.0 0.8650184
1.0 0.996232
1.0 0.99708
1.0 0.9899738
1.0 0.9967507
1.0 0.99531156
1.0 0.8648481
1.0 0.9972149
1.0 0.99616456
1.0 0.99652463
1.0 0.9973896
1.0 0.98406464
1.0 0.997056
1.0 0.9957522
1.0 0.9637251
1.0 0.61222464
1.0 0.99705136
1.0 0.99178386
1.0 0.9971842
1.0 0.9929692
1.0 0.9973354
1.0 0.9958709
1.0 0.9636126
1.0 0.6341924
1.0 0.9974771
1.0 0.99633646
1.0 0.8822901
0.0 0.64734495
1.0 0.99167174
1.0 0.99633646
1.0 0.9974025
1.0 0.9970693
1.0 0.7998097
1.0 0.9944713
1.0 0.98783606
1.0 0.9930119
1.0 0.97600514
0.0 0.6772872
1.0 0.60008126
1.0 0.9814812
1.0 0.9971161
0.0 0.6731102
1.0 0.99706346
1.0 0.7586125
1.0 0.95332426
0.0 0.69094026
1.0 0.9975922
1.0 0.9599461
1.0 0.9973622
1.0 0.99633646
1.0 0.62071306
1.0 0.9974807
