true vs pred:
0.0 0.0013558778
0.0 0.3604827
0.0 0.0019319996
0.0 0.0027823362
1.0 0.9951389
1.0 0.96291023
1.0 0.9989938
0.0 0.004625721
0.0 0.003103452
1.0 0.79131085
1.0 0.99885154
1.0 0.99914205
0.0 0.0026074392
0.0 0.22112215
1.0 0.9970925
1.0 0.99694306
0.0 0.8509935
0.0 0.0012211878
0.0 0.003539823
1.0 0.9987997
1.0 0.998257
1.0 0.35824713
0.0 0.0055433656
1.0 0.99919254
0.0 0.002331107
1.0 0.99638176
1.0 0.9975636
1.0 0.9990096
0.0 0.004783744
0.0 0.00211961
0.0 0.0017873538
0.0 0.0028772822
0.0 0.038983975
1.0 0.9993382
0.0 0.37332806
0.0 0.001629755
1.0 0.99896395
0.0 0.009764266
1.0 0.999017
1.0 0.998214
0.0 0.3876865
1.0 0.9883944
1.0 0.9992667
1.0 0.99905616
0.0 0.0029982675
1.0 0.79159266
1.0 0.9951102
1.0 0.91694087
0.0 0.15393047
0.0 0.0063893166
1.0 0.9907567
0.0 0.017261809
1.0 0.9748862
1.0 0.9983475
1.0 0.9985323
1.0 0.92322093
1.0 0.99920124
1.0 0.9855965
1.0 0.44320464
1.0 0.9989808
0.0 0.0032501288
0.0 0.03555908
1.0 0.9992079
1.0 0.17718156
1.0 0.99928075
1.0 0.99894243
1.0 0.9977703
0.0 0.054906487
1.0 0.9981723
0.0 0.11505441
0.0 0.002772973
1.0 0.7445299
1.0 0.9952121
1.0 0.9297761
0.0 0.043948557
0.0 0.0021806539
0.0 0.038983975
1.0 0.99842227
1.0 0.9922311
0.0 0.0032539216
1.0 0.9961255
1.0 0.9989072
0.0 0.33787528
1.0 0.9922076
1.0 0.9992384
0.0 0.2303703
1.0 0.9940393
1.0 0.9847606
1.0 0.99574935
1.0 0.99759114
0.0 0.015175824
1.0 0.998319
1.0 0.98909
1.0 0.99919444
1.0 0.96530205
1.0 0.9992131
1.0 0.9904615
1.0 0.9991798
1.0 0.99815816
1.0 0.99934214
0.0 0.001629755
1.0 0.9978911
0.0 0.7691332
0.0 0.0012386375
1.0 0.9983821
0.0 0.003245783
1.0 0.9983759
1.0 0.9945958
1.0 0.99849916
1.0 0.9896689
0.0 0.0021479607
1.0 0.57232744
0.0 0.030002937
0.0 0.007508722
0.0 0.001125169
1.0 0.7455593
0.0 0.0022139743
0.0 0.00211961
1.0 0.9951565
0.0 0.0042908005
1.0 0.9982299
0.0 0.0035292928
0.0 0.003299189
0.0 0.0013226287
1.0 0.9986156
1.0 0.99926215
1.0 0.9986609
1.0 0.9987338
0.0 0.8647291
1.0 0.99840015
1.0 0.9980059
1.0 0.9990038
1.0 0.9938327
1.0 0.99805105
0.0 0.0055433656
0.0 0.0023395114
0.0 0.18806957
1.0 0.99906915
1.0 0.762134
1.0 0.9936661
1.0 0.99655724
1.0 0.998013
1.0 0.9969351
1.0 0.99915826
0.0 0.0017873538
1.0 0.99788505
1.0 0.7123321
1.0 0.9851195
1.0 0.98892444
1.0 0.999292
0.0 0.14192058
1.0 0.9978815
0.0 0.0071132607
1.0 0.9841493
0.0 0.0025827545
1.0 0.9988776
1.0 0.99856275
0.0 0.0096127475
1.0 0.9992131
1.0 0.9814457
1.0 0.9978073
1.0 0.99352807
0.0 0.002635948
0.0 0.051059537
1.0 0.99794453
1.0 0.9957461
0.0 0.054906487
1.0 0.99918586
0.0 0.0024581254
0.0 0.0070060277
1.0 0.99887735
0.0 0.00401286
1.0 0.99706846
1.0 0.9978923
1.0 0.9473735
1.0 0.98280925
0.0 0.77641296
1.0 0.9959657
1.0 0.9993026
1.0 0.99073446
1.0 0.90468913
1.0 0.99830014
0.0 0.0017135555
1.0 0.9647075
1.0 0.9962895
0.0 0.0047744387
0.0 0.03819499
1.0 0.999188
1.0 0.9989497
1.0 0.9992843
0.0 0.0011047224
0.0 0.0028458864
1.0 0.9969013
1.0 0.9988335
0.0 0.14888714
0.0 0.002528867
1.0 0.9984408
1.0 0.99871683
1.0 0.07216261
1.0 0.9943566
0.0 0.004652239
0.0 0.11411959
1.0 0.97767127
0.0 0.0021442652
0.0 0.003178402
0.0 0.0025906935
1.0 0.99628675
1.0 0.7087471
1.0 0.9902498
1.0 0.9947626
1.0 0.9990006
0.0 0.41738504
0.0 0.21665125
1.0 0.9990932
1.0 0.9976052
1.0 0.9984138
1.0 0.9989969
1.0 0.9992092
1.0 0.9986626
1.0 0.9989378
1.0 0.99919003
0.0 0.0020824189
1.0 0.99498135
0.0 0.0017710978
1.0 0.99929965
0.0 0.0023613777
1.0 0.9140612
0.0 0.69146204
0.0 0.012086781
1.0 0.9989968
