true vs pred:
1.0 0.9987943
1.0 0.99857867
1.0 0.99827754
1.0 0.99931777
0.0 0.038581204
1.0 0.99905854
1.0 0.99821705
1.0 0.9973437
1.0 0.99908566
1.0 0.99855036
1.0 0.99874544
1.0 0.9837392
1.0 0.78818923
0.0 0.022751367
1.0 0.9990709
1.0 0.99917644
1.0 0.99862325
0.0 0.3789975
0.0 0.18324617
1.0 0.8685708
1.0 0.9991357
1.0 0.9992136
0.0 0.01006814
1.0 0.9958735
1.0 0.99923563
1.0 0.99920374
1.0 0.9982558
0.0 0.031005658
1.0 0.9991819
1.0 0.9980678
1.0 0.9991836
1.0 0.99833566
0.0 0.29319024
1.0 0.99916935
1.0 0.9989992
1.0 0.9971161
1.0 0.602251
1.0 0.99447167
0.0 0.21818197
1.0 0.98999196
1.0 0.9986191
1.0 0.9992581
1.0 0.9991041
1.0 0.9990509
1.0 0.99931335
1.0 0.9987576
1.0 0.9990839
1.0 0.99836344
1.0 0.99934846
1.0 0.9992436
1.0 0.9987477
1.0 0.9991937
1.0 0.9991202
0.0 0.026776241
1.0 0.9988225
1.0 0.9963469
1.0 0.8709019
1.0 0.99935013
1.0 0.99919087
1.0 0.9992036
0.0 0.0017173388
1.0 0.9788664
1.0 0.9977913
1.0 0.7889888
1.0 0.99938583
1.0 0.9812918
1.0 0.99933285
1.0 0.9989649
1.0 0.9993049
0.0 0.323168
1.0 0.99904186
1.0 0.99938536
1.0 0.969897
1.0 0.99922824
1.0 0.9950246
1.0 0.9993599
1.0 0.9992418
1.0 0.9993772
1.0 0.99824464
1.0 0.9972293
1.0 0.99696714
1.0 0.9306347
1.0 0.999226
1.0 0.9956868
0.0 0.10984989
0.0 0.0075439527
1.0 0.98625124
1.0 0.998589
1.0 0.9990552
1.0 0.99804735
1.0 0.99933594
1.0 0.9984793
1.0 0.94312453
0.0 0.10924583
1.0 0.9993235
1.0 0.99879646
1.0 0.946322
1.0 0.99736977
1.0 0.99827504
1.0 0.9991357
1.0 0.9989029
0.0 0.0980929
1.0 0.9990839
1.0 0.9968652
1.0 0.57334244
1.0 0.9991303
1.0 0.9992111
1.0 0.9992581
1.0 0.9985103
1.0 0.8149181
1.0 0.93296975
1.0 0.99792826
1.0 0.9989635
0.0 0.10877429
1.0 0.9991357
1.0 0.9988984
1.0 0.99928844
1.0 0.99673814
0.0 0.15754099
1.0 0.98986405
1.0 0.9991762
1.0 0.997512
1.0 0.99904925
1.0 0.998885
1.0 0.9949962
1.0 0.9990771
1.0 0.9990972
1.0 0.98477536
1.0 0.9992754
1.0 0.6701247
1.0 0.99465287
1.0 0.14308709
0.0 0.018281467
0.0 0.0036666915
0.0 0.005410178
1.0 0.9975479
1.0 0.9881252
1.0 0.4183669
1.0 0.9632541
1.0 0.9993623
1.0 0.9993332
1.0 0.9978454
1.0 0.99868375
0.0 0.68573576
1.0 0.99931777
1.0 0.9992298
1.0 0.98161614
1.0 0.9988758
1.0 0.9957883
1.0 0.99903846
1.0 0.9992132
1.0 0.9958538
1.0 0.99803394
1.0 0.9990221
1.0 0.99790776
1.0 0.99885654
1.0 0.7030607
1.0 0.9992655
1.0 0.9991872
1.0 0.99890244
1.0 0.9991202
0.0 0.06858154
1.0 0.6028947
0.0 0.0148237925
1.0 0.9956436
1.0 0.9992908
1.0 0.99781126
1.0 0.999019
1.0 0.99828255
1.0 0.84028804
1.0 0.99264854
0.0 0.6360337
1.0 0.839883
1.0 0.99898666
1.0 0.9429723
1.0 0.99918133
1.0 0.9938174
1.0 0.9987496
1.0 0.2778727
1.0 0.99876934
1.0 0.82580423
1.0 0.9972873
1.0 0.99922526
0.0 0.0024311685
1.0 0.9993111
1.0 0.9970747
0.0 0.024521936
1.0 0.9988944
1.0 0.9971233
1.0 0.99847513
1.0 0.9960328
0.0 0.06309488
0.0 0.0044538206
1.0 0.9890771
0.0 0.008208746
0.0 0.030052714
0.0 0.12837826
1.0 0.99881977
1.0 0.9979513
0.0 0.26765355
1.0 0.99904996
1.0 0.19514321
1.0 0.99937564
1.0 0.9075606
1.0 0.99914515
1.0 0.9993279
0.0 0.0036177968
1.0 0.997035
1.0 0.99912804
1.0 0.997615
1.0 0.9990688
1.0 0.9990195
1.0 0.35603938
1.0 0.69241947
0.0 0.016473103
1.0 0.99921155
0.0 0.30037078
1.0 0.99734074
0.0 0.0022226993
1.0 0.69461954
1.0 0.9983083
1.0 0.9985569
1.0 0.99934846
1.0 0.99828255
1.0 0.9991394
1.0 0.99793965
1.0 0.9992229
1.0 0.9990056
1.0 0.9981674
1.0 0.43834856
