true vs pred:
1.0 0.8719231
1.0 0.9977188
1.0 0.99890447
1.0 0.9986381
1.0 0.99865204
1.0 0.95097095
1.0 0.9825999
1.0 0.98279554
1.0 0.98482764
0.0 0.011052218
1.0 0.87724334
0.0 0.0034976585
1.0 0.99884987
0.0 0.0017288695
0.0 0.0034315798
0.0 0.0018426391
1.0 0.9944794
1.0 0.9918834
0.0 0.0017495288
0.0 0.0017759808
1.0 0.9988908
0.0 0.0035879095
1.0 0.9986615
1.0 0.99848795
0.0 0.0043272492
1.0 0.99711454
1.0 0.99891496
1.0 0.9986941
1.0 0.99831045
1.0 0.99891746
0.0 0.0012209319
0.0 0.002552982
0.0 0.0020397885
1.0 0.9986885
0.0 0.004009663
1.0 0.98927784
0.0 0.0012460575
1.0 0.9984665
1.0 0.997883
0.0 0.0020919375
0.0 0.900861
0.0 0.0015134362
0.0 0.002497512
1.0 0.9988908
1.0 0.9629436
1.0 0.99546546
1.0 0.9985561
1.0 0.80589294
0.0 0.002129906
1.0 0.9756589
1.0 0.9899879
0.0 0.0012826865
1.0 0.9360301
0.0 0.0016592488
0.0 0.038115438
1.0 0.99878854
0.0 0.0021172846
0.0 0.011130555
1.0 0.9667804
1.0 0.99877363
1.0 0.99848205
1.0 0.99893993
1.0 0.99898046
1.0 0.9979196
1.0 0.9989035
1.0 0.9988269
0.0 0.001960479
1.0 0.9974522
0.0 0.92945176
1.0 0.99894685
1.0 0.9209724
0.0 0.0023031181
0.0 0.25199434
1.0 0.9958657
1.0 0.9987645
1.0 0.26103595
1.0 0.998944
1.0 0.99639386
1.0 0.99018735
1.0 0.9691906
0.0 0.0012005217
0.0 0.001281784
1.0 0.9783678
0.0 0.0057610245
0.0 0.002179431
0.0 0.003182172
0.0 0.002129432
0.0 0.004459317
1.0 0.9956571
0.0 0.0016812562
0.0 0.673162
1.0 0.99856454
1.0 0.998171
0.0 0.001853076
1.0 0.99889755
1.0 0.9647808
1.0 0.94321465
1.0 0.55717385
0.0 0.008772029
1.0 0.9971474
1.0 0.9984149
1.0 0.96807164
0.0 0.00728768
0.0 0.0034976585
1.0 0.99546546
0.0 0.89348876
1.0 0.9978962
1.0 0.13335302
0.0 0.011583875
1.0 0.9985348
1.0 0.9985267
1.0 0.9105145
1.0 0.99895155
1.0 0.96024567
0.0 0.0017148644
1.0 0.9360301
1.0 0.9918526
1.0 0.9988715
1.0 0.99637717
1.0 0.9988815
0.0 0.009618252
1.0 0.9860136
1.0 0.9948632
1.0 0.99867684
0.0 0.06309804
0.0 0.001760929
0.0 0.018565575
1.0 0.99863064
1.0 0.9984968
1.0 0.99895084
0.0 0.002182437
0.0 0.0015896737
0.0 0.011998529
1.0 0.99581087
1.0 0.97495145
1.0 0.9880334
0.0 0.001434221
0.0 0.0115135
0.0 0.0021355331
0.0 0.0030692986
1.0 0.99704653
0.0 0.0017068784
0.0 0.0017749261
0.0 0.0021776024
0.0 0.0018675429
1.0 0.9984969
0.0 0.0016837463
1.0 0.9976482
1.0 0.92834693
0.0 0.0020660786
0.0 0.0017122714
1.0 0.9979766
0.0 0.001417389
1.0 0.99816775
1.0 0.9921056
0.0 0.003182172
1.0 0.99872005
0.0 0.038279936
0.0 0.91304827
1.0 0.9988795
0.0 0.0040628724
1.0 0.9988456
0.0 0.0042426307
1.0 0.5715705
0.0 0.0027003374
1.0 0.9984952
0.0 0.003500728
1.0 0.99894696
1.0 0.99869895
0.0 0.002185546
1.0 0.9981117
0.0 0.0022672391
0.0 0.0012143065
0.0 0.41026604
1.0 0.9988464
1.0 0.9987488
1.0 0.99876404
0.0 0.0040616575
0.0 0.002145046
0.0 0.0015382664
1.0 0.99411255
0.0 0.0021172846
1.0 0.72615355
1.0 0.9985318
1.0 0.95400435
1.0 0.98926175
1.0 0.32566065
0.0 0.0017499635
1.0 0.99729866
1.0 0.99870825
1.0 0.57939637
1.0 0.9989856
0.0 0.002605789
1.0 0.9988747
1.0 0.99885166
1.0 0.98655856
1.0 0.71760124
1.0 0.99812573
0.0 0.0040616575
0.0 0.0028576083
0.0 0.0029428334
0.0 0.002803584
0.0 0.0016401338
0.0 0.001936453
0.0 0.0015940381
0.0 0.9944344
1.0 0.2961036
0.0 0.0040126326
0.0 0.08857198
0.0 0.038115438
1.0 0.9426001
1.0 0.9982223
1.0 0.9864893
1.0 0.7978028
1.0 0.9760181
0.0 0.014704719
0.0 0.0022415142
1.0 0.96279186
0.0 0.002336742
1.0 0.9976616
1.0 0.9983791
1.0 0.5725127
1.0 0.2874622
1.0 0.998979
1.0 0.9088659
0.0 0.005768021
1.0 0.99862385
1.0 0.99376714
1.0 0.9967933
1.0 0.9976884
