true vs pred:
1.0 0.9986259
1.0 0.9971234
1.0 0.9986683
0.0 0.0053912904
1.0 0.9789489
1.0 0.99448943
1.0 0.99825996
0.0 0.033716414
0.0 0.0019340658
0.0 0.0042071114
1.0 0.99851304
1.0 0.9982552
1.0 0.99871314
0.0 0.0022896903
0.0 0.0018084999
0.0 0.0050307573
1.0 0.99678016
1.0 0.9862233
1.0 0.9292928
0.0 0.0018625265
0.0 0.0051468746
0.0 0.0020041142
0.0 0.0053986083
1.0 0.99430376
0.0 0.002522343
0.0 0.002471473
0.0 0.0021328786
0.0 0.0029647043
1.0 0.9977997
0.0 0.0024348048
1.0 0.9974158
1.0 0.97460246
0.0 0.0024954514
0.0 0.0020303233
1.0 0.99785584
0.0 0.0020450153
1.0 0.99817955
1.0 0.98822623
0.0 0.00199782
1.0 0.998494
0.0 0.08496996
0.0 0.92412794
1.0 0.9987124
0.0 0.007807023
1.0 0.99857974
0.0 0.0020487576
1.0 0.8590479
0.0 0.0039054838
1.0 0.99831104
0.0 0.003653337
1.0 0.99874157
1.0 0.99846846
0.0 0.0021485486
1.0 0.99811697
0.0 0.0021474743
0.0 0.001588375
0.0 0.04354127
1.0 0.9985802
1.0 0.9985216
1.0 0.9986582
0.0 0.0027318082
0.0 0.0020175367
0.0 0.0018770001
1.0 0.9912305
0.0 0.001724547
1.0 0.63215286
1.0 0.99831164
1.0 0.504216
1.0 0.97739947
1.0 0.539479
0.0 0.0023244373
1.0 0.9975668
1.0 0.99863154
0.0 0.029791169
1.0 0.9987577
0.0 0.003690475
1.0 0.9985795
1.0 0.99865746
1.0 0.9920631
0.0 0.10683165
1.0 0.9978399
0.0 0.0028241044
0.0 0.004026505
0.0 0.0053986083
0.0 0.004415558
0.0 0.002011008
0.0 0.002278488
0.0 0.0017500027
1.0 0.986419
0.0 0.030612212
0.0 0.0024800026
0.0 0.04768897
0.0 0.0050042477
0.0 0.43172938
1.0 0.9976694
1.0 0.9952348
1.0 0.7951426
1.0 0.9888853
0.0 0.0035954982
0.0 0.0026348673
1.0 0.33536902
0.0 0.0023949996
1.0 0.9976604
1.0 0.99818474
1.0 0.83934855
0.0 0.034168128
1.0 0.99873835
1.0 0.5791928
0.0 0.0036855147
1.0 0.998288
1.0 0.99512213
1.0 0.9966864
1.0 0.9969831
1.0 0.9775972
0.0 0.0055693625
1.0 0.9499923
1.0 0.9987011
1.0 0.99669003
1.0 0.74835646
1.0 0.42657337
0.0 0.17883296
1.0 0.89389366
1.0 0.99846196
1.0 0.9373864
1.0 0.77821666
1.0 0.9698798
0.0 0.0074678357
0.0 0.0016983164
1.0 0.99872714
1.0 0.9886157
0.0 0.003506
1.0 0.9969311
0.0 0.0021242858
1.0 0.9628859
0.0 0.0015903944
1.0 0.9972276
1.0 0.99788576
1.0 0.9947168
1.0 0.99871874
1.0 0.9747832
1.0 0.998531
1.0 0.9979673
1.0 0.98362154
1.0 0.93099433
0.0 0.0023705913
0.0 0.0036799316
0.0 0.0018742828
1.0 0.99875855
0.0 0.004884682
0.0 0.0030811233
0.0 0.069590695
1.0 0.99869746
0.0 0.0022179594
0.0 0.04662855
1.0 0.9843891
1.0 0.99853706
0.0 0.0025923487
1.0 0.98065627
1.0 0.9986852
0.0 0.0017183111
0.0 0.81465536
0.0 0.0027691752
1.0 0.99648714
0.0 0.002030899
1.0 0.90859365
1.0 0.99878293
0.0 0.0037195187
1.0 0.95342857
1.0 0.9971507
1.0 0.99838245
1.0 0.9987143
1.0 0.99643445
0.0 0.001623931
1.0 0.99641633
0.0 0.0034855504
1.0 0.6527114
0.0 0.0019372902
1.0 0.99868375
0.0 0.007807023
1.0 0.7758045
1.0 0.99869955
0.0 0.002106408
1.0 0.9984395
1.0 0.9985002
1.0 0.9039019
0.0 0.009145091
0.0 0.0027137538
1.0 0.9985563
1.0 0.9978701
1.0 0.9847402
0.0 0.0023283062
1.0 0.99875295
1.0 0.9292928
1.0 0.98695093
0.0 0.79617894
1.0 0.99719536
1.0 0.99547535
0.0 0.0023005842
1.0 0.99848276
0.0 0.0020790298
1.0 0.99695635
0.0 0.0025983404
1.0 0.95267886
0.0 0.0026827853
1.0 0.8838049
0.0 0.0019322488
1.0 0.9988311
1.0 0.94194436
0.0 0.0041474095
0.0 0.0020665487
0.0 0.002275443
0.0 0.003690475
1.0 0.99874336
0.0 0.0030408103
1.0 0.98841965
1.0 0.99025667
0.0 0.0030056145
0.0 0.0021474743
0.0 0.0018739598
0.0 0.0015872802
1.0 0.9977221
1.0 0.9035779
1.0 0.99837697
0.0 0.005111299
0.0 0.0021535892
1.0 0.9723002
0.0 0.006711122
0.0 0.0015872802
0.0 0.0023010634
1.0 0.56735003
