true vs pred:
1.0 0.96430504
0.0 0.898948
0.0 0.016470455
0.0 0.0017529015
1.0 0.39392954
1.0 0.9991185
0.0 0.0020658504
1.0 0.99681747
0.0 0.009412372
1.0 0.99566877
1.0 0.9992137
0.0 0.05369072
1.0 0.9990778
1.0 0.9986658
1.0 0.9979437
0.0 0.60352314
1.0 0.99073994
1.0 0.99921775
0.0 0.06288259
1.0 0.99920434
1.0 0.99812657
0.0 0.6940026
1.0 0.99042636
0.0 0.16207606
1.0 0.9984926
0.0 0.0030046944
1.0 0.99920964
1.0 0.9991837
1.0 0.99926955
0.0 0.034310438
1.0 0.99914896
1.0 0.9979522
1.0 0.99699616
1.0 0.99914694
1.0 0.9991001
1.0 0.9992711
0.0 0.10202448
1.0 0.99919206
1.0 0.9991536
1.0 0.99912745
1.0 0.98899066
1.0 0.99834096
1.0 0.9983394
1.0 0.28376326
1.0 0.88735896
1.0 0.9990741
1.0 0.9946315
0.0 0.0018412056
1.0 0.9987445
1.0 0.97412914
1.0 0.9961611
1.0 0.99915004
0.0 0.0019088009
0.0 0.007021234
1.0 0.9983394
1.0 0.99114555
1.0 0.934562
1.0 0.9992391
0.0 0.0013235688
1.0 0.9856082
0.0 0.008629823
0.0 0.18475099
1.0 0.9935349
0.0 0.0029750764
0.0 0.0037546253
1.0 0.9500178
0.0 0.0052091456
1.0 0.99928683
0.0 0.001156142
1.0 0.92667073
0.0 0.55640584
0.0 0.6527653
0.0 0.0032448946
1.0 0.9884779
0.0 0.0054911724
1.0 0.9861923
1.0 0.9919229
1.0 0.99688417
1.0 0.9987423
0.0 0.005885115
0.0 0.02763808
1.0 0.99380106
0.0 0.0028683993
1.0 0.9987596
1.0 0.9978497
0.0 0.07852594
0.0 0.0037237655
1.0 0.9813843
1.0 0.6047764
1.0 0.9987645
1.0 0.9985096
1.0 0.95301247
1.0 0.9605346
1.0 0.9790106
0.0 0.0018808857
1.0 0.9978976
1.0 0.99884546
1.0 0.9962853
1.0 0.99797374
1.0 0.9927371
1.0 0.9427425
0.0 0.004210365
1.0 0.9882196
1.0 0.9935074
1.0 0.66421646
1.0 0.97804046
1.0 0.99926156
1.0 0.9988726
0.0 0.39004326
0.0 0.62787837
1.0 0.9955894
1.0 0.9898788
1.0 0.9991991
1.0 0.9989624
0.0 0.0014673559
1.0 0.99905556
1.0 0.9835091
0.0 0.74263465
1.0 0.9992077
1.0 0.9367013
1.0 0.9927371
0.0 0.0037237655
0.0 0.20026721
0.0 0.0013469541
0.0 0.56846505
0.0 0.042503122
0.0 0.01451412
0.0 0.122195505
1.0 0.99925953
1.0 0.98303795
1.0 0.9950891
1.0 0.99907637
1.0 0.99919206
1.0 0.99251384
1.0 0.6881941
1.0 0.9794799
1.0 0.80300766
1.0 0.9987445
0.0 0.007781858
1.0 0.9992599
0.0 0.9739793
1.0 0.9701661
1.0 0.9974381
0.0 0.20484845
1.0 0.99926347
1.0 0.99909556
1.0 0.99913883
1.0 0.99911445
1.0 0.99828136
1.0 0.8884091
1.0 0.969876
1.0 0.9774504
0.0 0.3270909
1.0 0.9990638
1.0 0.9990164
1.0 0.9976031
1.0 0.9888678
1.0 0.9992416
1.0 0.25712165
0.0 0.007232568
1.0 0.9992797
1.0 0.9992071
1.0 0.99923766
0.0 0.07472037
1.0 0.7426836
1.0 0.9989505
1.0 0.99487716
1.0 0.99910057
1.0 0.8618379
0.0 0.0029714124
1.0 0.98514754
1.0 0.99637234
0.0 0.9356631
0.0 0.0019491913
1.0 0.8976452
1.0 0.9054511
1.0 0.75368804
1.0 0.9952991
0.0 0.8310972
1.0 0.99840504
1.0 0.9960406
0.0 0.071261436
1.0 0.99923766
0.0 0.9732503
0.0 0.0020658504
1.0 0.95716244
1.0 0.99769527
1.0 0.9837473
1.0 0.9989579
1.0 0.99925214
1.0 0.90656996
0.0 0.046992917
1.0 0.9978976
1.0 0.47132763
1.0 0.9977076
0.0 0.39007354
0.0 0.04134656
1.0 0.99829787
0.0 0.0029311616
1.0 0.99895895
1.0 0.99223775
1.0 0.4755958
0.0 0.0054679574
1.0 0.9553197
1.0 0.9991228
1.0 0.7557372
1.0 0.7051725
1.0 0.94377446
1.0 0.99822754
1.0 0.9990903
1.0 0.9959621
0.0 0.89734066
1.0 0.99121875
0.0 0.010121981
0.0 0.1914729
0.0 0.0018223849
1.0 0.9991142
0.0 0.0029277783
1.0 0.9992673
1.0 0.9989986
1.0 0.99566877
1.0 0.99307877
1.0 0.99568045
0.0 0.60029024
1.0 0.9988986
0.0 0.3198922
1.0 0.9866845
1.0 0.71240747
1.0 0.95648336
0.0 0.053160373
