true vs pred:
1.0 0.9984548
0.0 0.46471223
0.0 0.0036323315
1.0 0.99592066
0.0 0.43292716
0.0 0.0032813216
0.0 0.021490963
1.0 0.99466395
1.0 0.98808855
0.0 0.0028508392
1.0 0.9983966
1.0 0.9984321
1.0 0.99514127
0.0 0.28999898
1.0 0.9942908
1.0 0.9971118
0.0 0.0026033858
0.0 0.0038134577
1.0 0.99844956
1.0 0.99814117
0.0 0.0019652345
0.0 0.0026340794
1.0 0.39420122
1.0 0.998216
0.0 0.56619006
1.0 0.99306023
1.0 0.9824455
1.0 0.97719795
1.0 0.9332404
0.0 0.0208854
0.0 0.0026340794
1.0 0.99565446
0.0 0.0055393004
0.0 0.0032817768
1.0 0.9938187
0.0 0.0053239847
0.0 0.0026709957
0.0 0.0023464253
0.0 0.003578629
1.0 0.87206703
1.0 0.99109155
1.0 0.97820526
0.0 0.00257515
1.0 0.9981335
1.0 0.99727315
0.0 0.0037244125
0.0 0.053140536
0.0 0.059887677
1.0 0.95464134
0.0 0.0030380848
0.0 0.0018075662
0.0 0.0022398843
0.0 0.7309143
1.0 0.99837863
0.0 0.0036357103
1.0 0.99226815
1.0 0.9983511
0.0 0.0028518615
0.0 0.006570574
0.0 0.819159
0.0 0.0061853584
1.0 0.99357104
1.0 0.7823222
0.0 0.003280645
0.0 0.9219419
0.0 0.0028425218
0.0 0.07197776
1.0 0.9879176
0.0 0.006205067
0.0 0.003560074
0.0 0.004851965
0.0 0.008648167
0.0 0.5797023
1.0 0.997806
1.0 0.99851114
1.0 0.9981997
0.0 0.0088015115
1.0 0.99818856
1.0 0.8724906
1.0 0.98536754
0.0 0.00437628
0.0 0.0048066583
1.0 0.97392195
1.0 0.37624905
1.0 0.961017
1.0 0.98248786
0.0 0.0022993193
1.0 0.9974037
1.0 0.9979894
0.0 0.56619006
1.0 0.8869348
1.0 0.998123
1.0 0.99819356
0.0 0.0050430973
1.0 0.9958268
0.0 0.021490963
1.0 0.9815429
0.0 0.012515869
0.0 0.005127182
0.0 0.97790945
0.0 0.0036357103
1.0 0.9541286
1.0 0.99720865
1.0 0.9986456
1.0 0.9983064
1.0 0.14044206
1.0 0.99817073
0.0 0.001985956
0.0 0.0031919382
0.0 0.0030098124
1.0 0.99844164
1.0 0.9985268
0.0 0.006256061
0.0 0.002879766
0.0 0.0020295784
1.0 0.9686272
1.0 0.99709845
0.0 0.23389274
1.0 0.97820526
0.0 0.25730026
1.0 0.9977635
1.0 0.9857826
0.0 0.007785323
1.0 0.9983718
1.0 0.9880112
0.0 0.08225902
1.0 0.9824317
1.0 0.84730864
0.0 0.029995453
1.0 0.69113517
1.0 0.9985238
0.0 0.0017925688
1.0 0.99836916
1.0 0.3971214
1.0 0.9958488
0.0 0.0034337917
0.0 0.0044781673
1.0 0.98938936
1.0 0.99838483
0.0 0.008337904
0.0 0.97043073
1.0 0.9883329
0.0 0.00389453
1.0 0.9981851
1.0 0.9980854
1.0 0.9681539
1.0 0.7173598
0.0 0.46471223
0.0 0.002473104
1.0 0.99478596
1.0 0.8838564
1.0 0.9984244
1.0 0.9922316
0.0 0.14430451
0.0 0.0019652345
1.0 0.18103836
0.0 0.0034128192
1.0 0.99753857
1.0 0.9983615
1.0 0.9722162
0.0 0.0102690095
0.0 0.0017925688
0.0 0.0026212041
0.0 0.0039374395
1.0 0.842584
1.0 0.9942908
0.0 0.31860116
1.0 0.9941121
1.0 0.996588
0.0 0.0035497807
1.0 0.9945651
0.0 0.0019359002
0.0 0.004526461
1.0 0.9985495
0.0 0.0023240016
0.0 0.23389274
1.0 0.9978375
1.0 0.9979966
1.0 0.998417
0.0 0.07053872
1.0 0.9494499
0.0 0.0044781673
0.0 0.0021260707
1.0 0.9978079
1.0 0.9721248
1.0 0.40244967
1.0 0.99669456
1.0 0.99138325
1.0 0.96432376
0.0 0.0021948542
1.0 0.98492926
1.0 0.9962147
1.0 0.9915975
0.0 0.003538345
1.0 0.994288
1.0 0.99552345
1.0 0.9928523
0.0 0.32019046
0.0 0.0031067496
1.0 0.99782157
1.0 0.99768376
1.0 0.9807587
1.0 0.19163059
1.0 0.99802077
1.0 0.9879125
1.0 0.99842656
1.0 0.99798214
1.0 0.99791294
0.0 0.07130765
0.0 0.0024398607
0.0 0.0025268001
0.0 0.19514623
1.0 0.98730683
0.0 0.115545236
1.0 0.99804413
1.0 0.9963786
1.0 0.997459
1.0 0.9784233
1.0 0.9663085
1.0 0.9984945
0.0 0.0025682244
0.0 0.005149346
1.0 0.8846588
1.0 0.99230367
0.0 0.0039079646
0.0 0.0062786792
1.0 0.9772046
0.0 0.004530513
0.0 0.90308845
1.0 0.9982668
