true vs pred:
1.0 0.98576087
1.0 0.9992311
0.0 0.19003429
0.0 0.012850071
1.0 0.99923575
1.0 0.9991491
1.0 0.9992607
0.0 0.014177809
1.0 0.7019072
1.0 0.99907494
1.0 0.9980956
1.0 0.99908686
0.0 0.8094687
0.0 0.0036501188
1.0 0.96829724
1.0 0.9988034
0.0 0.9396975
0.0 0.0023466875
0.0 0.89732283
1.0 0.7241613
0.0 0.6221369
1.0 0.99554896
0.0 0.885528
1.0 0.9981067
1.0 0.99426174
0.0 0.02897561
1.0 0.9992588
1.0 0.990395
0.0 0.0023212093
1.0 0.996555
1.0 0.9967534
1.0 0.9970651
1.0 0.99917656
1.0 0.9992828
1.0 0.7932715
0.0 0.42271924
1.0 0.9989668
1.0 0.44062823
1.0 0.9968413
1.0 0.73210484
0.0 0.030273557
1.0 0.9977525
0.0 0.004893419
1.0 0.99909496
1.0 0.99740183
0.0 0.42514977
0.0 0.0044834446
1.0 0.95640224
1.0 0.9990103
1.0 0.991895
1.0 0.6778537
1.0 0.94292897
1.0 0.99835086
1.0 0.99890184
1.0 0.99392396
1.0 0.99210125
1.0 0.9834169
0.0 0.04948695
0.0 0.13488406
0.0 0.001828472
1.0 0.9989574
0.0 0.0027835604
1.0 0.9993056
1.0 0.99884903
1.0 0.9988701
1.0 0.9885711
1.0 0.9943686
0.0 0.60576963
1.0 0.99899656
1.0 0.46079656
1.0 0.9677228
1.0 0.5456735
1.0 0.9482628
0.0 0.5703866
1.0 0.9983785
1.0 0.99918467
1.0 0.7983345
1.0 0.99909544
1.0 0.9989729
1.0 0.9992199
1.0 0.87801176
1.0 0.9988933
1.0 0.998002
1.0 0.99030125
1.0 0.31820956
1.0 0.9991352
0.0 0.013971106
1.0 0.99920636
1.0 0.9963714
1.0 0.99808395
0.0 0.3090012
0.0 0.0011889209
0.0 0.004041456
0.0 0.0023832687
0.0 0.0018212317
1.0 0.9989888
0.0 0.0014292288
1.0 0.9015435
1.0 0.96879005
0.0 0.008848245
1.0 0.99104905
0.0 0.0096505955
1.0 0.99602723
0.0 0.019367637
1.0 0.99922943
1.0 0.9991757
1.0 0.9984792
0.0 0.0039225854
1.0 0.9989672
1.0 0.9984825
1.0 0.9960198
1.0 0.9988261
1.0 0.9991549
1.0 0.9992205
0.0 0.017827295
1.0 0.9975835
1.0 0.99747485
1.0 0.77951443
0.0 0.02372813
1.0 0.99921966
1.0 0.9970477
0.0 0.0014487035
1.0 0.99210125
1.0 0.9978557
1.0 0.96075726
0.0 0.001285431
0.0 0.004893419
1.0 0.9989944
1.0 0.997919
1.0 0.99907494
1.0 0.9993062
1.0 0.86970526
1.0 0.7065232
0.0 0.9914042
0.0 0.0050692777
0.0 0.0044690566
1.0 0.84677243
1.0 0.9884362
0.0 0.009398422
1.0 0.9966227
1.0 0.98998207
0.0 0.0024712416
0.0 0.0015278705
0.0 0.010308514
1.0 0.99925274
1.0 0.99402195
1.0 0.9991578
0.0 0.0017404003
1.0 0.9948822
1.0 0.99753666
0.0 0.017337881
1.0 0.999121
0.0 0.013761405
1.0 0.8878919
0.0 0.0096505955
0.0 0.0029060026
0.0 0.0015298737
1.0 0.99838245
1.0 0.9987429
0.0 0.015368892
1.0 0.99099267
1.0 0.99918026
0.0 0.016898237
1.0 0.9979367
0.0 0.16072436
1.0 0.998609
1.0 0.7070514
1.0 0.8819995
0.0 0.0030414984
1.0 0.99899524
0.0 0.0011207963
1.0 0.999132
1.0 0.9963721
0.0 0.0028959366
0.0 0.0028805698
0.0 0.010952514
1.0 0.9981673
0.0 0.0045156963
1.0 0.99868566
1.0 0.9986091
1.0 0.9914294
1.0 0.99809486
1.0 0.9989993
1.0 0.99915767
1.0 0.9254746
0.0 0.0034703342
0.0 0.010746521
1.0 0.91350174
1.0 0.56991667
0.0 0.078620575
1.0 0.69278765
0.0 0.0014793755
1.0 0.9838599
0.0 0.96771497
1.0 0.9990729
1.0 0.8594902
1.0 0.9977465
1.0 0.9559691
0.0 0.062721126
1.0 0.99896
1.0 0.99891436
1.0 0.9752039
1.0 0.99902856
1.0 0.9884362
0.0 0.12467282
0.0 0.012283222
1.0 0.9992828
1.0 0.99879885
1.0 0.9990607
1.0 0.99912924
1.0 0.99924576
1.0 0.99775416
0.0 0.011635429
0.0 0.008308896
0.0 0.0048757438
1.0 0.9907308
1.0 0.9981217
1.0 0.99333835
0.0 0.004710594
0.0 0.010779309
1.0 0.9357484
1.0 0.9962069
1.0 0.9985973
1.0 0.9991635
1.0 0.9991773
1.0 0.99710137
1.0 0.972806
1.0 0.35644034
1.0 0.99909973
1.0 0.99924695
