true vs pred:
1.0 0.99898714
1.0 0.996792
1.0 0.9974873
1.0 0.9984364
1.0 0.9979267
1.0 0.32997775
1.0 0.99920446
1.0 0.99883133
1.0 0.99892116
1.0 0.9985898
1.0 0.9978098
1.0 0.99858177
1.0 0.9991623
1.0 0.99909663
0.0 0.634682
1.0 0.9989957
1.0 0.99659246
1.0 0.9986687
1.0 0.9992176
1.0 0.9619093
0.0 0.017274514
0.0 0.011525395
1.0 0.99889284
1.0 0.39582297
1.0 0.99905735
1.0 0.99913675
1.0 0.99916744
1.0 0.9992428
1.0 0.99563617
1.0 0.9991417
0.0 0.20947225
1.0 0.99903536
1.0 0.9992155
1.0 0.9992047
1.0 0.9989361
1.0 0.9990243
1.0 0.8049466
1.0 0.99620205
1.0 0.97594494
1.0 0.9594158
1.0 0.9577917
1.0 0.21831216
1.0 0.99922276
1.0 0.992967
1.0 0.36699745
1.0 0.9878352
1.0 0.6373424
1.0 0.9992176
1.0 0.99777335
1.0 0.9892875
1.0 0.9986461
1.0 0.99846363
1.0 0.988062
0.0 0.087245144
1.0 0.9800829
0.0 0.57457274
1.0 0.9989818
1.0 0.9992429
0.0 0.013995458
1.0 0.99913424
1.0 0.9978109
1.0 0.9992761
1.0 0.99852633
1.0 0.999159
0.0 0.011689528
1.0 0.99886036
1.0 0.9968323
1.0 0.9960223
1.0 0.9986193
1.0 0.9990435
0.0 0.008726477
1.0 0.999134
1.0 0.96460706
1.0 0.99811494
1.0 0.99788874
0.0 0.13531384
1.0 0.99875283
1.0 0.10099238
1.0 0.99889463
1.0 0.9986854
0.0 0.010198397
1.0 0.999113
0.0 0.7730367
1.0 0.967286
1.0 0.9989471
1.0 0.9839181
1.0 0.99891615
1.0 0.99793637
1.0 0.9949379
1.0 0.99842477
1.0 0.9988644
1.0 0.99594456
1.0 0.9923989
0.0 0.50846386
1.0 0.9980088
0.0 0.09447002
1.0 0.9992106
1.0 0.69654787
0.0 0.07725922
1.0 0.9483796
1.0 0.9989918
1.0 0.99911875
1.0 0.99856323
1.0 0.9943104
1.0 0.99645555
0.0 0.012827057
1.0 0.99912053
1.0 0.99909306
1.0 0.9992047
1.0 0.9942286
1.0 0.99813783
1.0 0.9977187
1.0 0.999172
1.0 0.9991659
1.0 0.99868554
1.0 0.99915326
1.0 0.99553657
1.0 0.998971
1.0 0.9992397
1.0 0.9991654
1.0 0.99922
1.0 0.84682935
1.0 0.99881065
1.0 0.99054015
1.0 0.9825937
1.0 0.99817
1.0 0.99914944
1.0 0.9962424
1.0 0.9992938
1.0 0.16089681
1.0 0.99760276
1.0 0.9992761
1.0 0.9965149
1.0 0.97821814
1.0 0.99610716
1.0 0.9969025
1.0 0.9991672
1.0 0.98285216
1.0 0.99785846
1.0 0.99077576
1.0 0.99875903
0.0 0.04435462
1.0 0.9990891
0.0 0.0034812966
1.0 0.88257456
1.0 0.9991623
0.0 0.011379956
1.0 0.99918383
1.0 0.9991904
1.0 0.9988576
1.0 0.9983531
1.0 0.99855024
1.0 0.9526397
1.0 0.999038
1.0 0.9992256
1.0 0.9991115
1.0 0.99539596
1.0 0.999206
0.0 0.04064647
0.0 0.012874154
1.0 0.99883205
1.0 0.9992774
0.0 0.8232477
1.0 0.99904054
1.0 0.99806184
1.0 0.96909744
1.0 0.99811494
1.0 0.9990251
1.0 0.99905974
1.0 0.68919045
1.0 0.99881965
0.0 0.107847
1.0 0.99885166
0.0 0.0044369954
1.0 0.99905485
1.0 0.9987539
1.0 0.9991653
1.0 0.99924684
1.0 0.99915457
1.0 0.99924684
1.0 0.9992725
1.0 0.9544867
1.0 0.99910766
1.0 0.9991217
1.0 0.9989918
0.0 0.1753952
1.0 0.99586403
1.0 0.99747485
1.0 0.9985109
0.0 0.08052526
0.0 0.22243124
1.0 0.9984768
1.0 0.9989656
1.0 0.9988507
1.0 0.9992362
1.0 0.99864286
1.0 0.8898415
0.0 0.7843238
1.0 0.99910766
1.0 0.9975172
1.0 0.9979018
1.0 0.99914
1.0 0.9949969
1.0 0.98661464
1.0 0.99075633
0.0 0.019799503
1.0 0.28056613
0.0 0.16050439
1.0 0.9985519
1.0 0.9950334
0.0 0.06772132
1.0 0.99903166
0.0 0.7470276
1.0 0.9971961
1.0 0.9987513
1.0 0.94604176
1.0 0.99760085
1.0 0.9932823
0.0 0.013107706
1.0 0.99833626
1.0 0.9992167
1.0 0.98968863
0.0 0.12027493
1.0 0.9986854
1.0 0.9972453
1.0 0.999159
0.0 0.73595494
1.0 0.99920505
0.0 0.0014949298
0.0 0.11226278
