true vs pred:
0.0 0.0060911844
0.0 6.4612475e-05
0.0 0.22167757
0.0 0.000119703895
1.0 0.67186916
1.0 0.99994874
0.0 0.00013259235
0.0 5.991672e-05
0.0 5.5405068e-05
0.0 0.00011962047
0.0 0.00048262172
0.0 7.563655e-05
0.0 5.3898868e-05
1.0 0.99995697
0.0 6.2025596e-05
0.0 0.00013204564
0.0 0.00012384924
1.0 0.67186916
0.0 0.0005189276
0.0 7.2871364e-05
0.0 0.00044889443
0.0 0.0001277927
0.0 0.006348465
0.0 0.0001196101
1.0 0.9998648
0.0 0.22167757
0.0 7.54476e-05
0.0 6.999407e-05
1.0 0.99995697
0.0 0.0068540243
0.0 0.00012158768
1.0 0.6815777
0.0 6.316285e-05
0.0 5.3898868e-05
0.0 7.293741e-05
0.0 0.00012001729
1.0 0.659687
0.0 7.3926e-05
0.0 7.0615024e-05
0.0 5.991672e-05
0.0 7.124841e-05
0.0 0.008324008
0.0 0.00012384924
1.0 0.99985456
0.0 5.4683216e-05
0.0 0.000119703895
0.0 6.316285e-05
0.0 0.0004109022
1.0 0.67186916
0.0 6.4612475e-05
1.0 0.70796514
0.0 7.563655e-05
0.0 7.188754e-05
0.0 0.00012019928
0.0 7.271296e-05
0.0 7.524426e-05
0.0 5.4903874e-05
0.0 0.0001196101
0.0 7.0973096e-05
0.0 6.999407e-05
0.0 5.4903874e-05
0.0 0.18980563
0.0 7.601718e-05
1.0 0.67186916
1.0 0.9999546
0.0 0.00012451153
1.0 0.9999579
0.0 6.4612475e-05
0.0 0.19636038
0.0 0.00011630665
0.0 6.085992e-05
0.0 0.00012001729
0.0 0.00014421229
0.0 0.00013429088
0.0 0.00012451153
0.0 0.0001268381
0.0 0.00013204564
0.0 0.0068540243
1.0 0.9998592
0.0 0.19636038
0.0 5.9377835e-05
0.0 7.3926e-05
0.0 6.265306e-05
0.0 0.0004109022
1.0 0.9999578
0.0 0.0004940689
1.0 0.70796514
1.0 0.5766674
0.0 0.0068540243
1.0 0.7116448
0.0 0.00012451153
0.0 5.644828e-05
0.0 7.472299e-05
1.0 0.9999579
1.0 0.7775362
1.0 0.9999509
1.0 0.99995637
0.0 0.0001320819
0.0 5.5405068e-05
0.0 6.457952e-05
0.0 5.4683216e-05
0.0 0.0060911844
0.0 0.00013204564
0.0 6.198532e-05
1.0 0.9998441
0.0 6.1707426e-05
0.0 0.008324008
1.0 0.69246304
0.0 0.0001320819
1.0 0.9998592
0.0 0.00050618994
0.0 7.645278e-05
0.0 0.0005952967
0.0 6.265306e-05
0.0 7.508886e-05
0.0 0.008324008
0.0 0.00012001729
0.0 0.24916784
0.0 0.00013380287
0.0 0.0005189276
0.0 0.00012451153
0.0 6.457952e-05
1.0 0.659687
0.0 7.601718e-05
0.0 0.00044889443
0.0 6.457952e-05
0.0 0.19636038
0.0 0.24916784
0.0 0.0001271086
0.0 7.293741e-05
1.0 0.9998441
1.0 0.99985456
0.0 0.00011962047
0.0 0.00044889443
1.0 0.9998441
0.0 5.4310596e-05
0.0 7.472299e-05
1.0 0.9999578
0.0 6.7611196e-05
1.0 0.67186916
0.0 7.0973096e-05
0.0 7.152418e-05
0.0 7.472299e-05
0.0 7.601718e-05
0.0 6.207447e-05
0.0 0.3077608
0.0 0.20166521
1.0 0.9999484
1.0 0.99995637
0.0 7.54476e-05
0.0 5.387682e-05
0.0 5.644828e-05
0.0 7.54476e-05
1.0 0.70796514
0.0 0.00013524826
0.0 7.293741e-05
0.0 0.0001196101
0.0 5.479315e-05
0.0 0.00042533322
0.0 0.0001265956
1.0 0.99995637
0.0 0.0060911844
1.0 0.9998729
1.0 0.9999578
0.0 7.152418e-05
1.0 0.99985373
0.0 0.00850047
0.0 0.00013259235
0.0 0.00013524826
0.0 0.18980563
0.0 0.0005952967
0.0 0.00013625938
1.0 0.9998441
0.0 0.007237918
0.0 0.0001265956
0.0 5.4310596e-05
0.0 0.00013204564
0.0 0.0004940689
1.0 0.99995613
0.0 0.00011962047
0.0 0.0005189276
1.0 0.7775362
0.0 0.006348465
0.0 0.0004109022
0.0 7.645278e-05
0.0 0.18980563
0.0 5.387682e-05
0.0 0.00012384924
0.0 0.1584463
0.0 0.18980563
0.0 5.4683216e-05
0.0 0.20166521
0.0 0.00044889443
1.0 0.9999509
1.0 0.9998441
0.0 0.0005189276
1.0 0.9998536
0.0 6.1707426e-05
0.0 6.085992e-05
0.0 7.188754e-05
0.0 6.7656416e-05
0.0 0.00013022439
1.0 0.9998592
1.0 0.99995637
0.0 0.0004109022
0.0 0.00044889443
0.0 0.22167757
0.0 0.00014421229
0.0 0.006577073
1.0 0.9998648
0.0 5.3898868e-05
0.0 7.601718e-05
0.0 0.000119703895
1.0 0.9999578
0.0 6.1707426e-05
0.0 6.565232e-05
0.0 5.477152e-05
1.0 0.67186916
0.0 0.007237918
0.0 5.3898868e-05
0.0 0.22167757
0.0 6.457952e-05
1.0 0.99994767
0.0 6.646937e-05
0.0 0.0001265956
1.0 0.99985373
0.0 0.00013001483
0.0 5.991672e-05
0.0 0.00013429088
0.0 6.362191e-05
0.0 7.271296e-05
0.0 6.565232e-05
0.0 0.00011228805
1.0 0.9999578
0.0 0.00013908182
0.0 0.008324008
0.0 0.00011630665
0.0 5.9377835e-05
0.0 0.006673346
0.0 0.00012911185
0.0 5.479315e-05
0.0 7.524426e-05
0.0 0.0001271086
1.0 0.9999459
1.0 0.99985456
1.0 0.99995744
0.0 7.3926e-05
1.0 0.99994385
1.0 0.9999459
0.0 7.372009e-05
0.0 6.265306e-05
0.0 0.00011228805
0.0 0.00850047
0.0 6.565232e-05
1.0 0.99995637
0.0 0.00013380287
1.0 0.5766674
0.0 6.217631e-05
0.0 6.316285e-05
0.0 0.00013908182
1.0 0.99994767
0.0 6.565232e-05
0.0 0.2419173
0.0 6.646937e-05
0.0 0.006348465
1.0 0.99985456
0.0 0.00050618994
0.0 0.00011228805
0.0 7.601718e-05
0.0 0.22167757
1.0 0.99995744
0.0 5.477152e-05
0.0 6.207447e-05
0.0 0.0060911844
0.0 0.00012001729
0.0 6.343648e-05
0.0 6.457952e-05
0.0 6.217631e-05
0.0 6.565232e-05
0.0 7.563655e-05
0.0 7.508886e-05
1.0 0.99995005
0.0 0.00044889443
0.0 0.0001268381
0.0 0.007237918
1.0 0.70796514
0.0 7.3926e-05
0.0 7.472299e-05
0.0 5.2841304e-05
0.0 0.00850047
0.0 6.217631e-05
0.0 0.00014757876
0.0 0.00042533322
1.0 0.99995613
0.0 5.9681373e-05
0.0 0.0060911844
1.0 0.99994814
0.0 6.842235e-05
0.0 0.00012384924
1.0 0.99985373
0.0 0.0001268381
0.0 0.00013380287
0.0 0.1584463
0.0 0.00013259235
0.0 5.5405068e-05
0.0 0.009162195
0.0 0.0005952967
0.0 6.999407e-05
0.0 0.20166521
0.0 7.472299e-05
0.0 0.00013908182
0.0 7.0973096e-05
1.0 0.99985373
0.0 0.0001320819
0.0 5.387682e-05
1.0 0.9999509
0.0 0.00012848244
1.0 0.99994814
0.0 7.563655e-05
1.0 0.9998388
0.0 0.00046387842
0.0 6.646937e-05
1.0 0.9999484
0.0 0.00011630665
0.0 7.508886e-05
1.0 0.9998536
0.0 0.00013204564
0.0 6.7611196e-05
1.0 0.9999484
0.0 0.00012848244
0.0 5.3898868e-05
0.0 0.00048262172
0.0 6.7611196e-05
0.0 0.0068540243
0.0 0.0004940689
0.0 7.293741e-05
0.0 7.152418e-05
0.0 0.18980563
0.0 0.00011962047
0.0 0.20166521
1.0 0.99994385
1.0 0.99995697
0.0 5.3898868e-05
1.0 0.659687
0.0 7.3926e-05
1.0 0.9999583
0.0 6.343648e-05
0.0 7.188754e-05
0.0 0.000119703895
0.0 0.00050618994
0.0 0.00043302015
0.0 7.0973096e-05
0.0 0.00013524826
0.0 0.0060911844
0.0 7.54476e-05
0.0 0.00013524826
1.0 0.5766674
0.0 6.4612475e-05
0.0 0.000119703895
0.0 7.372009e-05
0.0 7.472299e-05
0.0 5.479315e-05
0.0 0.00013524826
0.0 0.22167757
0.0 6.7656416e-05
0.0 5.9681373e-05
0.0 0.2419173
0.0 0.00043302015
0.0 0.00012848244
0.0 0.00012001729
0.0 0.00013524826
1.0 0.99995637
0.0 5.644828e-05
1.0 0.9998729
0.0 0.3077608
0.0 6.2025596e-05
1.0 0.99995613
1.0 0.9998648
1.0 0.99995613
0.0 0.0001268381
0.0 5.2841304e-05
0.0 0.00012547935
0.0 6.1707426e-05
0.0 6.316285e-05
0.0 0.0060911844
1.0 0.9999497
1.0 0.99994385
0.0 5.479315e-05
0.0 6.362191e-05
0.0 7.683042e-05
0.0 0.00043302015
1.0 0.99994874
0.0 7.683042e-05
0.0 0.1584463
1.0 0.9999509
0.0 0.0001196101
0.0 0.0001277927
0.0 0.0004109022
0.0 0.3077608
0.0 6.7611196e-05
0.0 0.006348465
0.0 5.5405068e-05
1.0 0.9998592
1.0 0.5766674
1.0 0.9999579
0.0 7.601718e-05
0.0 6.999407e-05
0.0 0.0005189276
0.0 0.0049937335
0.0 0.18980563
0.0 0.0005952967
0.0 0.006348465
1.0 0.67874545
0.0 0.16178977
0.0 6.316285e-05
0.0 0.000119703895
0.0 7.563655e-05
0.0 6.085992e-05
0.0 7.271296e-05
0.0 0.00046387842
0.0 0.00013524826
1.0 0.99995613
0.0 5.479315e-05
0.0 7.601718e-05
1.0 0.9998388
1.0 0.99985456
0.0 0.0005189276
0.0 0.00011228805
1.0 0.99995697
0.0 6.496811e-05
0.0 0.00044889443
0.0 0.006673346
0.0 5.9681373e-05
0.0 0.0001196101
0.0 0.0060911844
0.0 0.00011630665
0.0 6.842235e-05
1.0 0.9999583
1.0 0.99994814
0.0 6.999407e-05
0.0 0.0005952967
1.0 0.99995744
0.0 7.645278e-05
1.0 0.7116448
1.0 0.9998441
1.0 0.9998729
1.0 0.9998592
1.0 0.5766674
0.0 7.472299e-05
0.0 0.00850047
1.0 0.99994755
0.0 7.508886e-05
1.0 0.9998648
0.0 7.2871364e-05
0.0 0.0001196101
1.0 0.67874545
0.0 6.343648e-05
0.0 7.645278e-05
0.0 6.316285e-05
1.0 0.9999459
0.0 7.293741e-05
0.0 0.22167757
0.0 0.00013022439
1.0 0.9998388
1.0 0.9998648
1.0 0.9998729
0.0 0.00048262172
0.0 0.0001271086
0.0 6.198532e-05
1.0 0.9998388
0.0 0.00012384924
0.0 5.991672e-05
0.0 0.00013429088
0.0 0.00850047
0.0 0.009162195
0.0 0.00012019928
1.0 0.9999497
0.0 0.00013001483
0.0 0.2254385
0.0 7.188754e-05
1.0 0.9999583
1.0 0.5766674
0.0 6.842235e-05
0.0 5.477152e-05
0.0 0.00048262172
0.0 6.265306e-05
0.0 6.085992e-05
0.0 0.00011630665
0.0 0.00013204564
0.0 5.4683216e-05
1.0 0.9998441
0.0 0.006577073
0.0 0.00012001729
1.0 0.6662816
0.0 0.0004109022
0.0 6.457952e-05
0.0 6.265306e-05
0.0 6.085992e-05
0.0 5.9681373e-05
0.0 0.009162195
0.0 0.19636038
0.0 6.265306e-05
1.0 0.99995697
0.0 7.524426e-05
1.0 0.9999546
0.0 5.991672e-05
0.0 5.644828e-05
0.0 0.006673346
0.0 6.1707426e-05
0.0 5.387682e-05
0.0 0.008324008
0.0 7.683042e-05
0.0 0.00012547935
0.0 7.124841e-05
0.0 0.00050618994
0.0 6.198532e-05
0.0 7.524426e-05
0.0 6.7656416e-05
0.0 6.842235e-05
0.0 5.4903874e-05
