true vs pred:
1.0 0.8881576
1.0 0.97869146
1.0 0.90024304
1.0 0.9745112
1.0 0.97612983
1.0 0.9777641
1.0 0.9777713
1.0 0.97655845
1.0 0.9754308
1.0 0.9758824
1.0 0.976583
1.0 0.97773975
1.0 0.97421753
1.0 0.91081935
1.0 0.97655845
1.0 0.8905005
1.0 0.976583
1.0 0.97643346
1.0 0.9754308
1.0 0.9740397
1.0 0.9817468
1.0 0.97723854
1.0 0.97612983
1.0 0.97569275
1.0 0.97548217
1.0 0.977258
1.0 0.871776
1.0 0.871776
1.0 0.91081935
1.0 0.97697884
1.0 0.9742381
1.0 0.9676597
1.0 0.97621936
1.0 0.9779003
1.0 0.9741087
1.0 0.9757321
1.0 0.9808735
1.0 0.9742381
1.0 0.9771212
1.0 0.91301805
1.0 0.9773562
1.0 0.97548217
1.0 0.98212
1.0 0.97773975
1.0 0.9747891
1.0 0.97697884
1.0 0.97621936
1.0 0.9747891
1.0 0.9777247
1.0 0.97646594
1.0 0.9778446
1.0 0.9840013
1.0 0.97548217
1.0 0.9687099
1.0 0.9786597
1.0 0.8930598
1.0 0.8970801
1.0 0.9746723
1.0 0.9758756
1.0 0.97916
1.0 0.9751785
1.0 0.9755457
1.0 0.97824734
1.0 0.8905005
1.0 0.9771212
1.0 0.97778076
1.0 0.9798116
1.0 0.9778066
1.0 0.97612983
1.0 0.97856903
1.0 0.97960275
1.0 0.91301805
1.0 0.97856903
1.0 0.9761243
1.0 0.9777713
1.0 0.9736137
1.0 0.91301805
1.0 0.9755457
1.0 0.97821087
1.0 0.97697884
1.0 0.9772363
1.0 0.97529185
1.0 0.97651684
1.0 0.9792589
1.0 0.97723854
1.0 0.9777713
1.0 0.9830634
1.0 0.9773562
1.0 0.89554113
1.0 0.8724563
1.0 0.9065976
1.0 0.97778076
1.0 0.91301805
1.0 0.86620533
1.0 0.9830634
1.0 0.89136004
1.0 0.9787828
1.0 0.86759305
1.0 0.9761243
1.0 0.87157303
1.0 0.9830634
1.0 0.97543573
1.0 0.97559774
1.0 0.9755014
1.0 0.97470313
1.0 0.9706571
1.0 0.8810688
1.0 0.9784898
1.0 0.9143062
1.0 0.9737604
1.0 0.977003
1.0 0.9786597
1.0 0.9757321
1.0 0.9772519
1.0 0.90024304
1.0 0.9792589
1.0 0.9792589
1.0 0.9765852
1.0 0.9740397
1.0 0.8970801
1.0 0.97916
1.0 0.9706571
1.0 0.91081935
1.0 0.9778066
1.0 0.97569275
1.0 0.8734124
1.0 0.97821087
1.0 0.9715154
1.0 0.89136004
1.0 0.97824734
1.0 0.9777641
1.0 0.9754308
1.0 0.98325723
1.0 0.9757321
1.0 0.9817468
1.0 0.8881576
1.0 0.9777247
1.0 0.9089519
1.0 0.9795067
1.0 0.9751785
1.0 0.86759305
1.0 0.977003
1.0 0.9742381
1.0 0.97714293
1.0 0.9731408
1.0 0.97489685
1.0 0.9786243
1.0 0.9765852
1.0 0.9125772
1.0 0.9758756
1.0 0.9765852
1.0 0.97916
1.0 0.9746723
1.0 0.9747891
1.0 0.97489685
1.0 0.97869146
1.0 0.9765852
1.0 0.97597843
1.0 0.97470313
1.0 0.9771212
1.0 0.97867453
1.0 0.9755014
1.0 0.86759305
1.0 0.97493535
1.0 0.9797921
1.0 0.96545947
1.0 0.9767245
1.0 0.9737604
1.0 0.9758756
1.0 0.9754308
1.0 0.91301805
1.0 0.97569275
1.0 0.97749203
1.0 0.97723854
1.0 0.97867453
1.0 0.97569275
1.0 0.9692338
1.0 0.97487575
1.0 0.9758824
1.0 0.98106647
1.0 0.9777247
1.0 0.976583
1.0 0.9687099
1.0 0.87157303
1.0 0.97824734
1.0 0.97867453
1.0 0.97489685
1.0 0.8930598
1.0 0.9742381
1.0 0.9795067
1.0 0.90024304
1.0 0.8746473
1.0 0.9731408
1.0 0.9797921
1.0 0.9798116
1.0 0.8746473
1.0 0.97646594
1.0 0.98325723
1.0 0.9751785
1.0 0.9730207
1.0 0.89136004
1.0 0.9692338
1.0 0.9810184
1.0 0.9808841
1.0 0.9765396
1.0 0.97697884
1.0 0.871776
1.0 0.90024304
1.0 0.9751785
1.0 0.97565186
1.0 0.97655845
1.0 0.9840013
1.0 0.8905005
1.0 0.9746723
1.0 0.977003
1.0 0.9779003
1.0 0.9706571
1.0 0.97470313
1.0 0.97778076
1.0 0.9715154
1.0 0.9706571
1.0 0.9655934
1.0 0.8884276
1.0 0.8746473
1.0 0.97493535
1.0 0.9798116
1.0 0.9687099
1.0 0.97395885
1.0 0.89166903
1.0 0.97632366
1.0 0.9741087
1.0 0.9761243
1.0 0.97529185
1.0 0.98193926
1.0 0.9820141
1.0 0.9772519
1.0 0.9768438
1.0 0.9730207
1.0 0.96893096
1.0 0.97821087
1.0 0.9065976
1.0 0.9687808
1.0 0.9820141
1.0 0.8746473
1.0 0.98106647
1.0 0.97651684
1.0 0.97569275
1.0 0.97869146
1.0 0.9798116
1.0 0.97559774
1.0 0.97697884
1.0 0.9706909
1.0 0.9773562
1.0 0.8881576
1.0 0.9768438
1.0 0.8734124
1.0 0.97916
1.0 0.87157303
1.0 0.974854
1.0 0.8809948
1.0 0.97621936
1.0 0.96893096
1.0 0.9125772
1.0 0.97395885
1.0 0.9751785
1.0 0.9125772
1.0 0.8746473
1.0 0.9741087
1.0 0.8746473
1.0 0.9751785
1.0 0.9840013
1.0 0.97466856
1.0 0.871776
1.0 0.977258
1.0 0.9782779
1.0 0.8930598
1.0 0.9765852
1.0 0.9772519
1.0 0.97466856
1.0 0.9778691
1.0 0.86620533
1.0 0.97646594
1.0 0.89166903
1.0 0.97864383
1.0 0.9795067
1.0 0.9706909
1.0 0.9772363
1.0 0.9767245
1.0 0.9737604
1.0 0.97773975
1.0 0.8884276
1.0 0.91301805
1.0 0.9730207
1.0 0.97856903
1.0 0.97395885
1.0 0.9655934
1.0 0.9761243
1.0 0.8881576
1.0 0.97697884
1.0 0.9731408
1.0 0.97646594
1.0 0.97723854
1.0 0.97493535
1.0 0.9758756
1.0 0.977258
1.0 0.97856903
1.0 0.9741087
1.0 0.97643346
1.0 0.9778446
1.0 0.9765852
1.0 0.97529185
1.0 0.90864646
1.0 0.97697884
1.0 0.9715154
1.0 0.9747891
1.0 0.97395885
1.0 0.97470313
1.0 0.9761243
1.0 0.8905005
1.0 0.9754308
1.0 0.9742381
1.0 0.8905005
1.0 0.9741087
1.0 0.9751785
1.0 0.972591
1.0 0.9817468
1.0 0.9778691
1.0 0.87157303
1.0 0.9706571
1.0 0.97559774
1.0 0.9787828
1.0 0.90024304
1.0 0.87157303
1.0 0.9798116
1.0 0.89136004
1.0 0.9125772
1.0 0.9840013
1.0 0.98325723
1.0 0.9731408
1.0 0.9787828
1.0 0.9817468
1.0 0.97671074
1.0 0.97438645
1.0 0.89554113
1.0 0.9736137
1.0 0.97487575
1.0 0.9706571
1.0 0.87493956
1.0 0.8809948
1.0 0.9741087
1.0 0.9778066
1.0 0.91301805
1.0 0.97867453
1.0 0.9065976
1.0 0.9761243
1.0 0.9737604
1.0 0.97612983
1.0 0.9706571
1.0 0.9755014
1.0 0.9810184
1.0 0.9755457
1.0 0.97869146
1.0 0.97671074
1.0 0.9787828
1.0 0.8970801
1.0 0.9741087
1.0 0.9755457
1.0 0.8809948
1.0 0.9792589
1.0 0.9746723
1.0 0.9687808
1.0 0.9741087
1.0 0.97452295
1.0 0.97643346
1.0 0.97646207
1.0 0.9783633
1.0 0.9765396
1.0 0.97438645
1.0 0.9817468
1.0 0.9808841
1.0 0.9810184
1.0 0.9143062
1.0 0.97824734
1.0 0.9795067
1.0 0.9747891
1.0 0.8746473
1.0 0.91301805
1.0 0.97960275
1.0 0.90864646
1.0 0.97421753
1.0 0.9747891
1.0 0.8810688
1.0 0.8884276
1.0 0.97612983
1.0 0.9840013
1.0 0.97548217
1.0 0.97749203
1.0 0.977258
1.0 0.9810184
1.0 0.8809948
1.0 0.8724563
1.0 0.97697884
1.0 0.9737604
1.0 0.87493956
1.0 0.9810184
1.0 0.9767245
1.0 0.97621936
1.0 0.9731408
1.0 0.97824734
1.0 0.97655845
1.0 0.9808841
1.0 0.97565186
1.0 0.97466856
1.0 0.97470313
1.0 0.89554113
1.0 0.9061916
1.0 0.9773562
1.0 0.98325723
1.0 0.8746473
1.0 0.97529185
1.0 0.97646594
1.0 0.8809948
1.0 0.97612983
1.0 0.9706909
1.0 0.9795067
1.0 0.9731408
1.0 0.9796087
1.0 0.8930598
1.0 0.89136004
1.0 0.9740397
1.0 0.97643346
1.0 0.97671074
1.0 0.9778066
1.0 0.9783633
1.0 0.97869146
1.0 0.8905005
1.0 0.97395885
1.0 0.97489685
1.0 0.89136004
1.0 0.9742381
1.0 0.97662705
1.0 0.97864383
1.0 0.8930598
1.0 0.97773975
1.0 0.97493535
1.0 0.9797921
1.0 0.97773975
1.0 0.9820141
1.0 0.91081935
1.0 0.98106647
1.0 0.9737604
1.0 0.9787828
1.0 0.97548217
1.0 0.9810184
1.0 0.9808735
1.0 0.9731408
1.0 0.97869146
1.0 0.9772363
1.0 0.9676597
1.0 0.9765852
1.0 0.97470313
1.0 0.9089519
1.0 0.972591
1.0 0.9792589
1.0 0.89554113
1.0 0.9787828
1.0 0.97916
1.0 0.89136004
1.0 0.97778076
1.0 0.9808841
1.0 0.87157303
1.0 0.9747891
1.0 0.9783633
1.0 0.9715154
1.0 0.8884276
1.0 0.9687099
1.0 0.9089519
1.0 0.9758824
1.0 0.9767245
1.0 0.97621936
1.0 0.98212
1.0 0.9778691
1.0 0.97662705
1.0 0.9741087
1.0 0.9715154
1.0 0.9820066
1.0 0.9731408
1.0 0.97487575
1.0 0.97662705
1.0 0.97529185
1.0 0.97502613
1.0 0.86759305
1.0 0.9787828
1.0 0.97697884
1.0 0.97869146
1.0 0.9745112
1.0 0.9779003
1.0 0.974854
1.0 0.89554113
1.0 0.97662705
1.0 0.9125772
1.0 0.9715154
1.0 0.97565186
1.0 0.9777713
1.0 0.9143062
1.0 0.97597843
1.0 0.97502613
1.0 0.8970801
1.0 0.97395885
1.0 0.9820066
1.0 0.98106647
1.0 0.97655845
1.0 0.9772519
1.0 0.86620533
1.0 0.9792589
1.0 0.9655934
1.0 0.97723854
1.0 0.97960275
1.0 0.97864383
1.0 0.9715154
