true vs pred:
1.0 0.99748284
1.0 0.99762136
1.0 0.6480351
0.0 0.5476509
0.0 0.95650935
0.0 0.029667052
1.0 0.92977554
0.0 0.62741166
1.0 0.9972101
1.0 0.96758044
1.0 0.9866997
1.0 0.9972657
1.0 0.52050644
0.0 0.5611327
1.0 0.9799303
1.0 0.99729174
1.0 0.96342975
1.0 0.9976209
0.0 0.09457537
0.0 0.98055536
1.0 0.989302
1.0 0.9361051
1.0 0.996828
0.0 0.052731298
1.0 0.8298773
1.0 0.98697335
1.0 0.9816674
0.0 0.19296367
1.0 0.99507326
1.0 0.9947325
1.0 0.94542396
1.0 0.6981829
1.0 0.9949635
1.0 0.94574684
1.0 0.9976714
1.0 0.13502231
1.0 0.99761957
0.0 0.52796793
0.0 0.6267844
0.0 0.7388413
1.0 0.9964
0.0 0.2586295
1.0 0.996828
1.0 0.9542065
1.0 0.72763616
0.0 0.7631001
1.0 0.97704506
1.0 0.9973315
0.0 0.016070299
1.0 0.9681786
1.0 0.97417045
0.0 0.63352495
1.0 0.99734014
1.0 0.9763371
1.0 0.9970362
1.0 0.62320805
1.0 0.4788014
1.0 0.97497034
1.0 0.77852523
0.0 0.8593746
0.0 0.048044313
0.0 0.51339924
0.0 0.21390498
1.0 0.9729567
0.0 0.8906508
1.0 0.9974706
1.0 0.61175835
1.0 0.992315
0.0 0.6959134
1.0 0.98102003
1.0 0.99706775
1.0 0.9962846
1.0 0.91316026
1.0 0.99699867
1.0 0.9972965
0.0 0.18792899
1.0 0.94542396
1.0 0.99812657
1.0 0.99222636
1.0 0.99637055
1.0 0.98510695
1.0 0.9982439
1.0 0.97699976
1.0 0.978663
1.0 0.96808106
1.0 0.9520548
0.0 0.89291847
1.0 0.98393595
1.0 0.995971
1.0 0.9546524
1.0 0.97971344
1.0 0.567798
1.0 0.98408693
1.0 0.9970745
1.0 0.9976307
1.0 0.9983241
1.0 0.99073946
1.0 0.31528467
1.0 0.9899762
1.0 0.9875373
1.0 0.9978758
1.0 0.9968207
0.0 0.81336164
0.0 0.92234206
1.0 0.99811196
1.0 0.39404863
1.0 0.9365613
1.0 0.9760058
1.0 0.9906116
0.0 0.4295439
1.0 0.7793139
1.0 0.94753087
1.0 0.99087393
1.0 0.99804604
1.0 0.8643155
1.0 0.99425745
0.0 0.21399862
1.0 0.7867946
1.0 0.99727076
1.0 0.98059434
1.0 0.96415406
1.0 0.99797744
0.0 0.43397376
1.0 0.9970138
1.0 0.9895264
1.0 0.9834538
1.0 0.9970362
1.0 0.98505855
1.0 0.7776452
0.0 0.039345767
0.0 0.7724806
1.0 0.99822193
1.0 0.8213819
1.0 0.98319143
1.0 0.96564096
1.0 0.2846764
1.0 0.99417263
1.0 0.9760058
0.0 0.085913785
0.0 0.5569302
0.0 0.118209876
1.0 0.9974439
0.0 0.022860408
1.0 0.5340032
1.0 0.48134017
0.0 0.19540343
1.0 0.9978516
1.0 0.9933252
1.0 0.99654776
1.0 0.9688495
0.0 0.52237487
1.0 0.9969799
1.0 0.9972908
0.0 0.23712833
1.0 0.98491895
0.0 0.08943719
0.0 0.10992081
1.0 0.9898699
0.0 0.40185925
1.0 0.99060327
1.0 0.83338314
1.0 0.99806505
1.0 0.99786526
1.0 0.98941296
1.0 0.6175638
1.0 0.8233724
0.0 0.5412454
1.0 0.9977685
1.0 0.9863391
1.0 0.9937848
1.0 0.9978516
1.0 0.7207663
0.0 0.21513084
0.0 0.020609565
1.0 0.6184025
1.0 0.98068917
1.0 0.9800458
1.0 0.63716376
0.0 0.18754004
1.0 0.9780195
1.0 0.83520716
1.0 0.9594529
1.0 0.88219076
1.0 0.9885456
0.0 0.07452946
0.0 0.6665909
1.0 0.9754372
1.0 0.99791044
1.0 0.72320265
0.0 0.061409254
1.0 0.99446
1.0 0.96341115
1.0 0.9857621
1.0 0.96640813
1.0 0.9981517
1.0 0.9957455
1.0 0.9712932
1.0 0.98677117
1.0 0.9971481
1.0 0.99757475
0.0 0.36054727
1.0 0.9966642
1.0 0.9983706
1.0 0.9967127
0.0 0.12058404
1.0 0.98579144
1.0 0.9982514
1.0 0.9966408
1.0 0.9963276
1.0 0.99797195
0.0 0.3930821
1.0 0.9895264
0.0 0.73901355
0.0 0.026948042
1.0 0.8296224
1.0 0.9950642
1.0 0.98036677
1.0 0.52050644
1.0 0.90148926
1.0 0.9884432
1.0 0.9779089
1.0 0.9865905
1.0 0.9778414
1.0 0.992061
1.0 0.9940631
1.0 0.862465
1.0 0.9976204
1.0 0.9287015
1.0 0.98172045
1.0 0.99519134
