true vs pred:
1.0 0.9663875
1.0 0.9982368
0.0 0.59681726
0.0 0.095321275
1.0 0.9985292
1.0 0.9983088
1.0 0.9985141
0.0 0.06626213
1.0 0.5564015
1.0 0.997603
1.0 0.99618334
1.0 0.9980051
0.0 0.70178074
0.0 0.02565532
1.0 0.9402831
1.0 0.9945597
0.0 0.8763071
0.0 0.032624368
0.0 0.59077215
1.0 0.6975228
0.0 0.3142471
1.0 0.9934481
0.0 0.65257275
1.0 0.9959013
1.0 0.9861444
0.0 0.053497437
1.0 0.9985246
1.0 0.9936206
0.0 0.009774746
1.0 0.99066544
1.0 0.9955438
1.0 0.9850294
1.0 0.99813855
1.0 0.99847203
1.0 0.8504554
1.0 0.81303316
1.0 0.99571687
1.0 0.28299752
1.0 0.9944542
1.0 0.89551586
0.0 0.04754012
1.0 0.9952003
0.0 0.043634064
1.0 0.9967393
1.0 0.9953158
0.0 0.36180606
0.0 0.15048298
1.0 0.86026406
1.0 0.99831223
1.0 0.9908873
1.0 0.45011654
1.0 0.91530335
1.0 0.9968996
1.0 0.9980411
1.0 0.98724306
1.0 0.9935161
1.0 0.9702075
0.0 0.15335819
0.0 0.5031826
0.0 0.008522086
1.0 0.9980751
0.0 0.026307426
1.0 0.9983608
1.0 0.9978605
1.0 0.99472827
1.0 0.9746577
1.0 0.98837435
0.0 0.41810456
1.0 0.9979594
1.0 0.9533893
1.0 0.9392036
1.0 0.6673966
1.0 0.7584734
1.0 0.8260584
1.0 0.9972179
1.0 0.9982192
1.0 0.75926536
1.0 0.9967218
1.0 0.9974946
1.0 0.9983956
1.0 0.9793139
1.0 0.99755067
1.0 0.99453473
1.0 0.9654518
1.0 0.94561744
1.0 0.9982663
0.0 0.4548742
1.0 0.9983069
1.0 0.990734
1.0 0.9960393
0.0 0.42857608
0.0 0.006904855
0.0 0.07747015
0.0 0.0133194495
0.0 0.013029341
1.0 0.99825364
0.0 0.0055462443
1.0 0.7177415
1.0 0.9251432
0.0 0.070869595
1.0 0.9854826
0.0 0.42753702
1.0 0.9896919
0.0 0.052611228
1.0 0.99851304
1.0 0.99815863
1.0 0.9946091
0.0 0.021341586
1.0 0.9959019
1.0 0.99451375
1.0 0.9892735
1.0 0.99476165
1.0 0.99796104
1.0 0.998425
0.0 0.14049539
1.0 0.99572456
1.0 0.9950171
1.0 0.744965
0.0 0.06958071
1.0 0.9982041
1.0 0.99138826
0.0 0.005693938
1.0 0.9935161
1.0 0.99464095
1.0 0.9799254
0.0 0.008484385
0.0 0.043634064
1.0 0.9979267
1.0 0.9955978
1.0 0.997603
1.0 0.9983746
1.0 0.8197352
1.0 0.5734103
0.0 0.9613323
0.0 0.018114716
0.0 0.037939765
0.0 0.7984156
1.0 0.98732424
0.0 0.0717116
1.0 0.99226004
1.0 0.9820916
0.0 0.013634847
0.0 0.013030649
0.0 0.24743941
1.0 0.9980363
1.0 0.9846315
1.0 0.9980001
0.0 0.0057859845
1.0 0.9947978
1.0 0.99480766
0.0 0.16715506
1.0 0.9969021
0.0 0.038691077
1.0 0.8235331
0.0 0.42753702
0.0 0.052758455
0.0 0.005078533
1.0 0.9891601
1.0 0.9975217
0.0 0.18135916
1.0 0.95188916
1.0 0.998372
0.0 0.14232858
1.0 0.99405056
0.0 0.23942114
1.0 0.99702966
1.0 0.67759573
1.0 0.7414853
0.0 0.03280396
1.0 0.9956862
0.0 0.0056251553
1.0 0.99694014
1.0 0.98540616
0.0 0.028307758
0.0 0.029230174
0.0 0.12175534
1.0 0.99618584
0.0 0.016835203
1.0 0.9941859
1.0 0.9969189
1.0 0.9799415
1.0 0.9958007
1.0 0.99592716
1.0 0.99689424
1.0 0.7745793
0.0 0.013819559
0.0 0.1313644
1.0 0.8693804
0.0 0.6930962
0.0 0.10183205
1.0 0.6907861
0.0 0.0049154037
1.0 0.98865545
0.0 0.9649836
1.0 0.99756706
1.0 0.6260414
1.0 0.9956542
0.0 0.94387245
0.0 0.18111186
1.0 0.99593097
1.0 0.99583817
1.0 0.9308733
1.0 0.997511
1.0 0.98732424
0.0 0.8162154
0.0 0.15894291
1.0 0.99847203
1.0 0.9966672
1.0 0.9984003
1.0 0.9977507
1.0 0.9983701
1.0 0.9960698
0.0 0.49702382
0.0 0.06773836
0.0 0.0968122
1.0 0.9905515
1.0 0.99626726
1.0 0.98748153
0.0 0.0942283
0.0 0.4778677
1.0 0.85458726
1.0 0.9897189
1.0 0.99589205
1.0 0.9980445
1.0 0.998338
1.0 0.9945897
1.0 0.81284636
1.0 0.6090513
1.0 0.99725515
1.0 0.9983022
