true vs pred:
1.0 0.9963898
1.0 0.9972549
1.0 0.99795234
1.0 0.990458
1.0 0.49882272
1.0 0.9760718
1.0 0.9925357
1.0 0.9974009
1.0 0.9964535
0.0 0.82489175
0.0 0.89041793
1.0 0.99775237
1.0 0.17552157
1.0 0.9663299
1.0 0.6359312
1.0 0.9936754
0.0 0.4108917
1.0 0.8344947
0.0 0.80771214
1.0 0.96969426
1.0 0.9976362
1.0 0.9451464
1.0 0.9889699
0.0 0.29046872
1.0 0.8105435
1.0 0.9961546
1.0 0.9791669
1.0 0.95097214
1.0 0.9976731
0.0 0.50357854
1.0 0.9948485
1.0 0.9548892
1.0 0.97999406
1.0 0.99617165
1.0 0.99131495
1.0 0.7637562
0.0 0.028953545
0.0 0.078839235
1.0 0.9977258
0.0 0.6582028
1.0 0.97788846
1.0 0.9818277
1.0 0.14537297
1.0 0.9892061
1.0 0.69387066
0.0 0.03636368
0.0 0.09536415
0.0 0.1710245
1.0 0.9972608
0.0 0.019618336
1.0 0.62059474
1.0 0.38565323
0.0 0.029288923
1.0 0.9974982
1.0 0.96742535
1.0 0.99568
1.0 0.98577756
0.0 0.20920925
1.0 0.99647224
1.0 0.9973584
0.0 0.5727808
1.0 0.98766285
0.0 0.047978744
0.0 0.1751977
1.0 0.96607244
0.0 0.24557002
1.0 0.98789203
1.0 0.84731203
1.0 0.9974528
1.0 0.9972046
1.0 0.9868634
1.0 0.43934318
0.0 0.54879457
0.0 0.6683195
1.0 0.9975496
1.0 0.9815393
1.0 0.98337525
1.0 0.99752337
1.0 0.74885315
0.0 0.122785136
0.0 0.03642663
0.0 0.49862283
1.0 0.9884117
1.0 0.9840497
1.0 0.65967166
0.0 0.0850446
1.0 0.9799631
1.0 0.7871835
1.0 0.98335993
1.0 0.951493
1.0 0.9876511
0.0 0.048029292
0.0 0.24102226
1.0 0.79300624
1.0 0.9972983
1.0 0.55195093
0.0 0.03141649
1.0 0.9952485
1.0 0.9693034
1.0 0.98653585
1.0 0.9634327
1.0 0.99787927
1.0 0.996095
1.0 0.8841088
1.0 0.95498204
1.0 0.9971077
1.0 0.9965578
0.0 0.18676041
1.0 0.9938591
1.0 0.99788886
1.0 0.9944564
0.0 0.1033593
1.0 0.9832917
1.0 0.99775225
1.0 0.99693394
1.0 0.99685824
1.0 0.99731207
0.0 0.44747487
1.0 0.9548892
0.0 0.70122594
0.0 0.03208781
1.0 0.7985393
1.0 0.98901296
1.0 0.99133
0.0 0.31374186
1.0 0.91740847
1.0 0.98917633
1.0 0.98917025
1.0 0.9877088
1.0 0.79300624
1.0 0.9911884
1.0 0.97354263
1.0 0.91840273
1.0 0.9965718
1.0 0.41823617
1.0 0.9881444
1.0 0.99533695
1.0 0.99576545
0.0 0.37619755
1.0 0.99590176
0.0 0.17188329
1.0 0.95558286
0.0 0.2317933
1.0 0.98896015
1.0 0.9931738
0.0 0.09255221
1.0 0.9909747
0.0 0.23018537
1.0 0.99758124
1.0 0.9830694
1.0 0.3253108
1.0 0.29741764
1.0 0.19945917
1.0 0.9975841
1.0 0.9215647
0.0 0.8129617
1.0 0.9794756
1.0 0.97631013
1.0 0.98292345
1.0 0.9777915
1.0 0.9215647
1.0 0.9803006
0.0 0.037122156
1.0 0.99515414
1.0 0.9976445
1.0 0.9974982
1.0 0.9867247
1.0 0.9444043
1.0 0.9971077
1.0 0.99743086
0.0 0.048101485
1.0 0.9963813
0.0 0.033534728
1.0 0.9944344
1.0 0.96930444
1.0 0.9956857
0.0 0.04869385
1.0 0.97931004
1.0 0.9672427
1.0 0.98086977
1.0 0.9965119
0.0 0.60859007
1.0 0.9958287
1.0 0.98981726
1.0 0.98518294
1.0 0.9975169
1.0 0.9920839
0.0 0.2635733
0.0 0.9322601
1.0 0.9973533
1.0 0.9958677
0.0 0.51873326
0.0 0.04365366
1.0 0.99700886
0.0 0.1406912
0.0 0.24204163
1.0 0.93643665
1.0 0.9948337
1.0 0.9722836
1.0 0.99018013
0.0 0.071469985
1.0 0.7497075
0.0 0.3153498
1.0 0.99764544
1.0 0.99216676
1.0 0.17450717
0.0 0.17512037
1.0 0.99687177
0.0 0.6582028
1.0 0.86539054
1.0 0.9966545
1.0 0.79955727
1.0 0.9978644
0.0 0.03197936
1.0 0.9638551
1.0 0.98643064
1.0 0.99387383
1.0 0.9623485
1.0 0.99085814
1.0 0.99773717
1.0 0.9762195
1.0 0.99438417
1.0 0.97086024
1.0 0.91323465
1.0 0.99545246
0.0 0.55835915
1.0 0.98981726
1.0 0.9867247
1.0 0.99718446
1.0 0.9961443
