true vs pred:
1.0 0.9484734
1.0 0.99745697
0.0 0.37366244
0.0 0.06358088
1.0 0.99771535
1.0 0.99744344
1.0 0.9978745
0.0 0.07713361
1.0 0.44980752
1.0 0.99716777
1.0 0.99553776
1.0 0.9967722
0.0 0.6049813
0.0 0.03639836
1.0 0.9344126
1.0 0.9938263
0.0 0.601756
0.0 0.06633449
0.0 0.576434
1.0 0.55701756
0.0 0.3331087
1.0 0.9896917
0.0 0.6494971
1.0 0.9942147
1.0 0.9783457
0.0 0.11998556
1.0 0.99789774
1.0 0.99505097
0.0 0.043675862
1.0 0.9821078
1.0 0.9928023
1.0 0.99313426
1.0 0.9973048
1.0 0.9977847
1.0 0.7481253
1.0 0.9492569
1.0 0.9967706
1.0 0.29205632
1.0 0.99032307
1.0 0.9741812
0.0 0.042595863
1.0 0.9934441
0.0 0.5618217
1.0 0.9972801
1.0 0.9956286
0.0 0.27225715
1.0 0.680705
1.0 0.7656661
1.0 0.99744946
1.0 0.9919457
1.0 0.33619753
1.0 0.8430846
1.0 0.9941328
1.0 0.9969699
1.0 0.9777013
1.0 0.993664
1.0 0.937525
1.0 0.42331824
0.0 0.30410978
0.0 0.036669552
1.0 0.9970783
0.0 0.1173185
1.0 0.9976981
1.0 0.9968266
1.0 0.9940374
1.0 0.97071975
1.0 0.98501045
0.0 0.5520122
1.0 0.9973241
1.0 0.9862942
1.0 0.9193513
1.0 0.53564584
1.0 0.7202599
1.0 0.98280656
1.0 0.9954595
1.0 0.99757916
1.0 0.6438606
1.0 0.9972582
1.0 0.99636406
1.0 0.9977544
1.0 0.9880266
1.0 0.9955194
1.0 0.9940598
1.0 0.9196369
1.0 0.9849223
1.0 0.9974726
1.0 0.7368199
1.0 0.99758005
1.0 0.98239374
1.0 0.9937656
0.0 0.5110397
0.0 0.020550601
0.0 0.21520817
0.0 0.12060291
0.0 0.041473314
1.0 0.99743646
0.0 0.0140916165
1.0 0.66812104
1.0 0.8915512
0.0 0.2762501
1.0 0.9910828
1.0 0.8347335
1.0 0.9888827
0.0 0.051490124
1.0 0.99769294
1.0 0.9971788
1.0 0.99667895
0.0 0.16317807
1.0 0.99669456
1.0 0.9966965
1.0 0.988641
1.0 0.99625874
1.0 0.9973144
1.0 0.997519
0.0 0.7771865
1.0 0.9939235
1.0 0.9930226
1.0 0.6041205
0.0 0.0652124
1.0 0.9974273
1.0 0.98323095
0.0 0.0144843245
1.0 0.993664
1.0 0.9929374
1.0 0.9714839
0.0 0.049062476
0.0 0.5618217
1.0 0.99733233
1.0 0.9932672
1.0 0.99716777
1.0 0.9977422
1.0 0.8088725
0.0 0.63397884
0.0 0.9167648
0.0 0.025599536
0.0 0.5270146
0.0 0.7949129
1.0 0.99202675
0.0 0.292608
1.0 0.98006445
1.0 0.9897512
0.0 0.12163227
0.0 0.029054783
1.0 0.5797078
1.0 0.9971209
1.0 0.9731318
1.0 0.9972224
0.0 0.01842459
0.0 0.9932579
1.0 0.99218047
1.0 0.28973833
1.0 0.99624616
0.0 0.031251214
1.0 0.77061397
1.0 0.8347335
0.0 0.502234
0.0 0.014856075
1.0 0.9948249
1.0 0.9958918
1.0 0.28863654
1.0 0.8777303
1.0 0.997581
0.0 0.7750905
1.0 0.9937285
0.0 0.165569
1.0 0.99666095
0.0 0.5348087
1.0 0.6837259
0.0 0.16613135
1.0 0.99675995
0.0 0.028746305
1.0 0.9963883
1.0 0.9720576
0.0 0.11449696
0.0 0.1468403
1.0 0.3215486
1.0 0.99520594
0.0 0.038404636
1.0 0.99207413
1.0 0.9951839
1.0 0.9572716
1.0 0.9950742
1.0 0.99454427
1.0 0.9967632
1.0 0.6756474
0.0 0.043785334
1.0 0.32706913
1.0 0.7824182
0.0 0.50957304
0.0 0.11404609
1.0 0.6359829
0.0 0.014543915
1.0 0.979934
0.0 0.9686393
1.0 0.9971872
1.0 0.48509437
1.0 0.9934029
0.0 0.94053954
1.0 0.4711707
1.0 0.99670714
1.0 0.9965732
1.0 0.8977791
1.0 0.9964923
1.0 0.99202675
0.0 0.5933837
1.0 0.2776593
1.0 0.9977847
1.0 0.9947685
1.0 0.99759346
1.0 0.997035
1.0 0.9975891
1.0 0.9932672
1.0 0.69388986
0.0 0.28788462
0.0 0.26620647
0.0 0.98774207
1.0 0.99320316
1.0 0.9916216
0.0 0.27415052
1.0 0.6698549
1.0 0.72532296
1.0 0.9878324
1.0 0.99624807
1.0 0.9972826
1.0 0.9976253
1.0 0.991865
1.0 0.58102673
1.0 0.8670224
1.0 0.99642617
1.0 0.997661
