true vs pred:
1.0 0.9992792
0.0 0.2199626
1.0 0.93118924
1.0 0.9992605
1.0 0.9993319
1.0 0.99877614
0.0 0.003701057
1.0 0.9992478
1.0 0.6474067
1.0 0.9949768
1.0 0.9993414
0.0 0.036228996
1.0 0.9983033
1.0 0.99898654
1.0 0.9925978
1.0 0.9981572
1.0 0.99928975
1.0 0.52837306
1.0 0.99917847
0.0 0.0069167838
1.0 0.99908936
1.0 0.98242235
1.0 0.99917287
1.0 0.9990921
1.0 0.9989643
1.0 0.99914575
1.0 0.99711347
1.0 0.97507715
0.0 0.20802036
1.0 0.9988966
1.0 0.9993006
0.0 0.3924868
0.0 0.015601579
1.0 0.97710663
1.0 0.9992955
1.0 0.30507013
1.0 0.9991141
1.0 0.9969689
1.0 0.99933225
1.0 0.9990872
1.0 0.9973418
1.0 0.99934417
1.0 0.9990798
1.0 0.99927264
1.0 0.99444807
1.0 0.9993098
1.0 0.9991835
1.0 0.99902046
1.0 0.9992036
1.0 0.9984647
1.0 0.9925211
0.0 0.11370644
1.0 0.99856985
1.0 0.9988757
1.0 0.9991192
1.0 0.99438804
1.0 0.9973392
1.0 0.88038975
1.0 0.8606942
1.0 0.9985935
1.0 0.99928623
1.0 0.9993224
1.0 0.99927825
1.0 0.9991672
0.0 0.00086473924
1.0 0.9992052
1.0 0.99884063
1.0 0.99932384
1.0 0.99877673
1.0 0.9992803
1.0 0.9993191
1.0 0.9991672
1.0 0.9986834
1.0 0.9991856
1.0 0.99928373
1.0 0.9992207
1.0 0.67279357
1.0 0.90197456
1.0 0.978999
1.0 0.16062216
1.0 0.9992712
1.0 0.9984316
1.0 0.8285022
1.0 0.99928975
1.0 0.99378777
0.0 0.38149753
1.0 0.9986093
1.0 0.9992625
1.0 0.99889886
1.0 0.99675745
1.0 0.99929976
1.0 0.9991001
1.0 0.82470393
0.0 0.0025515715
0.0 0.1474693
1.0 0.9380627
1.0 0.9992637
0.0 0.009651462
1.0 0.99872977
1.0 0.9992924
1.0 0.9991301
1.0 0.9993224
1.0 0.9991334
1.0 0.998696
1.0 0.9993389
1.0 0.95567346
1.0 0.99857664
1.0 0.99916077
1.0 0.997479
0.0 0.089244775
1.0 0.9988745
1.0 0.9991615
1.0 0.99905986
1.0 0.9618845
1.0 0.9978073
1.0 0.9992632
1.0 0.99894387
1.0 0.9983297
1.0 0.99896145
1.0 0.99908113
1.0 0.9991227
1.0 0.997543
1.0 0.99577457
1.0 0.9992207
1.0 0.9992755
1.0 0.8128298
1.0 0.9993592
0.0 0.18956272
0.0 0.09217888
1.0 0.9989654
1.0 0.99890137
1.0 0.99748945
1.0 0.9989849
1.0 0.9990031
1.0 0.99917287
1.0 0.99898344
1.0 0.99930704
1.0 0.99933666
0.0 0.047471877
1.0 0.8310043
0.0 0.018324578
0.0 0.007883708
1.0 0.9993325
1.0 0.9809723
1.0 0.99857867
1.0 0.91120756
1.0 0.99914503
1.0 0.9992924
1.0 0.99774003
0.0 0.025812577
0.0 0.0041400916
0.0 0.0094793895
1.0 0.99830616
1.0 0.99706227
0.0 0.081857875
1.0 0.99930346
1.0 0.9882528
1.0 0.82114077
0.0 0.0022185736
1.0 0.9991928
1.0 0.9992797
1.0 0.9984781
1.0 0.99817
1.0 0.9989925
1.0 0.9987319
0.0 0.038497493
1.0 0.9991227
1.0 0.9991922
1.0 0.99565214
1.0 0.99632746
1.0 0.8521484
1.0 0.99923146
1.0 0.9990288
1.0 0.9991842
1.0 0.99928313
1.0 0.99929845
0.0 0.0015649088
1.0 0.999111
1.0 0.9989089
1.0 0.99929845
1.0 0.9991935
1.0 0.9090753
1.0 0.9987494
1.0 0.9993293
1.0 0.99916077
1.0 0.99932027
1.0 0.9280223
1.0 0.99291295
1.0 0.9992398
1.0 0.99686843
1.0 0.9993048
1.0 0.99898857
0.0 0.06680119
0.0 0.079413965
1.0 0.9992312
1.0 0.9962508
1.0 0.9988715
1.0 0.9989073
1.0 0.5761424
0.0 0.09799411
1.0 0.0072537726
1.0 0.9992023
1.0 0.99928623
1.0 0.9992849
1.0 0.99656665
1.0 0.99934274
0.0 0.058500744
1.0 0.9984138
1.0 0.99928975
1.0 0.974642
1.0 0.969981
1.0 0.9992028
0.0 0.020574631
1.0 0.9993229
1.0 0.9993197
1.0 0.9990759
1.0 0.9982741
1.0 0.8383546
1.0 0.9982298
0.0 0.067188434
1.0 0.99866116
1.0 0.99920803
1.0 0.9987866
1.0 0.9775081
1.0 0.99885213
0.0 0.0707574
1.0 0.99933785
1.0 0.99892384
1.0 0.997322
1.0 0.9927389
