true vs pred:
1.0 0.99769944
1.0 0.99946016
1.0 0.99766517
1.0 0.99829096
1.0 0.99766517
1.0 0.99804807
1.0 0.99952865
1.0 0.9971999
1.0 0.999647
1.0 0.99939024
1.0 0.9996024
1.0 0.9987405
1.0 0.9977447
1.0 0.9994566
1.0 0.99797636
1.0 0.99860233
1.0 0.9988734
1.0 0.9994874
1.0 0.99926823
1.0 0.99920577
1.0 0.99896693
1.0 0.99896693
1.0 0.99934024
1.0 0.99950635
1.0 0.99952364
1.0 0.99952865
1.0 0.997255
1.0 0.9994185
1.0 0.99807346
1.0 0.99918
1.0 0.99952865
1.0 0.99929357
1.0 0.99769944
1.0 0.9994717
1.0 0.99950457
1.0 0.9996024
1.0 0.99948525
1.0 0.99929357
1.0 0.99934286
1.0 0.9994874
1.0 0.99887186
1.0 0.9982072
1.0 0.9985372
1.0 0.9994874
1.0 0.99912566
1.0 0.9987363
1.0 0.99918
1.0 0.99896693
1.0 0.999647
1.0 0.99951136
1.0 0.9985934
1.0 0.9975841
1.0 0.9994566
1.0 0.99896693
1.0 0.9984642
1.0 0.99939024
1.0 0.9993104
1.0 0.99875784
1.0 0.99850225
1.0 0.9994185
1.0 0.9986181
1.0 0.9996124
1.0 0.99952376
1.0 0.9985959
1.0 0.99218726
1.0 0.99714714
1.0 0.9994842
1.0 0.99850225
1.0 0.9994566
1.0 0.99105984
1.0 0.99799997
1.0 0.99941194
1.0 0.9976839
1.0 0.9997111
1.0 0.99951136
1.0 0.9923348
1.0 0.9985434
1.0 0.9996024
1.0 0.9994185
1.0 0.9976617
1.0 0.997233
1.0 0.99966645
1.0 0.99860626
1.0 0.9994566
1.0 0.99916303
1.0 0.99860233
1.0 0.997858
1.0 0.9988734
1.0 0.98994315
1.0 0.99920577
1.0 0.99934024
1.0 0.99939156
1.0 0.9986181
1.0 0.99885964
1.0 0.99882275
1.0 0.99966645
1.0 0.9982072
1.0 0.9993166
1.0 0.99812
1.0 0.99946016
1.0 0.999647
1.0 0.9993455
1.0 0.9927902
1.0 0.99839896
1.0 0.99807346
1.0 0.9897786
1.0 0.9980889
1.0 0.99950635
1.0 0.9994838
1.0 0.99941194
1.0 0.99952364
1.0 0.9988734
1.0 0.9993166
1.0 0.99937505
1.0 0.9994874
1.0 0.997858
1.0 0.9976689
1.0 0.99787295
1.0 0.99722606
1.0 0.99939024
1.0 0.99953985
1.0 0.99912566
1.0 0.99948525
1.0 0.99920577
1.0 0.9971999
1.0 0.9980653
1.0 0.9982072
1.0 0.99860626
1.0 0.99951136
1.0 0.99960965
1.0 0.99934024
1.0 0.9988397
1.0 0.99157
1.0 0.99939024
1.0 0.9897786
1.0 0.9975841
1.0 0.99961436
1.0 0.9994512
1.0 0.9994838
1.0 0.99912566
1.0 0.992661
1.0 0.99948525
1.0 0.9988298
1.0 0.99885964
1.0 0.9976617
1.0 0.9994717
1.0 0.99797636
1.0 0.99952865
1.0 0.9927902
1.0 0.9987722
1.0 0.99950457
1.0 0.9982072
1.0 0.99875784
1.0 0.99839896
1.0 0.99926823
1.0 0.9897786
1.0 0.99950147
1.0 0.9992557
1.0 0.99916303
1.0 0.9981369
1.0 0.9988298
1.0 0.9971943
1.0 0.9971999
1.0 0.997858
1.0 0.9988397
1.0 0.9971999
1.0 0.99950266
1.0 0.9994838
1.0 0.9985978
1.0 0.9996587
1.0 0.99804807
1.0 0.9985372
1.0 0.99941194
1.0 0.99157
1.0 0.99923325
1.0 0.9987565
1.0 0.9988734
1.0 0.99885964
1.0 0.9982286
1.0 0.9997111
1.0 0.99952865
1.0 0.99846363
1.0 0.99954814
1.0 0.9989839
1.0 0.9897786
1.0 0.9985934
1.0 0.99875784
1.0 0.99860626
1.0 0.99882275
1.0 0.9985959
1.0 0.9989839
1.0 0.99874735
1.0 0.99821055
1.0 0.99934286
1.0 0.99934024
1.0 0.9993166
1.0 0.9977447
1.0 0.9971943
1.0 0.992661
1.0 0.9987722
1.0 0.99916303
1.0 0.9985372
1.0 0.9980464
1.0 0.9994566
1.0 0.9997111
1.0 0.99876416
1.0 0.99105984
1.0 0.99787295
1.0 0.9971943
1.0 0.99916303
1.0 0.99937147
1.0 0.99812
1.0 0.9993104
1.0 0.9980464
1.0 0.99941194
1.0 0.99722606
1.0 0.9980889
1.0 0.9988298
1.0 0.9971999
1.0 0.9995623
1.0 0.9984642
1.0 0.99797636
1.0 0.9989188
1.0 0.99952364
1.0 0.99963987
1.0 0.9988298
1.0 0.9984509
1.0 0.9985391
1.0 0.99948525
1.0 0.99923325
1.0 0.9996587
1.0 0.99875045
1.0 0.99804807
1.0 0.99953985
1.0 0.9995623
1.0 0.9988734
1.0 0.9985934
1.0 0.99918
1.0 0.99887055
1.0 0.997255
1.0 0.99787295
1.0 0.99714714
1.0 0.99850225
1.0 0.99937147
1.0 0.9994287
1.0 0.99860626
1.0 0.99950457
1.0 0.99925643
1.0 0.99887055
1.0 0.99953175
1.0 0.9986098
1.0 0.9987722
1.0 0.99887186
1.0 0.9988734
1.0 0.9994117
1.0 0.9985434
1.0 0.9994717
1.0 0.99916303
1.0 0.99961436
1.0 0.9984509
1.0 0.99912566
1.0 0.9995029
1.0 0.9986131
1.0 0.9994823
1.0 0.99920577
1.0 0.99926823
1.0 0.99860233
1.0 0.9983663
1.0 0.99799997
1.0 0.9975841
1.0 0.9987527
1.0 0.9924454
1.0 0.9981369
1.0 0.99875045
1.0 0.99966645
1.0 0.99939144
1.0 0.98994315
1.0 0.99950147
1.0 0.9980889
1.0 0.99961436
1.0 0.99875784
1.0 0.9971943
1.0 0.9985934
1.0 0.99714714
1.0 0.9993455
1.0 0.99807346
1.0 0.9994823
1.0 0.99961436
1.0 0.99916303
1.0 0.99966645
1.0 0.992661
1.0 0.99797636
1.0 0.99954814
1.0 0.999647
1.0 0.99961436
1.0 0.99937147
1.0 0.99887186
1.0 0.99916303
1.0 0.9985372
1.0 0.99769944
1.0 0.9985934
1.0 0.99954814
1.0 0.9994874
1.0 0.9979365
1.0 0.99923325
1.0 0.9984642
1.0 0.99850225
1.0 0.99937505
1.0 0.99876416
1.0 0.9979365
1.0 0.99954814
1.0 0.9992557
1.0 0.99877197
1.0 0.9994823
1.0 0.9975841
1.0 0.99850225
1.0 0.99105984
1.0 0.99952364
1.0 0.99912566
1.0 0.9980889
1.0 0.9992557
1.0 0.9995029
1.0 0.998237
1.0 0.99951625
1.0 0.9989839
1.0 0.99896693
1.0 0.99946016
1.0 0.9986181
1.0 0.99950635
1.0 0.9978399
1.0 0.99882275
1.0 0.9971413
1.0 0.99937147
1.0 0.99876416
1.0 0.9981369
1.0 0.9988734
1.0 0.99966407
1.0 0.99887055
1.0 0.9993667
1.0 0.997255
1.0 0.9987363
1.0 0.99912566
1.0 0.9995623
1.0 0.99960965
1.0 0.9996024
1.0 0.9976617
1.0 0.99839896
1.0 0.99787295
1.0 0.99876416
1.0 0.9985434
1.0 0.99804807
1.0 0.9993667
1.0 0.99963987
1.0 0.9987722
1.0 0.99934286
1.0 0.98994315
1.0 0.9975841
1.0 0.9976617
1.0 0.99941194
1.0 0.99846363
1.0 0.99714714
1.0 0.9977447
1.0 0.99766517
1.0 0.9980653
1.0 0.9996587
1.0 0.9987405
1.0 0.998237
1.0 0.9978399
1.0 0.9987565
1.0 0.99929357
1.0 0.9985959
1.0 0.9982755
1.0 0.99934286
1.0 0.998123
1.0 0.9996124
1.0 0.99887055
1.0 0.99950147
1.0 0.9995623
1.0 0.99953175
1.0 0.9982755
1.0 0.99953175
1.0 0.99860626
1.0 0.9971999
1.0 0.99804807
1.0 0.9986131
1.0 0.99961436
1.0 0.9987722
1.0 0.99875784
1.0 0.99887055
1.0 0.9985434
1.0 0.9994742
1.0 0.9988734
1.0 0.99950457
1.0 0.99948525
1.0 0.9994717
1.0 0.99934286
1.0 0.99934286
1.0 0.99769944
1.0 0.99812
1.0 0.99860626
1.0 0.99804807
1.0 0.9993104
1.0 0.99885964
1.0 0.9971208
1.0 0.99218726
1.0 0.99963987
1.0 0.99954814
1.0 0.99912566
1.0 0.99952865
1.0 0.9981369
1.0 0.99918
1.0 0.9982286
1.0 0.99887055
1.0 0.9970445
1.0 0.9987405
1.0 0.99850225
1.0 0.99860626
1.0 0.9980653
1.0 0.99860626
1.0 0.99218726
1.0 0.9994117
1.0 0.99882275
1.0 0.98994315
1.0 0.9982072
1.0 0.9994512
1.0 0.9996587
1.0 0.998123
1.0 0.9986131
1.0 0.99918
1.0 0.99961436
1.0 0.9988734
1.0 0.99966407
1.0 0.9976617
1.0 0.9997111
1.0 0.9971577
1.0 0.99950457
1.0 0.99875784
1.0 0.9996024
1.0 0.9994842
1.0 0.99926823
1.0 0.99920577
1.0 0.99926823
1.0 0.998281
1.0 0.9993667
1.0 0.9970445
1.0 0.99960965
1.0 0.99218726
1.0 0.99846363
1.0 0.99797636
1.0 0.9981369
1.0 0.9997111
1.0 0.99954814
1.0 0.99934024
1.0 0.99966407
1.0 0.99714714
1.0 0.99105984
1.0 0.99966645
1.0 0.9993455
1.0 0.99952865
1.0 0.9984509
1.0 0.99950457
1.0 0.997255
1.0 0.9986181
1.0 0.99714714
1.0 0.99946016
1.0 0.99951136
1.0 0.9980464
1.0 0.9987527
1.0 0.998123
1.0 0.9994566
1.0 0.99966645
1.0 0.99218726
1.0 0.9985959
1.0 0.99939156
1.0 0.9983972
1.0 0.99939024
1.0 0.997233
1.0 0.997858
1.0 0.992661
1.0 0.9971943
1.0 0.99157
1.0 0.99860626
1.0 0.9964881
1.0 0.9986181
1.0 0.99812
1.0 0.9996587
1.0 0.992661
1.0 0.9994117
1.0 0.99887186
1.0 0.99966276
1.0 0.99887186
1.0 0.9993667
1.0 0.9987722
1.0 0.9927902
1.0 0.9897786
1.0 0.9924454
1.0 0.99934286
1.0 0.9971577
1.0 0.99846363
1.0 0.9984509
1.0 0.99954814
1.0 0.9987722
1.0 0.99950457
1.0 0.98994315
1.0 0.9994838
1.0 0.9994566
1.0 0.9995029
1.0 0.9994287
1.0 0.99941194
1.0 0.99920577
1.0 0.9994117
1.0 0.9994512
1.0 0.99875045
1.0 0.99948525
1.0 0.99799997
1.0 0.99926823
1.0 0.9982755
1.0 0.9993455
1.0 0.99966407
1.0 0.99839896
