true vs pred:
1.0 0.99218583
1.0 0.9925823
1.0 0.99473107
1.0 0.9224659
1.0 0.3602372
1.0 0.9737279
1.0 0.96999806
1.0 0.9943867
1.0 0.99376726
0.0 0.7432036
0.0 0.91595787
1.0 0.9948086
1.0 0.39533675
1.0 0.834147
1.0 0.98326045
1.0 0.9761529
0.0 0.545049
1.0 0.69465774
1.0 0.9609819
1.0 0.98815036
1.0 0.9940851
1.0 0.8727443
1.0 0.98793995
0.0 0.32248044
1.0 0.6959146
1.0 0.9911908
1.0 0.89575505
1.0 0.85986483
1.0 0.99539584
0.0 0.6927359
1.0 0.9927626
1.0 0.9851504
1.0 0.9458629
1.0 0.9908444
1.0 0.9663671
1.0 0.5494948
0.0 0.26002723
1.0 0.9633542
1.0 0.99535394
1.0 0.95523435
1.0 0.94215894
1.0 0.899029
0.0 0.3360365
1.0 0.98792225
1.0 0.9844893
1.0 0.88434356
1.0 0.932003
0.0 0.46482843
1.0 0.99290705
0.0 0.12060666
0.0 0.56052
1.0 0.41897622
1.0 0.8914573
1.0 0.99363285
1.0 0.98917204
1.0 0.99249625
1.0 0.93797934
1.0 0.90045536
1.0 0.9923366
1.0 0.9922219
0.0 0.3863186
1.0 0.96180797
0.0 0.42931455
0.0 0.40987766
1.0 0.98804575
1.0 0.92696995
1.0 0.9775189
1.0 0.74998957
1.0 0.9938625
1.0 0.9927729
0.0 0.92923844
0.0 0.66242516
1.0 0.9572792
0.0 0.48881578
1.0 0.99272925
1.0 0.949992
1.0 0.9877977
1.0 0.99364436
1.0 0.7114752
0.0 0.18597905
0.0 0.1774691
1.0 0.95134413
1.0 0.94321615
1.0 0.94216007
1.0 0.67634404
0.0 0.42640287
1.0 0.9283262
1.0 0.6117921
1.0 0.9423687
1.0 0.8942432
1.0 0.9784078
1.0 0.41517287
1.0 0.94136393
1.0 0.9787058
1.0 0.99278826
1.0 0.6375796
1.0 0.13383633
1.0 0.9768618
1.0 0.9157973
1.0 0.86503744
1.0 0.9114444
1.0 0.99473685
1.0 0.98118675
1.0 0.98443526
1.0 0.9771294
1.0 0.99314874
1.0 0.9929351
1.0 0.8806558
1.0 0.9901334
1.0 0.99518186
1.0 0.9900219
1.0 0.2921484
1.0 0.96427643
1.0 0.99526215
1.0 0.9834325
1.0 0.989971
1.0 0.99488837
0.0 0.5143551
1.0 0.9851504
0.0 0.4939156
0.0 0.2096858
1.0 0.77598715
1.0 0.99071527
1.0 0.9503192
1.0 0.9555241
1.0 0.909822
1.0 0.96252817
1.0 0.93333024
1.0 0.9385034
1.0 0.9787058
1.0 0.98284435
1.0 0.9894077
1.0 0.7918837
1.0 0.99359506
1.0 0.9643621
1.0 0.9560115
1.0 0.98238695
1.0 0.99261487
0.0 0.30194312
1.0 0.98853326
0.0 0.21290904
1.0 0.8731681
1.0 0.94028515
1.0 0.95334125
1.0 0.9921072
1.0 0.9631059
1.0 0.97002846
1.0 0.9401216
1.0 0.9939413
1.0 0.8358352
1.0 0.33865643
0.0 0.6690443
1.0 0.30837527
1.0 0.99427456
1.0 0.9844074
1.0 0.96224934
1.0 0.9500696
0.0 0.89689606
1.0 0.95888084
1.0 0.815287
1.0 0.9844074
0.0 0.943027
1.0 0.9146005
1.0 0.9907206
1.0 0.995337
1.0 0.99363285
1.0 0.9856001
0.0 0.5578983
1.0 0.99314874
1.0 0.9944178
1.0 0.84120184
1.0 0.99021614
1.0 0.874943
1.0 0.9788296
1.0 0.8959023
1.0 0.9834832
0.0 0.15689401
1.0 0.8564659
1.0 0.9391103
1.0 0.9552404
1.0 0.98850596
1.0 0.96119267
1.0 0.9726168
1.0 0.9900557
1.0 0.94672227
1.0 0.99045426
1.0 0.9722287
0.0 0.42776516
0.0 0.7539602
1.0 0.99287224
1.0 0.9910042
1.0 0.95351
0.0 0.18414332
1.0 0.99446577
0.0 0.43327656
0.0 0.52370435
1.0 0.5538708
1.0 0.9778593
1.0 0.8314254
1.0 0.9561816
0.0 0.12192191
1.0 0.32247558
0.0 0.3327388
1.0 0.99348116
1.0 0.9930139
0.0 0.36654252
1.0 0.93873054
1.0 0.98367333
1.0 0.95523435
1.0 0.9725761
1.0 0.9926363
1.0 0.60022837
1.0 0.9954965
0.0 0.83344144
1.0 0.98805875
1.0 0.9633452
1.0 0.99155396
1.0 0.76324207
1.0 0.94911265
1.0 0.9947266
1.0 0.77924854
1.0 0.976067
1.0 0.8422109
1.0 0.8047542
1.0 0.98144996
1.0 0.9527079
1.0 0.9900557
1.0 0.9856001
1.0 0.9890554
1.0 0.9920236
