true vs pred:
1.0 0.5025029
1.0 0.9951733
1.0 0.99798656
1.0 0.99716324
1.0 0.99759066
0.0 0.63736206
1.0 0.95662814
1.0 0.83102286
1.0 0.9962746
0.0 0.13281828
1.0 0.51761466
0.0 0.005447691
1.0 0.9982212
0.0 0.0037733498
0.0 0.0078684045
0.0 0.013611742
1.0 0.9750879
1.0 0.996283
0.0 0.0034416153
0.0 0.006897051
1.0 0.9978404
0.0 0.038641147
1.0 0.99653375
1.0 0.996831
1.0 0.21297729
1.0 0.994041
1.0 0.9980439
1.0 0.9975762
1.0 0.9952768
1.0 0.9982345
0.0 0.0026726641
0.0 0.021190993
0.0 0.010146635
1.0 0.9981483
0.0 0.089711644
1.0 0.9951709
0.0 0.0029040826
1.0 0.9968265
1.0 0.9947648
0.0 0.005778975
0.0 0.50723195
0.0 0.0066546374
0.0 0.021555644
1.0 0.9980421
1.0 0.7338032
1.0 0.99713933
1.0 0.9978745
1.0 0.30897883
0.0 0.011297145
1.0 0.99518615
1.0 0.9962263
0.0 0.002949442
1.0 0.9947279
0.0 0.006354713
1.0 0.40391514
1.0 0.9976629
0.0 0.03796239
0.0 0.73386425
1.0 0.8580523
1.0 0.99796593
1.0 0.99615085
1.0 0.9982868
1.0 0.99819833
1.0 0.99358916
1.0 0.9981007
1.0 0.99815756
0.0 0.0058681276
1.0 0.99421823
0.0 0.54637086
1.0 0.99824166
0.0 0.6592045
0.0 0.017529575
1.0 0.94612956
1.0 0.985656
1.0 0.9976441
1.0 0.9818402
1.0 0.9982278
1.0 0.9887184
1.0 0.96776193
1.0 0.8437717
0.0 0.0030744108
0.0 0.002744509
1.0 0.842893
1.0 0.5336126
0.0 0.0042022117
0.0 0.035666898
0.0 0.004485618
0.0 0.029687522
1.0 0.99715936
0.0 0.0061932513
1.0 0.9834601
1.0 0.9968412
1.0 0.99675685
0.0 0.010413202
1.0 0.99792683
1.0 0.994522
1.0 0.50709754
1.0 0.97691476
0.0 0.52577335
1.0 0.99138594
1.0 0.9959687
1.0 0.72755563
1.0 0.20897047
0.0 0.005447691
1.0 0.99713933
1.0 0.9932371
1.0 0.99764353
0.0 0.05560477
1.0 0.72461164
1.0 0.9968052
1.0 0.99658525
1.0 0.9942918
1.0 0.9982535
1.0 0.99455476
0.0 0.0063182283
1.0 0.9947279
1.0 0.9966061
1.0 0.99814606
1.0 0.98921824
1.0 0.9981048
0.0 0.66810226
1.0 0.81680566
1.0 0.97781277
1.0 0.99762756
0.0 0.69233865
0.0 0.004062541
1.0 0.5753391
1.0 0.9971463
1.0 0.9964993
1.0 0.9982315
0.0 0.0043588025
0.0 0.004420317
0.0 0.76200837
1.0 0.99200445
1.0 0.81103766
1.0 0.9964646
0.0 0.0031555481
0.0 0.15027478
0.0 0.004500511
0.0 0.008570076
1.0 0.9931363
0.0 0.0038033957
0.0 0.004357859
0.0 0.012577526
0.0 0.0052779377
1.0 0.9978509
0.0 0.0038578166
1.0 0.9920542
0.0 0.74115145
0.0 0.014784281
0.0 0.0040017962
1.0 0.99557745
0.0 0.0041293595
1.0 0.995749
1.0 0.97612596
0.0 0.035666898
1.0 0.9975216
0.0 0.021296905
0.0 0.4794869
1.0 0.9978509
0.0 0.012129994
1.0 0.99800676
0.0 0.095859736
0.0 0.25457695
0.0 0.006220803
1.0 0.9956097
0.0 0.037696615
1.0 0.99822515
1.0 0.99763155
0.0 0.012381761
1.0 0.9936148
0.0 0.009073099
0.0 0.0026563029
1.0 0.92054063
1.0 0.9977952
1.0 0.99781007
1.0 0.9975848
0.0 0.051355965
0.0 0.019231988
0.0 0.004004966
1.0 0.9676087
0.0 0.03796239
1.0 0.33283126
1.0 0.99653023
1.0 0.99438804
1.0 0.9963432
1.0 0.16950925
0.0 0.00862296
1.0 0.995089
1.0 0.99701333
1.0 0.9776224
1.0 0.9983529
0.0 0.0055779177
1.0 0.9981958
1.0 0.99776065
1.0 0.9357486
1.0 0.9885926
1.0 0.99405587
0.0 0.051355965
0.0 0.006705168
0.0 0.00816206
0.0 0.0061033764
0.0 0.006088391
0.0 0.005855379
0.0 0.0035254697
0.0 0.95079696
1.0 0.9879672
0.0 0.06731297
0.0 0.74491507
1.0 0.40391514
1.0 0.9949327
1.0 0.99480975
1.0 0.909389
1.0 0.7190347
1.0 0.8639518
1.0 0.5127696
0.0 0.0064253164
1.0 0.9946089
0.0 0.031694572
1.0 0.99267125
1.0 0.9962173
1.0 0.2714117
1.0 0.98763126
1.0 0.99832577
1.0 0.9942894
1.0 0.5431184
1.0 0.99713814
1.0 0.9573666
1.0 0.98833346
1.0 0.99157286
