true vs pred:
1.0 0.96989655
1.0 0.99561405
1.0 0.9795165
1.0 0.9946384
1.0 0.9446214
0.0 0.020783674
1.0 0.99775827
1.0 0.99631196
1.0 0.89914197
0.0 0.980007
0.0 0.88164806
1.0 0.9527584
1.0 0.39141855
1.0 0.99737227
0.0 0.0052873343
1.0 0.9971227
1.0 0.14940141
1.0 0.98815644
0.0 0.011349504
0.0 0.07791325
1.0 0.99656135
1.0 0.99729985
0.0 0.20264453
0.0 0.91310513
1.0 0.9382464
0.0 0.12761377
1.0 0.9962398
1.0 0.9951969
1.0 0.9953868
1.0 0.6646485
1.0 0.9735121
0.0 0.007721785
1.0 0.9894332
1.0 0.99305636
1.0 0.99716765
1.0 0.9553102
0.0 0.083794534
0.0 0.004281246
1.0 0.98140746
0.0 0.0075121736
1.0 0.994549
1.0 0.99663866
1.0 0.7075479
0.0 0.1969928
0.0 0.0056164134
0.0 0.004379984
0.0 0.008437489
0.0 0.74109614
1.0 0.99712783
0.0 0.100104906
1.0 0.95186096
1.0 0.98168856
0.0 0.0077153714
1.0 0.99672323
0.0 0.011615955
1.0 0.36017483
1.0 0.99727637
0.0 0.004690621
1.0 0.9696688
1.0 0.9977381
1.0 0.99550325
1.0 0.99710506
0.0 0.04766696
0.0 0.8348952
0.0 0.0808175
0.0 0.0039226073
1.0 0.99435025
1.0 0.83041334
1.0 0.98727775
1.0 0.99702954
1.0 0.9713538
1.0 0.8221846
0.0 0.0051805507
1.0 0.9393035
1.0 0.9969896
1.0 0.9854358
0.0 0.030101053
1.0 0.9967654
1.0 0.98122174
1.0 0.9613614
0.0 0.08714027
0.0 0.0058264225
1.0 0.9962263
1.0 0.99503005
1.0 0.8145234
0.0 0.13897131
1.0 0.99589276
1.0 0.88256544
1.0 0.9973484
1.0 0.9941223
1.0 0.99638367
0.0 0.09387247
0.0 0.005341374
0.0 0.011357216
1.0 0.9138597
1.0 0.9305523
0.0 0.057568926
1.0 0.99603397
1.0 0.99154836
1.0 0.99259794
1.0 0.9614736
1.0 0.9938877
1.0 0.9976659
0.0 0.014421756
0.0 0.01686564
1.0 0.9914921
1.0 0.99576133
0.0 0.0062587624
0.0 0.29323632
1.0 0.9956096
0.0 0.037679557
0.0 0.6720349
1.0 0.99654824
1.0 0.9965425
1.0 0.99787354
1.0 0.99774444
1.0 0.9963905
1.0 0.7907306
0.0 0.007721785
1.0 0.9857649
0.0 0.617182
1.0 0.9886784
0.0 0.17772879
1.0 0.9958584
0.0 0.0065591666
1.0 0.9404247
1.0 0.99706775
1.0 0.99797696
1.0 0.9954112
0.0 0.011357216
1.0 0.99656796
0.0 0.0130150495
1.0 0.9939027
0.0 0.49832088
0.0 0.008237441
1.0 0.9975032
1.0 0.9972113
1.0 0.399592
1.0 0.8641525
1.0 0.99765235
0.0 0.82817423
1.0 0.9859213
0.0 0.005281702
1.0 0.99776757
0.0 0.11616128
0.0 0.0043211663
1.0 0.9965862
0.0 0.0053848284
1.0 0.99636996
1.0 0.9947813
1.0 0.5089776
1.0 0.1683443
1.0 0.48220822
1.0 0.9971796
0.0 0.021528624
0.0 0.011706942
1.0 0.99670297
1.0 0.99763715
1.0 0.997171
1.0 0.99247193
0.0 0.021528624
1.0 0.99734384
0.0 0.005131825
1.0 0.94106877
1.0 0.9948421
1.0 0.99672323
0.0 0.07773144
1.0 0.99483395
1.0 0.9914921
1.0 0.9961868
0.0 0.003688843
1.0 0.9961726
0.0 0.0043698377
1.0 0.99763083
1.0 0.9939229
1.0 0.99785477
0.0 0.5122667
1.0 0.99712294
1.0 0.9822885
1.0 0.99437666
1.0 0.99820626
0.0 0.005473883
1.0 0.9977969
0.0 0.21996403
1.0 0.99600226
1.0 0.9981444
1.0 0.99609274
1.0 0.5870095
1.0 0.9648483
1.0 0.922569
1.0 0.97721547
0.0 0.0062571014
0.0 0.2526726
1.0 0.6707834
0.0 0.32076475
1.0 0.29228857
1.0 0.9909101
1.0 0.9971584
1.0 0.99492055
1.0 0.996792
0.0 0.2532516
1.0 0.8916757
1.0 0.6594137
1.0 0.9969422
1.0 0.6217373
1.0 0.20381756
0.0 0.009634612
1.0 0.9980228
0.0 0.0075121736
0.0 0.017192865
1.0 0.43794015
1.0 0.92410475
1.0 0.9971221
0.0 0.004127812
0.0 0.027094813
1.0 0.99648905
0.0 0.6569681
1.0 0.99229723
1.0 0.9949751
1.0 0.95199895
1.0 0.9921279
1.0 0.99741626
1.0 0.99614644
1.0 0.99052
1.0 0.9978928
0.0 0.004556064
0.0 0.21996403
0.0 0.07773144
1.0 0.9979651
1.0 0.914571
