true vs pred:
1.0 0.96766627
1.0 0.2854698
1.0 0.9692964
1.0 0.98949873
1.0 0.94604695
0.0 0.7648003
0.0 0.977088
1.0 0.9342205
0.0 0.6528227
1.0 0.98560256
1.0 0.986511
1.0 0.9795303
1.0 0.9660383
1.0 0.985718
1.0 0.9856047
1.0 0.9805275
1.0 0.9081234
1.0 0.9875777
1.0 0.98603696
1.0 0.69942427
1.0 0.8629765
1.0 0.6411806
1.0 0.8504065
1.0 0.8620087
1.0 0.8090593
1.0 0.93155664
1.0 0.74670994
1.0 0.9698364
1.0 0.59482425
1.0 0.32893065
1.0 0.9168044
0.0 0.42632684
1.0 0.98949873
1.0 0.9565221
1.0 0.86171585
1.0 0.9304256
1.0 0.98605484
1.0 0.9335034
0.0 0.65095425
1.0 0.67251706
0.0 0.703452
1.0 0.97779113
1.0 0.9649192
0.0 0.6758402
1.0 0.99043757
1.0 0.92645675
1.0 0.98997706
1.0 0.97819716
1.0 0.98702407
0.0 0.9757936
1.0 0.9800546
1.0 0.9779573
1.0 0.8644799
1.0 0.9168205
1.0 0.9865868
0.0 0.6565702
1.0 0.9865763
0.0 0.47590393
1.0 0.98366404
1.0 0.9724888
0.0 0.4063449
1.0 0.705656
0.0 0.48686105
1.0 0.98221165
1.0 0.9562784
0.0 0.97585166
1.0 0.98366076
1.0 0.9669453
0.0 0.6564921
1.0 0.99009365
1.0 0.8214923
1.0 0.91173923
1.0 0.9823611
1.0 0.92949533
1.0 0.9813906
1.0 0.9789217
1.0 0.985718
1.0 0.9802256
1.0 0.9416311
1.0 0.616554
0.0 0.8277748
1.0 0.98631024
1.0 0.5627787
0.0 0.64182234
1.0 0.9589294
1.0 0.96730953
1.0 0.95854336
1.0 0.96637607
1.0 0.40861169
1.0 0.6865106
0.0 0.937549
1.0 0.9562772
1.0 0.98148245
1.0 0.98645335
1.0 0.8390066
1.0 0.7462396
1.0 0.98381996
1.0 0.9324032
1.0 0.9797609
1.0 0.9786673
1.0 0.965919
1.0 0.8488219
1.0 0.96628577
1.0 0.9748936
1.0 0.9848535
1.0 0.97035056
1.0 0.9246384
1.0 0.94049484
1.0 0.5676872
1.0 0.7575397
1.0 0.9712161
1.0 0.9641729
1.0 0.6600638
1.0 0.9799774
1.0 0.5161078
1.0 0.849079
1.0 0.989808
1.0 0.8972266
1.0 0.53692865
1.0 0.6119199
1.0 0.7522039
1.0 0.9216372
1.0 0.91992664
1.0 0.97191215
1.0 0.5552584
1.0 0.942879
0.0 0.7877176
1.0 0.9786565
0.0 0.5133462
1.0 0.7652139
1.0 0.9844358
0.0 0.5626775
1.0 0.98533857
1.0 0.9654191
1.0 0.9703509
1.0 0.9259308
1.0 0.83715963
1.0 0.7826398
1.0 0.98692304
1.0 0.9825974
1.0 0.9744315
1.0 0.8109279
1.0 0.9879501
0.0 0.7823562
0.0 0.737632
1.0 0.99012744
1.0 0.9740751
0.0 0.78149915
1.0 0.9865064
1.0 0.87246394
1.0 0.72007406
1.0 0.98333144
1.0 0.9169959
1.0 0.94487894
1.0 0.92956907
1.0 0.7503618
0.0 0.5232965
1.0 0.9870961
0.0 0.6648926
1.0 0.9869494
1.0 0.9448414
1.0 0.96483654
1.0 0.9456845
1.0 0.9861196
1.0 0.9816018
1.0 0.9816923
1.0 0.5063745
1.0 0.99050003
1.0 0.9872744
1.0 0.9681193
1.0 0.9810744
1.0 0.9856873
1.0 0.7910996
1.0 0.62867355
0.0 0.90975666
0.0 0.68055576
1.0 0.9676811
1.0 0.9702783
1.0 0.99012744
1.0 0.98869294
1.0 0.5628874
1.0 0.8317175
0.0 0.61544275
1.0 0.9903026
1.0 0.88401246
1.0 0.9823611
1.0 0.9906883
1.0 0.89152527
1.0 0.5784801
1.0 0.79645354
0.0 0.5878543
0.0 0.45866778
1.0 0.98065865
1.0 0.9710831
1.0 0.8798001
0.0 0.734555
1.0 0.9796824
0.0 0.76657337
1.0 0.7340363
1.0 0.9901237
1.0 0.9570598
1.0 0.9801107
0.0 0.5738851
0.0 0.73577684
1.0 0.98084426
1.0 0.98944527
1.0 0.9245548
0.0 0.6696389
1.0 0.9560808
1.0 0.83666545
1.0 0.98702407
0.0 0.7575005
1.0 0.9657904
0.0 0.31483242
0.0 0.3435172
0.0 0.5762042
1.0 0.5600201
0.0 0.60133165
1.0 0.78347784
1.0 0.76804227
0.0 0.42480305
1.0 0.97994137
1.0 0.98869294
1.0 0.93026215
1.0 0.9832896
0.0 0.8044194
1.0 0.9793635
1.0 0.98931307
1.0 0.9857606
1.0 0.38604105
