true vs pred:
1.0 0.9986111
1.0 0.998904
0.0 0.6331967
1.0 0.9418725
1.0 0.99625516
1.0 0.9980799
0.0 0.10124066
1.0 0.99893326
1.0 0.9944074
1.0 0.99869424
0.0 0.09621905
0.0 0.06270734
1.0 0.9937028
0.0 0.045923296
1.0 0.9570232
0.0 0.1814401
1.0 0.9523078
1.0 0.8440094
0.0 0.6133211
1.0 0.9418725
1.0 0.9982394
1.0 0.99495924
1.0 0.9454537
1.0 0.8412714
1.0 0.954366
1.0 0.99880207
0.0 0.066693045
0.0 0.036809817
1.0 0.95694286
1.0 0.9948231
1.0 0.99880207
1.0 0.99891293
1.0 0.95361763
1.0 0.8584928
1.0 0.99670714
0.0 0.048104323
1.0 0.99010044
0.0 0.08557695
1.0 0.99614453
1.0 0.84682536
1.0 0.99827516
1.0 0.98943454
1.0 0.957491
0.0 0.6098152
1.0 0.8421875
1.0 0.9914743
0.0 0.20988025
1.0 0.8584928
1.0 0.99670714
1.0 0.94661695
1.0 0.99419713
1.0 0.957491
0.0 0.08150963
1.0 0.9371414
1.0 0.9522706
0.0 0.05756755
1.0 0.9980799
1.0 0.9941871
0.0 0.047560383
1.0 0.99458164
1.0 0.9454537
0.0 0.6331967
0.0 0.6098152
1.0 0.9988405
1.0 0.9988405
1.0 0.9937028
1.0 0.99484295
1.0 0.99424183
0.0 0.045923296
1.0 0.9941871
1.0 0.99625516
0.0 0.20988025
0.0 0.0815161
1.0 0.99584097
0.0 0.05593808
1.0 0.8412714
1.0 0.99458164
1.0 0.9522706
1.0 0.998904
1.0 0.94980055
1.0 0.9952785
1.0 0.8584928
0.0 0.6175113
0.0 0.0815161
0.0 0.63603336
1.0 0.98943454
1.0 0.9945386
1.0 0.9983346
1.0 0.81642747
1.0 0.83201283
1.0 0.957491
1.0 0.9983347
1.0 0.99869424
1.0 0.8584928
1.0 0.9980799
1.0 0.94431543
1.0 0.9986804
0.0 0.16521546
0.0 0.045551673
1.0 0.99893326
1.0 0.991831
1.0 0.9523078
1.0 0.99625516
1.0 0.8584928
0.0 0.6133211
1.0 0.8285285
1.0 0.9988763
1.0 0.99145585
1.0 0.9986111
1.0 0.9980799
1.0 0.9986111
1.0 0.99495924
0.0 0.0815161
0.0 0.06712268
1.0 0.99827504
1.0 0.99456185
1.0 0.99894243
1.0 0.99873966
0.0 0.18966958
1.0 0.9944074
1.0 0.99827504
1.0 0.99614453
1.0 0.99598527
0.0 0.0646572
1.0 0.8421875
0.0 0.6175113
0.0 0.20988025
1.0 0.99625516
1.0 0.9942919
1.0 0.9944125
1.0 0.99614453
1.0 0.95174056
1.0 0.9963159
0.0 0.6098152
0.0 0.0793146
0.0 0.20988025
0.0 0.6133211
1.0 0.8440094
0.0 0.047560383
1.0 0.83201283
1.0 0.99893326
1.0 0.9437581
1.0 0.99417156
0.0 0.061878003
0.0 0.63603336
1.0 0.99670714
1.0 0.9988495
0.0 0.06712268
0.0 0.69062644
1.0 0.81642747
1.0 0.95361763
1.0 0.99134225
1.0 0.8421875
1.0 0.9914743
1.0 0.95378125
1.0 0.94661695
0.0 0.6417571
0.0 0.047560383
0.0 0.6417571
1.0 0.9944125
1.0 0.9986804
0.0 0.043351695
1.0 0.84682536
1.0 0.8440094
1.0 0.9980799
1.0 0.9988763
0.0 0.066693045
1.0 0.9988495
1.0 0.9988495
1.0 0.9987679
1.0 0.99598527
1.0 0.99147594
1.0 0.9983346
1.0 0.99893814
0.0 0.18002826
0.0 0.048104323
1.0 0.9986111
0.0 0.15689611
1.0 0.99625516
1.0 0.85782677
1.0 0.8421875
1.0 0.9983347
1.0 0.9941871
0.0 0.20988025
0.0 0.6199396
1.0 0.9518999
0.0 0.17284322
1.0 0.9371414
1.0 0.954366
1.0 0.99880207
1.0 0.9959934
0.0 0.08150963
0.0 0.08008367
0.0 0.17684485
1.0 0.9944074
0.0 0.048104323
1.0 0.99010044
1.0 0.9941871
0.0 0.08150963
1.0 0.9986111
0.0 0.17284322
0.0 0.15689611
1.0 0.9522706
1.0 0.9518999
0.0 0.061878003
0.0 0.06712268
0.0 0.06419824
1.0 0.9963159
1.0 0.99810946
1.0 0.9960289
1.0 0.99417156
1.0 0.99827504
1.0 0.9551419
1.0 0.99495924
1.0 0.99880207
1.0 0.9945386
0.0 0.15689611
0.0 0.10373287
1.0 0.9948231
1.0 0.9908702
1.0 0.99419713
1.0 0.9944326
1.0 0.99484295
1.0 0.99472153
1.0 0.99474406
1.0 0.99474406
1.0 0.9908702
0.0 0.6248957
1.0 0.9982515
1.0 0.9945386
0.0 0.05756755
1.0 0.99424183
1.0 0.9454537
1.0 0.99458164
0.0 0.6133211
0.0 0.06419824
0.0 0.08557695
1.0 0.95174056
1.0 0.9484946
1.0 0.9547569
1.0 0.99598527
1.0 0.99456185
0.0 0.6199396
1.0 0.99614453
1.0 0.99893814
0.0 0.1814401
1.0 0.998904
0.0 0.06419824
1.0 0.9454537
1.0 0.9982394
1.0 0.99417156
1.0 0.99584097
0.0 0.0815161
1.0 0.9484946
0.0 0.16521546
1.0 0.95174056
1.0 0.9986804
1.0 0.9986528
1.0 0.99584097
1.0 0.9914743
0.0 0.17309116
1.0 0.8399553
0.0 0.093599714
1.0 0.9371414
1.0 0.99869424
1.0 0.99456185
1.0 0.99625516
0.0 0.04280127
1.0 0.99891293
0.0 0.16521546
0.0 0.6199396
1.0 0.99456185
1.0 0.95174056
1.0 0.998863
1.0 0.99495924
0.0 0.63603336
1.0 0.9914743
1.0 0.99147594
1.0 0.9522706
1.0 0.9454537
0.0 0.63603336
1.0 0.99419713
0.0 0.18966958
1.0 0.99625516
1.0 0.9960289
0.0 0.036809817
1.0 0.99893326
1.0 0.99873966
1.0 0.99424183
1.0 0.9986804
0.0 0.0815161
1.0 0.99419713
0.0 0.10373287
1.0 0.9986804
1.0 0.99881077
1.0 0.98943454
1.0 0.99869424
1.0 0.8399553
1.0 0.9986528
1.0 0.95174056
1.0 0.9961888
0.0 0.17284322
0.0 0.1814401
1.0 0.9982515
1.0 0.98943454
0.0 0.045923296
1.0 0.8421875
1.0 0.9418725
1.0 0.99145585
1.0 0.99881077
1.0 0.95361763
0.0 0.6199396
1.0 0.8412714
1.0 0.9437581
1.0 0.81642747
1.0 0.9484946
1.0 0.99495924
1.0 0.9484946
1.0 0.99810946
0.0 0.18002826
1.0 0.9454537
0.0 0.16521546
0.0 0.0646572
0.0 0.066693045
1.0 0.99419713
0.0 0.06712268
1.0 0.99431205
0.0 0.045551673
1.0 0.94431543
1.0 0.94661695
0.0 0.08557695
1.0 0.8584928
1.0 0.95174056
1.0 0.99054366
1.0 0.99827516
1.0 0.9484946
1.0 0.99456185
0.0 0.0793146
0.0 0.66091126
1.0 0.8421875
0.0 0.08008367
1.0 0.84682536
0.0 0.63603336
1.0 0.9959934
1.0 0.85782677
1.0 0.99484295
1.0 0.99145585
1.0 0.99869424
0.0 0.6098152
0.0 0.04280127
1.0 0.99134225
1.0 0.9900047
1.0 0.9959934
0.0 0.17684485
1.0 0.9963159
1.0 0.9551419
1.0 0.9980799
1.0 0.9944125
1.0 0.99810946
1.0 0.99893814
1.0 0.9983347
1.0 0.8421875
1.0 0.99827504
0.0 0.6417571
1.0 0.9987679
1.0 0.99419713
1.0 0.8584928
1.0 0.9900047
0.0 0.18002826
1.0 0.81642747
1.0 0.99625516
1.0 0.99625516
1.0 0.81642747
1.0 0.99134225
1.0 0.9900047
1.0 0.9986804
1.0 0.94661695
1.0 0.99474406
1.0 0.9942919
1.0 0.9986804
1.0 0.998904
1.0 0.99417156
0.0 0.06712268
0.0 0.06270734
1.0 0.99869424
1.0 0.998904
1.0 0.99134225
1.0 0.99145585
1.0 0.99880207
1.0 0.9986804
1.0 0.99495924
0.0 0.66091126
1.0 0.9983346
0.0 0.047560383
1.0 0.99495924
1.0 0.99419713
1.0 0.9547569
1.0 0.99424183
0.0 0.036809817
0.0 0.06270734
1.0 0.99810946
1.0 0.99614453
1.0 0.99893814
1.0 0.95378125
1.0 0.95361763
1.0 0.9945386
1.0 0.98943454
1.0 0.95174056
1.0 0.99584097
1.0 0.9952785
1.0 0.9961888
1.0 0.99891293
1.0 0.9518999
0.0 0.18002826
0.0 0.06270734
0.0 0.63603336
1.0 0.8440094
1.0 0.957491
0.0 0.6199396
1.0 0.9371414
1.0 0.95361763
0.0 0.08150963
0.0 0.066693045
1.0 0.998863
1.0 0.9551419
0.0 0.17284322
0.0 0.0457353
0.0 0.066693045
1.0 0.84682536
1.0 0.94431543
0.0 0.066693045
0.0 0.69062644
1.0 0.9942919
1.0 0.9983347
0.0 0.16521546
1.0 0.84682536
0.0 0.10124066
1.0 0.99810946
1.0 0.9983347
1.0 0.99873966
0.0 0.05593808
1.0 0.99456185
0.0 0.15689611
1.0 0.9484946
0.0 0.048104323
1.0 0.9983347
1.0 0.99827516
0.0 0.6199396
1.0 0.99893326
1.0 0.8412714
1.0 0.9371414
0.0 0.048104323
1.0 0.99474406
1.0 0.99431205
0.0 0.047560383
0.0 0.045923296
1.0 0.9960289
1.0 0.8584928
0.0 0.06712268
1.0 0.9484946
1.0 0.9551419
1.0 0.94661695
1.0 0.8440094
0.0 0.1814401
0.0 0.045551673
0.0 0.15689611
1.0 0.95378125
1.0 0.9900047
1.0 0.9900047
1.0 0.9963159
0.0 0.20988025
0.0 0.10373287
0.0 0.18002826
0.0 0.06419824
0.0 0.079064466
0.0 0.18002826
1.0 0.9987679
1.0 0.99484295
1.0 0.9518999
1.0 0.99869424
1.0 0.99134225
0.0 0.20988025
1.0 0.9948231
1.0 0.99145585
1.0 0.9986111
1.0 0.99424183
1.0 0.83201283
1.0 0.99472153
1.0 0.99882096
0.0 0.6199396
0.0 0.048104323
1.0 0.99891293
1.0 0.9547569
1.0 0.9944074
1.0 0.99810946
1.0 0.9941579
1.0 0.99054366
0.0 0.66091126
0.0 0.04280127
1.0 0.99894243
1.0 0.99880207
0.0 0.17309116
0.0 0.079064466
1.0 0.94980055
1.0 0.99880207
1.0 0.9963159
1.0 0.99456185
0.0 0.08008367
1.0 0.9982515
1.0 0.9522706
1.0 0.9982394
1.0 0.8584928
0.0 0.061878003
0.0 0.049019113
1.0 0.8421875
1.0 0.99474406
0.0 0.066693045
1.0 0.99495924
0.0 0.09621905
0.0 0.6417571
