true vs pred:
0.0 0.64311236
1.0 0.8406628
1.0 0.58347774
1.0 0.94072294
0.0 0.72842526
1.0 0.8839592
1.0 0.9705654
1.0 0.91138625
1.0 0.90265876
1.0 0.6699939
1.0 0.98317933
1.0 0.98381144
1.0 0.9568537
1.0 0.9056535
1.0 0.92960554
1.0 0.9705654
1.0 0.56211823
1.0 0.51213473
1.0 0.9879831
1.0 0.9611324
1.0 0.58031374
1.0 0.96211386
0.0 0.67662734
0.0 0.6631667
1.0 0.9509851
1.0 0.8866052
1.0 0.9733487
1.0 0.9136923
1.0 0.77336144
1.0 0.93137336
1.0 0.9554419
1.0 0.98937535
1.0 0.96689135
1.0 0.6704344
0.0 0.46076822
0.0 0.65206563
0.0 0.6315839
1.0 0.96689135
1.0 0.4622499
1.0 0.88233376
0.0 0.5989047
1.0 0.9487407
1.0 0.9891601
1.0 0.6256172
0.0 0.86892885
0.0 0.60660404
0.0 0.6162776
1.0 0.9544358
1.0 0.8712621
0.0 0.47898608
1.0 0.94364166
0.0 0.48037055
1.0 0.7458972
0.0 0.35440117
1.0 0.9537664
1.0 0.9784453
1.0 0.9267757
1.0 0.7158275
1.0 0.86079127
1.0 0.9882234
1.0 0.64172214
1.0 0.9701647
1.0 0.90847546
1.0 0.8991303
1.0 0.9126528
1.0 0.4777963
1.0 0.95056707
1.0 0.5560719
1.0 0.9426399
1.0 0.9502828
1.0 0.97869235
0.0 0.5123336
0.0 0.5435872
1.0 0.9564326
1.0 0.97842455
1.0 0.9430394
0.0 0.71125585
1.0 0.79017746
1.0 0.9392373
1.0 0.6259509
1.0 0.9878606
0.0 0.84834987
0.0 0.6231742
1.0 0.9658609
1.0 0.3077623
1.0 0.95925903
1.0 0.9044691
0.0 0.5925878
0.0 0.83579755
1.0 0.95715237
1.0 0.6158429
1.0 0.716776
1.0 0.98381144
0.0 0.8775764
0.0 0.779494
0.0 0.55349624
1.0 0.9523027
1.0 0.98896736
1.0 0.9520761
1.0 0.77972883
1.0 0.94707423
1.0 0.38196942
1.0 0.6816633
1.0 0.98418266
1.0 0.62587476
1.0 0.89326006
1.0 0.9210913
0.0 0.7060327
1.0 0.9875814
1.0 0.97601706
1.0 0.7942578
1.0 0.91288394
1.0 0.8577415
1.0 0.4803573
1.0 0.78191555
1.0 0.9818596
1.0 0.95056707
1.0 0.95190656
1.0 0.8490249
0.0 0.5053643
0.0 0.7812599
1.0 0.9503409
1.0 0.98442113
1.0 0.93916965
1.0 0.9678982
1.0 0.64161587
1.0 0.8673108
1.0 0.74928355
0.0 0.5468969
1.0 0.6779959
1.0 0.96110874
1.0 0.9571677
1.0 0.98267025
1.0 0.92012686
1.0 0.62844235
1.0 0.932397
1.0 0.93427485
0.0 0.5240605
0.0 0.34425405
0.0 0.70990175
1.0 0.75065213
1.0 0.5581223
1.0 0.98898774
1.0 0.9748651
1.0 0.9503614
1.0 0.81578004
1.0 0.9898106
1.0 0.8963062
0.0 0.7990854
0.0 0.59578323
1.0 0.96898276
0.0 0.56582195
1.0 0.9467477
1.0 0.7679274
1.0 0.95515275
1.0 0.95705444
1.0 0.80234534
0.0 0.6395783
1.0 0.5693175
1.0 0.9757057
1.0 0.6841063
1.0 0.72220194
1.0 0.55634004
1.0 0.80750996
1.0 0.4790999
1.0 0.5209187
1.0 0.84893715
1.0 0.7754829
1.0 0.8027675
1.0 0.8626492
1.0 0.97286135
1.0 0.9783943
1.0 0.96725816
1.0 0.7486999
1.0 0.59692836
1.0 0.8265293
1.0 0.7752467
0.0 0.8130667
1.0 0.8281039
1.0 0.9499393
1.0 0.72565687
1.0 0.95934385
1.0 0.9725308
0.0 0.6105133
1.0 0.98391205
1.0 0.9351439
1.0 0.9896269
1.0 0.98668253
1.0 0.98620266
1.0 0.5169498
0.0 0.7423368
1.0 0.96027577
1.0 0.5215357
1.0 0.9384209
1.0 0.9682547
0.0 0.5439097
1.0 0.97601706
1.0 0.514687
1.0 0.49801153
1.0 0.87210447
1.0 0.98311746
1.0 0.82018024
1.0 0.95719
0.0 0.73310536
1.0 0.8192467
1.0 0.4940802
1.0 0.8751227
1.0 0.9792545
1.0 0.85090977
1.0 0.98267025
1.0 0.70747477
1.0 0.9860902
1.0 0.9741771
1.0 0.7545938
1.0 0.8369803
1.0 0.92142934
0.0 0.5075411
1.0 0.85134304
1.0 0.45126098
1.0 0.84141636
1.0 0.9728224
1.0 0.7004169
1.0 0.90633667
1.0 0.9821472
1.0 0.86229354
1.0 0.97286135
1.0 0.94445395
1.0 0.7984539
1.0 0.5877271
0.0 0.7828819
