true vs pred:
1.0 0.9989385
1.0 0.9996661
1.0 0.9977113
1.0 0.9995041
1.0 0.9948896
1.0 0.9661849
1.0 0.9510187
1.0 0.9962591
1.0 0.94408864
1.0 0.97221786
1.0 0.94408864
1.0 0.95963883
1.0 0.9989779
1.0 0.9539964
1.0 0.9993943
1.0 0.99779874
1.0 0.99969697
1.0 0.9776589
1.0 0.9560925
1.0 0.99831104
1.0 0.96368855
1.0 0.99837166
1.0 0.98690367
1.0 0.99830246
1.0 0.995994
1.0 0.99534094
1.0 0.9886674
1.0 0.9886674
1.0 0.99763167
1.0 0.998953
1.0 0.99967
1.0 0.9989779
1.0 0.9448044
1.0 0.99772245
1.0 0.9979158
1.0 0.9948896
1.0 0.9989779
1.0 0.99384695
1.0 0.9510187
1.0 0.99965024
1.0 0.99965274
1.0 0.99969697
1.0 0.9996629
1.0 0.99384695
1.0 0.9973719
1.0 0.99830246
1.0 0.9861544
1.0 0.96043587
1.0 0.9991872
1.0 0.99830246
1.0 0.99937147
1.0 0.98514855
1.0 0.9948896
1.0 0.9886674
1.0 0.9993943
1.0 0.9965024
1.0 0.9983109
1.0 0.95524246
1.0 0.99831104
1.0 0.9886674
1.0 0.99808025
1.0 0.99779874
1.0 0.9965753
1.0 0.98085093
1.0 0.975019
1.0 0.99772245
1.0 0.9738545
1.0 0.9991093
1.0 0.9988932
1.0 0.9748395
1.0 0.9457559
1.0 0.9609601
1.0 0.9988881
1.0 0.975019
1.0 0.99831104
1.0 0.94988376
1.0 0.96016353
1.0 0.9956468
1.0 0.9528923
1.0 0.9994692
1.0 0.9965024
1.0 0.94765854
1.0 0.9981749
1.0 0.99969697
1.0 0.99772245
1.0 0.954467
1.0 0.9573418
1.0 0.99944276
1.0 0.99919957
1.0 0.99831104
1.0 0.9945134
1.0 0.99837166
1.0 0.9590784
1.0 0.98690367
1.0 0.9361763
1.0 0.99534094
1.0 0.99763167
1.0 0.9952324
1.0 0.9738545
1.0 0.9887843
1.0 0.9839295
1.0 0.99944276
1.0 0.96043587
1.0 0.9959336
1.0 0.9640171
1.0 0.9962591
1.0 0.9993943
1.0 0.9942756
1.0 0.9592902
1.0 0.97123903
1.0 0.9979158
1.0 0.94009006
1.0 0.9638644
1.0 0.998953
1.0 0.9989385
1.0 0.9956468
1.0 0.99967
1.0 0.98690367
1.0 0.9959336
1.0 0.9951349
1.0 0.99830246
1.0 0.9590784
1.0 0.9527244
1.0 0.958032
1.0 0.96458066
1.0 0.99779874
1.0 0.9996773
1.0 0.99937147
1.0 0.9996629
1.0 0.99534094
1.0 0.9539964
1.0 0.96229327
1.0 0.96043587
1.0 0.99919957
1.0 0.9965024
1.0 0.999323
1.0 0.99763167
1.0 0.9992581
1.0 0.9473547
1.0 0.99779874
1.0 0.94009006
1.0 0.95524246
1.0 0.9993344
1.0 0.999647
1.0 0.9989385
1.0 0.99937147
1.0 0.94157517
1.0 0.9996629
1.0 0.9866919
1.0 0.9887843
1.0 0.954467
1.0 0.99965024
1.0 0.96368855
1.0 0.9989779
1.0 0.9592902
1.0 0.9986242
1.0 0.99965274
1.0 0.96043587
1.0 0.98085093
1.0 0.97123903
1.0 0.995994
1.0 0.94009006
1.0 0.998862
1.0 0.99582064
1.0 0.9945134
1.0 0.9630296
1.0 0.9866919
1.0 0.9585632
1.0 0.9539964
1.0 0.9590784
1.0 0.9992581
1.0 0.9539964
1.0 0.9982759
1.0 0.9989385
1.0 0.9757007
1.0 0.999426
1.0 0.95963883
1.0 0.9991872
1.0 0.9956468
1.0 0.9473547
1.0 0.9949301
1.0 0.9992086
1.0 0.98690367
1.0 0.9887843
1.0 0.96627295
1.0 0.9994692
1.0 0.9989779
1.0 0.9713218
1.0 0.9996847
1.0 0.9986964
1.0 0.94009006
1.0 0.9983109
1.0 0.98085093
1.0 0.99919957
1.0 0.9839295
1.0 0.9748395
1.0 0.9986964
1.0 0.9992349
1.0 0.96575415
1.0 0.9973719
1.0 0.99763167
1.0 0.9959336
1.0 0.9560925
1.0 0.9585632
1.0 0.94157517
1.0 0.9986242
1.0 0.9945134
1.0 0.9991872
1.0 0.9586398
1.0 0.99831104
1.0 0.9994692
1.0 0.9992293
1.0 0.94988376
1.0 0.958032
1.0 0.9585632
1.0 0.9945134
1.0 0.9948257
1.0 0.9640171
1.0 0.9965753
1.0 0.9586398
1.0 0.9956468
1.0 0.96458066
1.0 0.9638644
1.0 0.9866919
1.0 0.9539964
1.0 0.99969995
1.0 0.99808025
1.0 0.96368855
1.0 0.988313
1.0 0.99967
1.0 0.9993548
1.0 0.9866919
1.0 0.97647697
1.0 0.97608507
1.0 0.9996629
1.0 0.9949301
1.0 0.999426
1.0 0.9991824
1.0 0.95963883
1.0 0.9996773
1.0 0.99969995
1.0 0.98690367
1.0 0.9983109
1.0 0.9948896
1.0 0.99919885
1.0 0.9448044
1.0 0.958032
1.0 0.9609601
1.0 0.975019
1.0 0.9948257
1.0 0.9979778
1.0 0.99919957
1.0 0.99965274
1.0 0.996219
1.0 0.99919885
1.0 0.9996661
1.0 0.99841404
1.0 0.9986242
1.0 0.9861544
1.0 0.98690367
1.0 0.995271
1.0 0.9981749
1.0 0.99965024
1.0 0.9945134
1.0 0.9993344
1.0 0.97647697
1.0 0.99937147
1.0 0.99893814
1.0 0.98325354
1.0 0.9988808
1.0 0.99534094
1.0 0.995994
1.0 0.99837166
1.0 0.9726261
1.0 0.96016353
1.0 0.95524246
1.0 0.9986368
1.0 0.9521879
1.0 0.9630296
1.0 0.9991824
1.0 0.99944276
1.0 0.9977113
1.0 0.9361763
1.0 0.998862
1.0 0.9638644
1.0 0.9993344
1.0 0.98085093
1.0 0.9585632
1.0 0.9983109
1.0 0.9609601
1.0 0.9942756
1.0 0.9979158
1.0 0.9988808
1.0 0.9993344
1.0 0.9945134
1.0 0.99944276
1.0 0.94157517
1.0 0.96368855
1.0 0.9996847
1.0 0.9993943
1.0 0.9993344
1.0 0.9948257
1.0 0.9861544
1.0 0.9945134
1.0 0.9991872
1.0 0.9510187
1.0 0.9983109
1.0 0.9996847
1.0 0.99830246
1.0 0.9658117
1.0 0.9949301
1.0 0.99808025
1.0 0.975019
1.0 0.9951349
1.0 0.9992293
1.0 0.9658117
1.0 0.9996847
1.0 0.99582064
1.0 0.9992207
1.0 0.9988808
1.0 0.95524246
1.0 0.975019
1.0 0.94988376
1.0 0.99967
1.0 0.99937147
1.0 0.9638644
1.0 0.99582064
1.0 0.99893814
1.0 0.9664266
1.0 0.9989427
1.0 0.9986964
1.0 0.9886674
1.0 0.9962591
1.0 0.9738545
1.0 0.998953
1.0 0.95415366
1.0 0.9839295
1.0 0.954523
1.0 0.9948257
1.0 0.9992293
1.0 0.9630296
1.0 0.98690367
1.0 0.9994197
1.0 0.99919885
1.0 0.9946761
1.0 0.9448044
1.0 0.98514855
1.0 0.99937147
1.0 0.99969995
1.0 0.999323
1.0 0.99969697
1.0 0.954467
1.0 0.97123903
1.0 0.958032
1.0 0.9992293
1.0 0.9981749
1.0 0.95963883
1.0 0.9946761
1.0 0.9993548
1.0 0.9986242
1.0 0.9973719
1.0 0.9361763
1.0 0.95524246
1.0 0.954467
1.0 0.9956468
1.0 0.9713218
1.0 0.9609601
1.0 0.9560925
1.0 0.94408864
1.0 0.96229327
1.0 0.999426
1.0 0.9776589
1.0 0.9664266
1.0 0.95415366
1.0 0.9992086
1.0 0.99384695
1.0 0.9748395
1.0 0.9680778
1.0 0.9973719
1.0 0.9661849
1.0 0.9991093
1.0 0.99919885
1.0 0.998862
1.0 0.99969995
1.0 0.9996661
1.0 0.9680778
1.0 0.9996661
1.0 0.99919957
1.0 0.9539964
1.0 0.95963883
1.0 0.98325354
1.0 0.9993344
1.0 0.9986242
1.0 0.98085093
1.0 0.99919885
1.0 0.9981749
1.0 0.9983273
1.0 0.98690367
1.0 0.99965274
1.0 0.9996629
1.0 0.99965024
1.0 0.9973719
1.0 0.9973719
1.0 0.9510187
1.0 0.9640171
1.0 0.99919957
1.0 0.95963883
1.0 0.9965753
1.0 0.9887843
1.0 0.96058154
1.0 0.9457559
1.0 0.9993548
1.0 0.9996847
1.0 0.99937147
1.0 0.9989779
1.0 0.9630296
1.0 0.9948896
1.0 0.96627295
1.0 0.99919885
1.0 0.95337725
1.0 0.9776589
1.0 0.975019
1.0 0.99919957
1.0 0.96229327
1.0 0.99919957
1.0 0.9457559
1.0 0.995271
1.0 0.9839295
1.0 0.9361763
1.0 0.96043587
1.0 0.999647
1.0 0.999426
1.0 0.9661849
1.0 0.98325354
1.0 0.9948896
1.0 0.9993344
1.0 0.98690367
1.0 0.9994197
1.0 0.954467
1.0 0.9994692
1.0 0.9578193
1.0 0.99965274
1.0 0.98085093
1.0 0.99969697
1.0 0.9988881
1.0 0.995994
1.0 0.99534094
1.0 0.995994
1.0 0.99802184
1.0 0.9946761
1.0 0.95337725
1.0 0.999323
1.0 0.9457559
1.0 0.9713218
1.0 0.96368855
1.0 0.9630296
1.0 0.9994692
1.0 0.9996847
1.0 0.99763167
1.0 0.9994197
1.0 0.9609601
1.0 0.94988376
1.0 0.99944276
1.0 0.9942756
1.0 0.9989779
1.0 0.97647697
1.0 0.99965274
1.0 0.9448044
1.0 0.9738545
1.0 0.9609601
1.0 0.9962591
1.0 0.9965024
1.0 0.9586398
1.0 0.9986368
1.0 0.9661849
1.0 0.99831104
1.0 0.99944276
1.0 0.9457559
1.0 0.9748395
1.0 0.9952324
1.0 0.9699047
1.0 0.99779874
1.0 0.9573418
1.0 0.9590784
1.0 0.94157517
1.0 0.9585632
1.0 0.9473547
1.0 0.99919957
1.0 0.9485048
1.0 0.9738545
1.0 0.9640171
1.0 0.999426
1.0 0.94157517
1.0 0.995271
1.0 0.9861544
1.0 0.99942434
1.0 0.9861544
1.0 0.9946761
1.0 0.9986242
1.0 0.9592902
1.0 0.94009006
1.0 0.9521879
1.0 0.9973719
1.0 0.9578193
1.0 0.9713218
1.0 0.97647697
1.0 0.9996847
1.0 0.9986242
1.0 0.99965274
1.0 0.9361763
1.0 0.9989385
1.0 0.99831104
1.0 0.99893814
1.0 0.9979778
1.0 0.9956468
1.0 0.99534094
1.0 0.995271
1.0 0.999647
1.0 0.9991824
1.0 0.9996629
