true vs pred:
1.0 0.999879
1.0 0.9984268
1.0 0.9984629
1.0 0.999863
1.0 0.9995881
1.0 0.9996184
1.0 0.9996753
1.0 0.9991787
1.0 0.9996184
1.0 0.99691015
1.0 0.9996049
1.0 0.9995881
1.0 0.9994722
1.0 0.9986051
1.0 0.99988735
1.0 0.9995023
1.0 0.99968076
1.0 0.9995777
1.0 0.9996753
1.0 0.9997024
1.0 0.9986058
1.0 0.99986553
1.0 0.999569
1.0 0.99986327
1.0 0.99982506
1.0 0.99972504
1.0 0.99983275
1.0 0.9998292
1.0 0.99965966
1.0 0.9986051
1.0 0.9992847
1.0 0.99970406
1.0 0.999569
1.0 0.99972504
1.0 0.9998424
1.0 0.9995121
1.0 0.99988735
1.0 0.999876
1.0 0.999811
1.0 0.99989307
1.0 0.999569
1.0 0.999501
1.0 0.9989004
1.0 0.9996494
1.0 0.9998293
1.0 0.999879
1.0 0.99986553
1.0 0.99921656
1.0 0.99977845
1.0 0.99981946
1.0 0.9997459
1.0 0.9995023
1.0 0.9998523
1.0 0.9995291
1.0 0.99918395
1.0 0.999724
1.0 0.9985709
1.0 0.99977845
1.0 0.99986327
1.0 0.9997023
1.0 0.9994758
1.0 0.9996068
1.0 0.999569
1.0 0.9997911
1.0 0.99969554
1.0 0.9998099
1.0 0.99976045
1.0 0.9996288
1.0 0.99982506
1.0 0.9998523
1.0 0.99973613
1.0 0.99947804
1.0 0.9995881
1.0 0.9998884
1.0 0.9994485
1.0 0.99955875
1.0 0.99977416
1.0 0.9988141
1.0 0.9994307
1.0 0.9997024
1.0 0.9996381
1.0 0.99977654
1.0 0.99947804
1.0 0.9986186
1.0 0.99973613
1.0 0.9995023
1.0 0.9996381
1.0 0.9997024
1.0 0.9995297
1.0 0.99970055
1.0 0.9984629
1.0 0.999522
1.0 0.9996357
1.0 0.99701834
1.0 0.9984629
1.0 0.99969554
1.0 0.99972385
1.0 0.9994307
1.0 0.9998292
1.0 0.99955875
1.0 0.999811
1.0 0.9986058
1.0 0.9984629
1.0 0.99965966
1.0 0.9994758
1.0 0.9995152
1.0 0.9995023
1.0 0.99976283
1.0 0.9998029
1.0 0.99928683
1.0 0.9998292
1.0 0.99977654
1.0 0.9996357
1.0 0.99975854
1.0 0.99988735
1.0 0.9991787
1.0 0.9984629
1.0 0.99903095
1.0 0.9986051
1.0 0.9998122
1.0 0.99982136
1.0 0.99965966
1.0 0.9997031
1.0 0.9994111
1.0 0.99942684
1.0 0.9994758
1.0 0.99946004
1.0 0.99981946
1.0 0.9998747
1.0 0.9994111
1.0 0.9998424
1.0 0.99986553
1.0 0.9998099
1.0 0.99968815
1.0 0.99986327
1.0 0.9996984
1.0 0.999811
1.0 0.9994523
1.0 0.9984629
1.0 0.9995881
1.0 0.99973017
1.0 0.9995086
1.0 0.99981946
1.0 0.9994523
1.0 0.9995086
1.0 0.9996681
1.0 0.9996288
1.0 0.99973613
1.0 0.9992847
1.0 0.9975763
1.0 0.99920636
1.0 0.9994597
1.0 0.999065
1.0 0.99977726
1.0 0.999785
1.0 0.99943906
1.0 0.9998795
1.0 0.99966633
1.0 0.9997024
1.0 0.9998204
1.0 0.99946004
1.0 0.9996221
1.0 0.99965227
1.0 0.9996537
1.0 0.9994523
1.0 0.9996381
1.0 0.9996381
1.0 0.999724
1.0 0.999065
1.0 0.99977845
1.0 0.9995297
1.0 0.99691015
1.0 0.99976283
1.0 0.99701834
1.0 0.9984125
1.0 0.9996184
1.0 0.9996068
1.0 0.99977726
1.0 0.99923813
1.0 0.9997794
1.0 0.99928683
1.0 0.9986058
1.0 0.9985709
1.0 0.99986553
1.0 0.9995881
1.0 0.9995121
1.0 0.99920636
1.0 0.9995297
1.0 0.99976283
1.0 0.99980015
1.0 0.9996265
1.0 0.9996984
1.0 0.99976283
1.0 0.99965227
1.0 0.9998099
1.0 0.9973822
1.0 0.999876
1.0 0.99961925
1.0 0.999863
1.0 0.9973822
1.0 0.9985751
1.0 0.9998523
1.0 0.999522
1.0 0.99969554
1.0 0.99975044
1.0 0.99977416
1.0 0.99965227
1.0 0.99977416
1.0 0.99834764
1.0 0.9996681
1.0 0.999501
1.0 0.99976283
1.0 0.9996984
1.0 0.99972385
1.0 0.9996681
1.0 0.99946004
1.0 0.999785
1.0 0.9998523
1.0 0.9994722
1.0 0.9998293
1.0 0.99966633
1.0 0.99938834
1.0 0.9994486
1.0 0.9997794
1.0 0.9997024
1.0 0.9996068
1.0 0.99943906
1.0 0.99916923
1.0 0.99947804
1.0 0.9998122
1.0 0.9998122
1.0 0.9992187
1.0 0.99977726
1.0 0.9996984
1.0 0.9997024
1.0 0.99955875
1.0 0.999724
1.0 0.99983275
1.0 0.9995875
1.0 0.9998292
1.0 0.9998523
1.0 0.9986058
1.0 0.99938834
1.0 0.9998204
1.0 0.9973822
1.0 0.99973613
1.0 0.999811
1.0 0.99968815
1.0 0.9997459
1.0 0.9994722
1.0 0.9979018
1.0 0.9975763
1.0 0.99961925
1.0 0.9994722
1.0 0.99982136
1.0 0.9985709
1.0 0.99965227
1.0 0.99980015
1.0 0.9998543
1.0 0.9996265
1.0 0.9996537
1.0 0.99942684
1.0 0.99970406
1.0 0.9995246
1.0 0.9975763
1.0 0.9997794
1.0 0.9996971
1.0 0.99982506
1.0 0.9996068
1.0 0.9995864
1.0 0.9986186
1.0 0.9997863
1.0 0.9998884
1.0 0.99973017
1.0 0.9984268
1.0 0.999811
1.0 0.9996537
1.0 0.99956185
1.0 0.99986553
1.0 0.9995777
1.0 0.99973017
1.0 0.9986186
1.0 0.99928683
1.0 0.9994523
1.0 0.99834764
1.0 0.9994307
1.0 0.99916923
1.0 0.9984125
1.0 0.9994765
1.0 0.9994486
1.0 0.9998099
1.0 0.99965227
1.0 0.9995875
1.0 0.99973613
1.0 0.9986186
1.0 0.9984268
1.0 0.99886763
1.0 0.99970406
1.0 0.9991787
1.0 0.99918395
1.0 0.9994722
1.0 0.99982506
1.0 0.9996984
1.0 0.9998099
1.0 0.999689
1.0 0.9992187
1.0 0.99923813
1.0 0.99921656
1.0 0.999522
1.0 0.9996681
1.0 0.99976283
1.0 0.9996537
1.0 0.99982136
1.0 0.9998523
1.0 0.99987054
1.0 0.9998523
1.0 0.99977845
1.0 0.99970055
1.0 0.99701834
1.0 0.9995121
1.0 0.9996265
1.0 0.99691015
1.0 0.9998355
1.0 0.99989307
1.0 0.99965966
1.0 0.9986051
1.0 0.9996221
1.0 0.999689
1.0 0.9995875
1.0 0.9996221
1.0 0.99691015
1.0 0.99960476
1.0 0.9979018
1.0 0.99903095
1.0 0.9995864
1.0 0.999689
1.0 0.9995152
1.0 0.9997254
1.0 0.9996357
1.0 0.99834764
1.0 0.99960476
1.0 0.9997024
1.0 0.99982506
1.0 0.99965227
1.0 0.9988141
1.0 0.9998884
1.0 0.99975044
1.0 0.9995875
1.0 0.99968076
1.0 0.9998122
1.0 0.9992187
1.0 0.99988735
1.0 0.9997031
1.0 0.9997459
1.0 0.99964404
1.0 0.99965227
1.0 0.99965227
1.0 0.9984125
1.0 0.99968815
1.0 0.9996288
1.0 0.9985709
1.0 0.9997693
1.0 0.99968076
1.0 0.999689
1.0 0.9996068
1.0 0.99965966
1.0 0.99965966
1.0 0.9997558
1.0 0.999785
1.0 0.9997558
1.0 0.999863
1.0 0.9996265
1.0 0.9998355
1.0 0.99965227
1.0 0.9979018
1.0 0.9995777
1.0 0.9995297
1.0 0.99928683
1.0 0.9997459
1.0 0.99947804
1.0 0.999501
1.0 0.9995246
1.0 0.9985709
1.0 0.9996184
1.0 0.99975044
1.0 0.9996381
1.0 0.9997031
1.0 0.9996184
1.0 0.99986553
1.0 0.999446
1.0 0.99977726
1.0 0.9998543
1.0 0.9997254
1.0 0.99965227
1.0 0.9996984
1.0 0.99691015
1.0 0.9997794
1.0 0.99977654
1.0 0.9995881
1.0 0.9996681
1.0 0.99923813
1.0 0.9984125
1.0 0.99965227
1.0 0.9995875
1.0 0.99965227
1.0 0.99977416
1.0 0.99943906
1.0 0.999569
1.0 0.99986553
1.0 0.9996381
1.0 0.9997929
1.0 0.999876
1.0 0.999065
1.0 0.9996984
1.0 0.99965227
1.0 0.9997024
1.0 0.9996984
1.0 0.99904305
1.0 0.9995023
1.0 0.9997031
1.0 0.9986186
1.0 0.9995297
1.0 0.9996681
1.0 0.99942684
1.0 0.9997031
1.0 0.9995777
1.0 0.99916923
1.0 0.9998355
1.0 0.9997863
1.0 0.9984125
1.0 0.99968076
1.0 0.9998884
1.0 0.99977845
1.0 0.99965966
1.0 0.99977654
1.0 0.9997278
1.0 0.9994485
1.0 0.9998795
1.0 0.9997353
1.0 0.9997794
1.0 0.99982506
1.0 0.99966633
1.0 0.999724
1.0 0.9979018
1.0 0.999689
1.0 0.9997863
1.0 0.99968815
1.0 0.99947804
1.0 0.9997024
1.0 0.99904305
1.0 0.99960476
1.0 0.9989004
1.0 0.9995246
1.0 0.9997558
1.0 0.99986327
1.0 0.99928683
1.0 0.9984629
1.0 0.99886763
1.0 0.9997254
1.0 0.99983275
1.0 0.9997794
1.0 0.9995864
1.0 0.99903095
1.0 0.999811
1.0 0.9995121
1.0 0.9973822
1.0 0.999863
1.0 0.9996357
1.0 0.99942684
1.0 0.9996984
1.0 0.99986553
1.0 0.99904305
1.0 0.9994111
1.0 0.9998355
1.0 0.9996221
1.0 0.99920636
1.0 0.9996681
1.0 0.999876
1.0 0.9998029
1.0 0.9995246
1.0 0.99886763
1.0 0.9996381
1.0 0.99701834
1.0 0.99943906
1.0 0.99955875
1.0 0.99987054
1.0 0.999569
1.0 0.9985751
1.0 0.9998543
1.0 0.99972385
1.0 0.99975854
1.0 0.9996221
1.0 0.99987054
1.0 0.99960476
1.0 0.9996381
1.0 0.9997353
1.0 0.9998543
1.0 0.9994758
1.0 0.9995297
1.0 0.9997558
1.0 0.9998292
1.0 0.99977726
1.0 0.99969554
1.0 0.9996184
1.0 0.99961925
1.0 0.99977726
1.0 0.99923813
1.0 0.9994307
1.0 0.99977654
1.0 0.9994111
1.0 0.99916923
1.0 0.9997911
1.0 0.9996681
1.0 0.99983275
1.0 0.9997023
1.0 0.99834764
1.0 0.99982136
1.0 0.99960476
1.0 0.9991787
1.0 0.9987214
