true vs pred:
1.0 0.99847966
1.0 0.99828833
1.0 0.9985411
1.0 0.9967073
1.0 0.99849343
1.0 0.9982957
1.0 0.98819834
1.0 0.9913833
0.0 0.017000802
1.0 0.99659806
1.0 0.99860114
1.0 0.9988065
1.0 0.99836093
0.0 0.02116835
1.0 0.90923023
0.0 0.0025895627
1.0 0.99877805
0.0 0.011103924
1.0 0.99350196
1.0 0.90321517
1.0 0.99876046
1.0 0.99864274
1.0 0.9964534
1.0 0.99786997
0.0 0.007672995
1.0 0.9986964
0.0 0.0019909847
1.0 0.9988141
1.0 0.9987754
1.0 0.9964617
1.0 0.99809784
1.0 0.99428284
1.0 0.97350013
1.0 0.9984896
1.0 0.7881466
1.0 0.9986767
1.0 0.99874663
1.0 0.99882644
1.0 0.99868625
1.0 0.9988181
1.0 0.997775
1.0 0.99717253
0.0 0.002379494
1.0 0.998607
1.0 0.998774
1.0 0.9631856
1.0 0.9944061
0.0 0.0059215715
1.0 0.99788266
1.0 0.9974674
1.0 0.99877626
1.0 0.99811804
1.0 0.9987424
1.0 0.99264926
1.0 0.9970931
0.0 0.027940234
1.0 0.99877435
1.0 0.9988311
1.0 0.9985776
1.0 0.99882907
1.0 0.76042974
0.0 0.004490228
1.0 0.9986627
0.0 0.0064550773
1.0 0.28592938
0.0 0.030357571
1.0 0.9986957
1.0 0.99886024
0.0 0.041773297
1.0 0.9987318
1.0 0.99867415
1.0 0.9955551
1.0 0.9964964
1.0 0.9988232
1.0 0.99874616
0.0 0.012040045
0.0 0.0062200516
1.0 0.9983637
1.0 0.9984067
1.0 0.88195795
1.0 0.99846387
0.0 0.09929698
1.0 0.99838054
1.0 0.99864405
1.0 0.998844
0.0 0.6857153
1.0 0.9987721
1.0 0.99885964
1.0 0.99840385
1.0 0.9718418
1.0 0.89779675
1.0 0.9986084
1.0 0.9987557
1.0 0.9988218
0.0 0.004239195
1.0 0.9971558
1.0 0.9982584
1.0 0.92934316
1.0 0.9988206
1.0 0.9425542
1.0 0.9988367
1.0 0.99849486
1.0 0.9987394
1.0 0.9973242
1.0 0.99863064
0.0 0.033181146
0.0 0.040425844
1.0 0.9979693
0.0 0.007814816
1.0 0.9934176
1.0 0.998825
1.0 0.99753904
1.0 0.99840385
1.0 0.99877113
0.0 0.37381935
1.0 0.8320165
0.0 0.020724805
1.0 0.8452566
1.0 0.83823293
0.0 0.012100318
1.0 0.985564
1.0 0.99811685
1.0 0.99692106
1.0 0.9988287
1.0 0.968436
1.0 0.9969382
1.0 0.9873251
0.0 0.08710091
1.0 0.9959353
1.0 0.38546523
1.0 0.99877113
1.0 0.9984762
1.0 0.9986761
1.0 0.9978859
1.0 0.99701023
1.0 0.9876559
1.0 0.99848145
1.0 0.9987558
1.0 0.9879098
1.0 0.9988348
1.0 0.97281116
1.0 0.9975599
1.0 0.98710257
0.0 0.006192793
1.0 0.99878174
1.0 0.9986148
1.0 0.94869536
1.0 0.99883586
1.0 0.99859434
1.0 0.9804539
1.0 0.995871
1.0 0.9988311
1.0 0.99871945
1.0 0.9974132
1.0 0.9451113
1.0 0.19875048
1.0 0.99664485
1.0 0.96269155
1.0 0.99541414
1.0 0.9980647
1.0 0.99699235
1.0 0.9988236
0.0 0.10724889
0.0 0.058912743
1.0 0.9951538
1.0 0.99873966
1.0 0.9987477
1.0 0.9945432
1.0 0.9887278
1.0 0.98206514
1.0 0.9988312
1.0 0.977232
1.0 0.7146356
1.0 0.9987268
1.0 0.9930046
1.0 0.9975956
1.0 0.99193513
1.0 0.99728405
1.0 0.9988299
1.0 0.9987649
1.0 0.9987783
1.0 0.99757534
1.0 0.99876827
0.0 0.008978082
0.0 0.006680721
1.0 0.9987197
1.0 0.998615
1.0 0.9665908
1.0 0.9988267
1.0 0.99744046
1.0 0.99862504
1.0 0.9985898
1.0 0.9926402
0.0 0.40948364
1.0 0.9980714
1.0 0.99787295
0.0 0.09892745
0.0 0.005817736
1.0 0.9988292
1.0 0.9984236
0.0 0.006222357
1.0 0.9988387
1.0 0.9988073
1.0 0.9849349
1.0 0.9913277
1.0 0.9848642
0.0 0.003225442
1.0 0.99711275
1.0 0.95200413
1.0 0.99863064
1.0 0.9988304
1.0 0.99883276
1.0 0.99880385
1.0 0.99672204
1.0 0.99662554
1.0 0.99876827
1.0 0.99866724
1.0 0.99881625
1.0 0.99883765
1.0 0.99847275
1.0 0.99880385
0.0 0.14192788
1.0 0.9986462
0.0 0.082323
1.0 0.97482216
1.0 0.9987198
1.0 0.9988182
1.0 0.8708394
1.0 0.9966574
1.0 0.9988312
