true vs pred:
1.0 0.997378
1.0 0.9948078
1.0 0.8821111
1.0 0.9883974
0.0 0.07114752
1.0 0.99549747
1.0 0.9976311
1.0 0.9971385
1.0 0.99597424
1.0 0.99786735
1.0 0.99710935
1.0 0.9160217
1.0 0.99780816
1.0 0.9975146
1.0 0.6825171
1.0 0.99683243
0.0 0.04501377
1.0 0.98630595
1.0 0.11573398
1.0 0.20852245
1.0 0.99708325
1.0 0.9979091
1.0 0.99058807
1.0 0.9444797
1.0 0.99549747
1.0 0.9979292
1.0 0.9781439
0.0 0.025946654
1.0 0.92112803
1.0 0.9975459
1.0 0.9974044
1.0 0.99779594
1.0 0.99547476
1.0 0.9517655
1.0 0.9979017
1.0 0.99436754
1.0 0.9971523
1.0 0.99782556
0.0 0.016699543
0.0 0.07658433
1.0 0.9977876
1.0 0.9633823
1.0 0.9962419
1.0 0.9975787
1.0 0.8421976
1.0 0.99719715
1.0 0.9776194
1.0 0.996766
1.0 0.4846089
1.0 0.99708205
1.0 0.99217075
1.0 0.9978325
1.0 0.9975272
0.0 0.011370604
1.0 0.99750227
1.0 0.997535
1.0 0.9955564
1.0 0.9957581
1.0 0.99664706
1.0 0.9946812
0.0 0.01880682
1.0 0.9907154
1.0 0.9918864
0.0 0.10055307
1.0 0.9951148
1.0 0.9830152
1.0 0.9976265
1.0 0.99571496
0.0 0.030412816
1.0 0.6321868
1.0 0.9961123
1.0 0.9979664
1.0 0.9944659
1.0 0.9960376
1.0 0.99708956
1.0 0.99369097
1.0 0.88079935
0.0 0.024712827
1.0 0.9968479
1.0 0.8974674
1.0 0.99789596
1.0 0.9844142
1.0 0.9977691
1.0 0.90443116
1.0 0.98895055
1.0 0.99740285
1.0 0.46538162
1.0 0.993887
1.0 0.9975696
1.0 0.9978108
1.0 0.99671257
0.0 0.7301965
1.0 0.9898371
0.0 0.04620307
1.0 0.99774593
0.0 0.007630788
1.0 0.98619103
1.0 0.8527358
1.0 0.99790704
1.0 0.98120236
1.0 0.99058783
1.0 0.99766517
1.0 0.8258801
1.0 0.9555333
0.0 0.01870439
1.0 0.99629897
1.0 0.9977876
1.0 0.99273324
1.0 0.9977469
1.0 0.99634343
1.0 0.99563676
1.0 0.9974456
1.0 0.7025974
1.0 0.9977642
1.0 0.99794835
1.0 0.99778616
1.0 0.9977055
1.0 0.99731916
1.0 0.9966182
1.0 0.9180568
0.0 0.012933383
1.0 0.9681675
1.0 0.99255294
1.0 0.99450463
1.0 0.98365384
1.0 0.33545223
1.0 0.99769324
1.0 0.99520004
1.0 0.99567777
1.0 0.9969733
1.0 0.9979995
1.0 0.9974414
1.0 0.9844058
0.0 0.022947378
1.0 0.9975418
1.0 0.9978194
1.0 0.99789596
1.0 0.9964953
1.0 0.94802344
0.0 0.6908587
1.0 0.9771417
0.0 0.16887331
0.0 0.009691061
0.0 0.1297996
0.0 0.98313946
1.0 0.9977812
1.0 0.30350894
1.0 0.9907154
1.0 0.9396157
1.0 0.99740076
1.0 0.9292563
1.0 0.996314
1.0 0.9980095
1.0 0.75324726
0.0 0.020239992
1.0 0.9957372
1.0 0.99690944
0.0 0.0159521
1.0 0.99628544
0.0 0.26924324
1.0 0.9971765
1.0 0.99796
1.0 0.99817526
1.0 0.9402418
1.0 0.9961985
1.0 0.99775827
1.0 0.99651366
1.0 0.9585367
1.0 0.99622345
1.0 0.95578134
1.0 0.9463768
1.0 0.99713504
0.0 0.045051653
1.0 0.9977095
1.0 0.99763143
1.0 0.97390395
1.0 0.9974648
0.0 0.09668766
1.0 0.99770015
1.0 0.9977532
1.0 0.9479014
1.0 0.9977095
1.0 0.99662966
0.0 0.018131698
0.0 0.29451334
1.0 0.99706775
0.0 0.4087025
1.0 0.9844923
1.0 0.9978085
1.0 0.9956808
1.0 0.99621564
1.0 0.99751496
1.0 0.92204523
1.0 0.98838484
0.0 0.1704628
1.0 0.97009027
1.0 0.8851446
0.0 0.048943263
1.0 0.99646384
1.0 0.9893947
1.0 0.99545646
1.0 0.99350643
1.0 0.99624676
1.0 0.99444926
1.0 0.9873815
1.0 0.5382951
1.0 0.99765897
1.0 0.99326867
1.0 0.99552816
1.0 0.99170965
1.0 0.99786085
1.0 0.99764663
1.0 0.99589694
1.0 0.9907759
1.0 0.9971361
1.0 0.9979074
1.0 0.9880293
1.0 0.99739254
1.0 0.02220923
1.0 0.9613049
1.0 0.99713326
0.0 0.14175323
1.0 0.99533856
1.0 0.9977691
1.0 0.9931498
1.0 0.99728644
1.0 0.9976968
1.0 0.905579
1.0 0.79625624
1.0 0.997474
