true vs pred:
1.0 0.99186724
1.0 0.9987551
1.0 0.9959791
1.0 0.9987275
0.0 0.5544093
1.0 0.9978156
0.0 0.13419919
1.0 0.9987778
1.0 0.9987987
1.0 0.99786997
1.0 0.9986725
1.0 0.99152124
0.0 0.006535245
1.0 0.99858415
0.0 0.013563897
1.0 0.76211184
0.0 0.059910167
1.0 0.99868304
1.0 0.99879825
0.0 0.017200174
1.0 0.99855953
1.0 0.99866164
1.0 0.99510854
1.0 0.9972223
1.0 0.99873954
1.0 0.9987226
0.0 0.004731269
0.0 0.004788168
1.0 0.9969717
1.0 0.9983625
1.0 0.9496094
1.0 0.9970799
0.0 0.70418215
1.0 0.9950842
1.0 0.9985819
1.0 0.9987935
0.0 0.79843414
1.0 0.9985642
1.0 0.99879825
1.0 0.997661
0.0 0.9432896
1.0 0.9596554
1.0 0.9987336
1.0 0.99867
1.0 0.9987795
0.0 0.0026596652
1.0 0.99814165
1.0 0.9973099
1.0 0.44114375
1.0 0.9987627
1.0 0.9966043
1.0 0.99874216
1.0 0.99838865
1.0 0.99868864
1.0 0.99808216
1.0 0.9976326
0.0 0.13084902
0.0 0.5769814
1.0 0.9960174
0.0 0.010538628
1.0 0.9946402
1.0 0.9987501
1.0 0.99827945
1.0 0.997661
1.0 0.9987789
0.0 0.54764587
1.0 0.9712653
0.0 0.01451341
0.0 0.93106097
1.0 0.21768649
0.0 0.007200142
1.0 0.9902034
1.0 0.99553007
1.0 0.9892769
1.0 0.99874496
1.0 0.9546875
1.0 0.98848605
1.0 0.4544899
0.0 0.0057107117
1.0 0.99472946
0.0 0.026211767
1.0 0.99875927
1.0 0.99816954
1.0 0.99866784
1.0 0.9974354
1.0 0.99109054
1.0 0.96370924
1.0 0.99854386
1.0 0.9980422
1.0 0.99377584
1.0 0.99876475
1.0 0.98955077
1.0 0.9968618
1.0 0.98897064
0.0 0.01175295
1.0 0.9987551
1.0 0.9985013
1.0 0.9827779
1.0 0.9987889
1.0 0.9983267
1.0 0.71353614
1.0 0.99027175
1.0 0.99877423
1.0 0.9986878
1.0 0.9949951
1.0 0.98155195
0.0 0.021134503
1.0 0.9854638
1.0 0.9289883
1.0 0.9948356
1.0 0.99449843
1.0 0.99852365
1.0 0.99874276
0.0 0.83961236
1.0 0.93483865
1.0 0.5015569
1.0 0.9985216
1.0 0.9987288
1.0 0.9960192
1.0 0.9942678
1.0 0.9842443
1.0 0.9987311
1.0 0.97976583
1.0 0.9934143
1.0 0.99867415
1.0 0.9915188
1.0 0.99534047
1.0 0.99814785
1.0 0.98346287
1.0 0.9987972
1.0 0.9987418
1.0 0.9987405
1.0 0.994534
1.0 0.9986584
0.0 0.0250294
0.0 0.31338626
1.0 0.9986833
1.0 0.9965295
1.0 0.97172314
1.0 0.99867755
1.0 0.9983828
1.0 0.9972377
1.0 0.99580437
1.0 0.9875
1.0 0.42407435
1.0 0.99758613
1.0 0.9973009
1.0 0.25304762
0.0 0.0031137753
1.0 0.9987777
1.0 0.9969081
1.0 0.8976171
1.0 0.9987269
1.0 0.998755
1.0 0.99178994
1.0 0.9941228
1.0 0.99559456
0.0 0.009339204
1.0 0.993097
1.0 0.91815287
1.0 0.99761033
1.0 0.9987728
1.0 0.9987569
1.0 0.9987539
1.0 0.9985654
1.0 0.9912742
1.0 0.99868363
1.0 0.99862254
1.0 0.9987619
1.0 0.9987233
1.0 0.9985719
1.0 0.99875236
0.0 0.015757686
1.0 0.99743205
0.0 0.018284502
1.0 0.99007285
1.0 0.9986595
1.0 0.9987116
1.0 0.9153419
1.0 0.99711573
1.0 0.9987452
1.0 0.9951905
1.0 0.3269782
1.0 0.9980849
1.0 0.9987929
1.0 0.9971825
1.0 0.9985538
1.0 0.474133
1.0 0.99808216
1.0 0.99866164
1.0 0.97912025
1.0 0.9953674
0.0 0.012723057
1.0 0.48157135
1.0 0.9986518
1.0 0.8171895
1.0 0.9977182
1.0 0.7219803
1.0 0.9236896
1.0 0.9987872
0.0 0.016843027
1.0 0.965424
1.0 0.9923247
1.0 0.5929377
1.0 0.9985921
1.0 0.9987463
1.0 0.9987405
1.0 0.9987795
0.0 0.015567585
1.0 0.99520785
1.0 0.9987956
1.0 0.9070307
0.0 0.02567932
1.0 0.99805236
1.0 0.9986278
1.0 0.9987399
1.0 0.9987987
1.0 0.99577504
1.0 0.9850455
1.0 0.99830985
1.0 0.9986659
0.0 0.016914263
1.0 0.9987752
1.0 0.9940514
0.0 0.010738814
1.0 0.9986929
1.0 0.9987531
1.0 0.9987583
1.0 0.9916922
1.0 0.9986278
