true vs pred:
1.0 0.99999523
1.0 0.99999475
1.0 0.99999344
1.0 0.99999475
1.0 0.99999154
1.0 0.9999932
1.0 0.9999938
1.0 0.9999932
1.0 0.99999523
1.0 0.9999896
1.0 0.9999933
1.0 0.9999933
1.0 0.9999933
1.0 0.9999958
1.0 0.9999846
1.0 0.99999297
1.0 0.9999913
1.0 0.99999475
1.0 0.99999154
1.0 0.9999927
1.0 0.99998724
1.0 0.99999475
1.0 0.9999957
1.0 0.99999535
1.0 0.9999927
1.0 0.99999297
1.0 0.9999949
1.0 0.99998474
1.0 0.9999931
1.0 0.99999535
1.0 0.9999938
1.0 0.9999907
1.0 0.99999523
1.0 0.9999938
1.0 0.9999951
1.0 0.99999297
1.0 0.9999933
1.0 0.99996006
1.0 0.9999949
1.0 0.9999927
1.0 0.9999912
1.0 0.99999523
1.0 0.99999297
1.0 0.9999865
1.0 0.9999645
1.0 0.999992
1.0 0.99999523
1.0 0.99999523
1.0 0.9999949
1.0 0.9999933
1.0 0.9999925
1.0 0.99999535
1.0 0.99999535
1.0 0.9999926
1.0 0.9999894
1.0 0.99999285
1.0 0.9999896
1.0 0.99999297
1.0 0.99999297
1.0 0.99999285
1.0 0.99999297
1.0 0.99999523
1.0 0.99997723
1.0 0.99999535
1.0 0.9999945
1.0 0.9999933
1.0 0.99999523
1.0 0.9999926
1.0 0.9999944
1.0 0.99999297
1.0 0.9999957
1.0 0.9999763
1.0 0.9999949
1.0 0.9999927
1.0 0.9999877
1.0 0.99999475
1.0 0.9999945
1.0 0.9999877
1.0 0.9999958
1.0 0.99999225
1.0 0.9999938
1.0 0.9999951
1.0 0.99999535
1.0 0.99999547
1.0 0.9999914
1.0 0.9999933
1.0 0.9999769
1.0 0.9999907
1.0 0.99999523
1.0 0.9999896
1.0 0.99999285
1.0 0.99999225
1.0 0.99999356
1.0 0.99999535
1.0 0.9999927
1.0 0.9999949
1.0 0.99996006
1.0 0.99999523
1.0 0.9999831
1.0 0.9999893
1.0 0.9999933
1.0 0.9999926
1.0 0.99998856
1.0 0.9999932
1.0 0.9999927
1.0 0.99999297
1.0 0.99999475
1.0 0.99999094
1.0 0.99999475
1.0 0.9999938
1.0 0.9999931
1.0 0.99999344
1.0 0.99999547
1.0 0.99998724
1.0 0.9999926
1.0 0.99999464
1.0 0.9999893
1.0 0.99997866
1.0 0.9999919
1.0 0.9999877
1.0 0.9999938
1.0 0.99999285
1.0 0.99999154
1.0 0.99999464
1.0 0.9999933
1.0 0.999995
1.0 0.9999876
1.0 0.99999535
1.0 0.9999927
1.0 0.99999285
1.0 0.99999475
1.0 0.99999523
1.0 0.9999913
1.0 0.99999094
1.0 0.9999896
1.0 0.9999876
1.0 0.9999932
1.0 0.99999285
1.0 0.99998856
1.0 0.99999475
1.0 0.9999851
1.0 0.99999046
1.0 0.99999297
1.0 0.9999933
1.0 0.9999938
1.0 0.9999927
1.0 0.99999464
1.0 0.9999893
1.0 0.9999931
1.0 0.9999932
1.0 0.99999535
1.0 0.99999464
1.0 0.9999893
1.0 0.9999937
1.0 0.99999094
1.0 0.9999939
1.0 0.99999475
1.0 0.99997723
1.0 0.9999957
1.0 0.9999896
1.0 0.9999956
1.0 0.99999523
1.0 0.99996006
1.0 0.9999926
1.0 0.99999094
1.0 0.99999344
1.0 0.99999285
1.0 0.99998474
1.0 0.99999523
1.0 0.99999523
1.0 0.9999877
1.0 0.9999957
1.0 0.9999769
1.0 0.99998343
1.0 0.9999896
1.0 0.9999933
1.0 0.9999901
1.0 0.99999297
1.0 0.99999154
1.0 0.999992
1.0 0.99999523
1.0 0.99996006
1.0 0.99999535
1.0 0.9999949
1.0 0.9999896
1.0 0.9999913
1.0 0.9999769
1.0 0.9999957
1.0 0.9999957
1.0 0.99999523
1.0 0.9999932
1.0 0.99999225
1.0 0.9999896
1.0 0.99999046
1.0 0.9999938
1.0 0.9999932
1.0 0.99999523
1.0 0.9999893
1.0 0.99998343
1.0 0.99997723
1.0 0.9999896
1.0 0.99999535
1.0 0.99999094
1.0 0.9999932
1.0 0.9999949
1.0 0.9999907
1.0 0.9999931
1.0 0.9999896
1.0 0.9999933
1.0 0.9999931
1.0 0.9999938
1.0 0.9999938
1.0 0.9999956
1.0 0.999995
1.0 0.9999914
1.0 0.99999535
1.0 0.9999831
1.0 0.99999535
1.0 0.9999913
1.0 0.9999932
1.0 0.9999933
1.0 0.99999475
1.0 0.99999535
1.0 0.99999523
1.0 0.9999876
1.0 0.99999523
1.0 0.9999932
1.0 0.99999475
1.0 0.9999957
1.0 0.9999945
1.0 0.9999919
1.0 0.99999285
1.0 0.9999932
1.0 0.9999932
1.0 0.9999944
1.0 0.99999547
1.0 0.9999939
1.0 0.99999535
1.0 0.9999893
1.0 0.99999344
1.0 0.9999943
1.0 0.9999938
1.0 0.99999547
1.0 0.9999926
1.0 0.99999475
1.0 0.99998474
1.0 0.9999933
1.0 0.9999933
1.0 0.99998474
1.0 0.99998724
1.0 0.9999932
1.0 0.9999949
1.0 0.9999957
1.0 0.99999297
1.0 0.99999464
1.0 0.9999831
1.0 0.9999914
1.0 0.9999938
1.0 0.9999893
1.0 0.9999912
1.0 0.9999851
1.0 0.99999285
1.0 0.99996746
1.0 0.9999926
1.0 0.9999896
1.0 0.9999933
1.0 0.9999931
1.0 0.9999926
1.0 0.9999931
1.0 0.99998343
1.0 0.9999945
1.0 0.99999297
1.0 0.99999285
1.0 0.9999933
1.0 0.9999865
1.0 0.99999297
1.0 0.9999896
1.0 0.9999944
1.0 0.9999951
1.0 0.99999344
1.0 0.99999344
1.0 0.9999865
1.0 0.99999094
1.0 0.9999943
1.0 0.9999893
1.0 0.99999297
1.0 0.99998987
1.0 0.9999931
1.0 0.9999958
1.0 0.9999914
1.0 0.9999912
1.0 0.9999945
1.0 0.99997866
1.0 0.99996746
1.0 0.99998856
1.0 0.99999094
1.0 0.9999938
1.0 0.99999297
1.0 0.9999945
1.0 0.9999956
1.0 0.9999944
1.0 0.9999945
1.0 0.99999464
1.0 0.9999957
1.0 0.9999933
1.0 0.9999894
1.0 0.9999931
1.0 0.99999285
1.0 0.9999932
1.0 0.99999285
1.0 0.99999535
1.0 0.9999956
1.0 0.99999535
1.0 0.99999535
1.0 0.9999919
1.0 0.9999831
1.0 0.9999957
1.0 0.9999914
1.0 0.99999356
1.0 0.9999949
1.0 0.99999094
1.0 0.9999769
1.0 0.9999956
1.0 0.99999297
1.0 0.99999344
1.0 0.9999957
1.0 0.9999949
1.0 0.9999926
1.0 0.9999938
1.0 0.99999535
1.0 0.99999535
1.0 0.99999523
1.0 0.9999893
1.0 0.9999931
1.0 0.99997866
1.0 0.9999932
1.0 0.9999912
1.0 0.9999957
1.0 0.99999297
1.0 0.99999547
1.0 0.9999933
1.0 0.9999893
1.0 0.9999944
1.0 0.9999944
1.0 0.9999851
1.0 0.99996996
1.0 0.99999344
1.0 0.9999956
1.0 0.9999933
1.0 0.99999344
1.0 0.99998856
1.0 0.99999475
1.0 0.99999475
1.0 0.9999914
1.0 0.9999927
1.0 0.99999535
1.0 0.9999914
1.0 0.9999925
1.0 0.99996996
1.0 0.99999297
1.0 0.9999932
1.0 0.99998724
1.0 0.99997866
1.0 0.99997866
1.0 0.9999951
1.0 0.9999926
1.0 0.9999944
1.0 0.99999285
1.0 0.9999945
1.0 0.9999914
1.0 0.9999951
1.0 0.99999213
1.0 0.9999956
1.0 0.99999535
1.0 0.9999933
1.0 0.99999547
1.0 0.99999475
1.0 0.9999932
1.0 0.99999094
1.0 0.99999523
1.0 0.9999949
1.0 0.99999285
1.0 0.99999046
1.0 0.9999846
1.0 0.9999938
1.0 0.9999937
1.0 0.99998724
1.0 0.9999933
1.0 0.99999225
1.0 0.99999523
1.0 0.99999285
1.0 0.9999933
1.0 0.9999943
1.0 0.99999535
1.0 0.9999938
1.0 0.9999769
1.0 0.9999896
1.0 0.9999945
1.0 0.9999914
1.0 0.9999938
1.0 0.99998856
1.0 0.9999925
1.0 0.9999945
1.0 0.99999523
1.0 0.9999932
1.0 0.99996996
1.0 0.99999344
1.0 0.99999547
1.0 0.9999913
1.0 0.9999957
1.0 0.9999933
1.0 0.99999523
1.0 0.9999951
1.0 0.9999933
1.0 0.9999944
1.0 0.9999949
1.0 0.9999932
1.0 0.9999933
1.0 0.9999893
1.0 0.9999944
1.0 0.9999933
1.0 0.9999957
1.0 0.9999927
1.0 0.9999851
1.0 0.9999945
1.0 0.99999475
1.0 0.9999949
1.0 0.99999285
1.0 0.9999896
1.0 0.99999285
1.0 0.9999913
1.0 0.9999939
1.0 0.9999926
1.0 0.99999475
1.0 0.9999931
1.0 0.9999933
1.0 0.99999475
1.0 0.99999464
1.0 0.99998474
1.0 0.9999877
1.0 0.99999154
1.0 0.9999931
1.0 0.99999475
1.0 0.9999925
1.0 0.99999094
1.0 0.99999297
1.0 0.9999932
1.0 0.99999297
1.0 0.99997866
1.0 0.99999344
1.0 0.9999913
1.0 0.9999949
1.0 0.9999925
1.0 0.99999535
1.0 0.99999535
1.0 0.99999154
1.0 0.9999937
1.0 0.9999932
1.0 0.9999933
1.0 0.99999475
1.0 0.9999958
1.0 0.9999932
1.0 0.99997723
1.0 0.9999901
1.0 0.9999645
1.0 0.9999951
1.0 0.9999945
1.0 0.99999344
1.0 0.9999943
1.0 0.99999523
1.0 0.9999896
1.0 0.999995
1.0 0.999995
1.0 0.9999932
1.0 0.99999297
1.0 0.99999535
1.0 0.99999523
1.0 0.9999846
1.0 0.99999535
1.0 0.9999931
1.0 0.99996746
1.0 0.9999931
1.0 0.9999933
1.0 0.9999876
1.0 0.9999901
1.0 0.99998724
1.0 0.9999932
1.0 0.99999356
1.0 0.99999285
1.0 0.99999547
1.0 0.9999933
1.0 0.99999523
1.0 0.99999475
1.0 0.9999919
1.0 0.9999945
1.0 0.9999931
1.0 0.9999949
1.0 0.9999938
1.0 0.9999926
1.0 0.9999944
1.0 0.9999926
1.0 0.99999535
1.0 0.9999933
1.0 0.99999464
1.0 0.9999913
1.0 0.9999957
1.0 0.9999877
1.0 0.99999535
1.0 0.999995
1.0 0.9999896
1.0 0.9999956
1.0 0.99996746
1.0 0.9999846
1.0 0.99999475
1.0 0.9999933
1.0 0.9999949
1.0 0.99999535
1.0 0.9999951
1.0 0.99999535
1.0 0.99999535
