true vs pred:
1.0 0.99999046
1.0 0.99999154
1.0 0.9999864
1.0 0.99997926
1.0 0.99999046
1.0 0.99998534
1.0 0.9999896
1.0 0.99995804
1.0 0.99997866
1.0 0.99999106
1.0 0.9999839
1.0 0.9999777
1.0 0.9999863
1.0 0.99999046
1.0 0.9999858
1.0 0.9999864
1.0 0.99998057
1.0 0.9999788
1.0 0.9999821
1.0 0.99998915
1.0 0.9999863
1.0 0.99998534
1.0 0.99999154
1.0 0.9999839
1.0 0.9999907
1.0 0.99999046
1.0 0.9999863
1.0 0.9999783
1.0 0.9999906
1.0 0.9999914
1.0 0.9999846
1.0 0.9999906
1.0 0.9999893
1.0 0.9999862
1.0 0.9999851
1.0 0.99997926
1.0 0.99999154
1.0 0.99999154
1.0 0.99998975
1.0 0.9999846
1.0 0.9999914
1.0 0.9999888
1.0 0.99998486
1.0 0.9999906
1.0 0.9999857
1.0 0.999984
1.0 0.9999907
1.0 0.99999046
1.0 0.9999893
1.0 0.99998593
1.0 0.9999907
1.0 0.99998534
1.0 0.99998665
1.0 0.99998534
1.0 0.9999894
1.0 0.9999889
1.0 0.9999896
1.0 0.9999895
1.0 0.99998534
1.0 0.9999914
1.0 0.9999844
1.0 0.9999856
1.0 0.9999914
1.0 0.99998593
1.0 0.9999821
1.0 0.9999907
1.0 0.999985
1.0 0.9999906
1.0 0.99997747
1.0 0.9999907
1.0 0.9999908
1.0 0.9999907
1.0 0.9999788
1.0 0.99999154
1.0 0.9999858
1.0 0.99996233
1.0 0.9999895
1.0 0.9999863
1.0 0.99999154
1.0 0.99998057
1.0 0.9999895
1.0 0.999987
1.0 0.9999908
1.0 0.99997413
1.0 0.999984
1.0 0.9999864
1.0 0.99998534
1.0 0.99999046
1.0 0.9999858
1.0 0.9999862
1.0 0.99998593
1.0 0.99998486
1.0 0.9999895
1.0 0.9999913
1.0 0.9999857
1.0 0.9999862
1.0 0.99999154
1.0 0.99996233
1.0 0.9999907
1.0 0.9999852
1.0 0.999984
1.0 0.9999846
1.0 0.9999914
1.0 0.9999728
1.0 0.9999893
1.0 0.9999844
1.0 0.99997413
1.0 0.99998486
1.0 0.9999864
1.0 0.9999844
1.0 0.9999895
1.0 0.99997866
1.0 0.9999914
1.0 0.99997926
1.0 0.9999863
1.0 0.9999585
1.0 0.99999046
1.0 0.9999913
1.0 0.9999895
1.0 0.99999154
1.0 0.9999908
1.0 0.9999852
1.0 0.99998975
1.0 0.9999857
1.0 0.9999906
1.0 0.9999801
1.0 0.9999653
1.0 0.9999907
1.0 0.9999863
1.0 0.9999912
1.0 0.999984
1.0 0.99999154
1.0 0.9999895
1.0 0.9999913
1.0 0.9999558
1.0 0.9999896
1.0 0.9999893
1.0 0.9999865
1.0 0.9999862
1.0 0.99998534
1.0 0.9999893
1.0 0.9999858
1.0 0.9999863
1.0 0.9999857
1.0 0.9999895
1.0 0.9999858
1.0 0.9999788
1.0 0.9999864
1.0 0.9999862
1.0 0.99998474
1.0 0.99998605
1.0 0.9999908
1.0 0.9999894
1.0 0.99998593
1.0 0.9999896
1.0 0.999987
1.0 0.9999895
1.0 0.9999862
1.0 0.9999908
1.0 0.9999826
1.0 0.9999908
1.0 0.9999864
1.0 0.9999585
1.0 0.9999865
1.0 0.9999889
1.0 0.99997807
1.0 0.9999908
1.0 0.9999839
1.0 0.9999894
1.0 0.9999777
1.0 0.9999914
1.0 0.9999908
1.0 0.9999893
1.0 0.99998593
1.0 0.9999856
1.0 0.99997807
1.0 0.99998665
1.0 0.99998975
1.0 0.999984
1.0 0.9999864
1.0 0.99996233
1.0 0.99998057
1.0 0.99998593
1.0 0.99998593
1.0 0.9999907
1.0 0.9999906
1.0 0.9999777
1.0 0.9999653
1.0 0.9999906
1.0 0.9999858
1.0 0.9999888
1.0 0.99998605
1.0 0.9999893
1.0 0.9999893
1.0 0.9999914
1.0 0.99997413
1.0 0.9999893
1.0 0.99997866
1.0 0.9999826
1.0 0.9999844
1.0 0.9999839
1.0 0.9999547
1.0 0.9999914
1.0 0.99998593
1.0 0.9999895
1.0 0.9999913
1.0 0.9999863
1.0 0.99998593
1.0 0.99997747
1.0 0.9999893
1.0 0.9999865
1.0 0.9999895
1.0 0.9999857
1.0 0.99998057
1.0 0.9999906
1.0 0.99997807
1.0 0.9999777
1.0 0.9999914
1.0 0.9999826
1.0 0.9999585
1.0 0.99997747
1.0 0.9999858
1.0 0.9999907
1.0 0.99998903
1.0 0.9999846
1.0 0.9999862
1.0 0.9999908
1.0 0.99998605
1.0 0.99998665
1.0 0.9999908
1.0 0.9999914
1.0 0.9999821
1.0 0.9999893
1.0 0.99995804
1.0 0.9999908
1.0 0.9999856
1.0 0.9999862
1.0 0.99997985
1.0 0.99999046
1.0 0.9999839
1.0 0.99999046
1.0 0.99998534
1.0 0.99999106
1.0 0.9999913
1.0 0.999987
1.0 0.99998903
1.0 0.9999895
1.0 0.99996233
1.0 0.9999845
1.0 0.9999864
1.0 0.9999856
1.0 0.9999547
1.0 0.9999889
1.0 0.99996233
1.0 0.999987
1.0 0.9999863
1.0 0.9999777
1.0 0.99998534
1.0 0.999985
1.0 0.9999908
1.0 0.9999844
1.0 0.999987
1.0 0.99998534
1.0 0.9999908
1.0 0.9999913
1.0 0.99998534
1.0 0.9999914
1.0 0.99997807
1.0 0.99997807
1.0 0.9999894
1.0 0.9999914
1.0 0.9999865
1.0 0.99998605
1.0 0.9999914
1.0 0.99998665
1.0 0.99997985
1.0 0.99998486
1.0 0.9999896
1.0 0.9999906
1.0 0.9999821
1.0 0.9999851
1.0 0.99998474
1.0 0.999984
1.0 0.99998534
1.0 0.9999914
1.0 0.99998534
1.0 0.9999914
1.0 0.9999893
1.0 0.99998116
1.0 0.99999106
1.0 0.99998534
1.0 0.99998116
1.0 0.99998474
1.0 0.99998903
1.0 0.9999839
1.0 0.99996424
1.0 0.9999914
1.0 0.9999864
1.0 0.9999865
1.0 0.9999908
1.0 0.99998903
1.0 0.9999908
1.0 0.9999846
1.0 0.9999908
1.0 0.9999844
1.0 0.9999896
1.0 0.9999906
1.0 0.9999893
1.0 0.9999807
1.0 0.9999895
1.0 0.9999839
1.0 0.99998116
1.0 0.9999894
1.0 0.99998534
1.0 0.9999914
1.0 0.99998593
1.0 0.9999896
1.0 0.9999906
1.0 0.9999913
1.0 0.9999728
1.0 0.9999863
1.0 0.9999862
1.0 0.9999913
1.0 0.9999895
1.0 0.9999783
1.0 0.9999846
1.0 0.9999777
1.0 0.99997747
1.0 0.99998534
1.0 0.9999845
1.0 0.9999864
1.0 0.99998665
1.0 0.9999865
1.0 0.9999777
1.0 0.9999864
1.0 0.99998057
1.0 0.99998534
1.0 0.99998605
1.0 0.9999913
1.0 0.9999907
1.0 0.99996233
1.0 0.999987
1.0 0.9999821
1.0 0.9999858
1.0 0.99998534
1.0 0.9999777
1.0 0.9999547
1.0 0.9999788
1.0 0.9999896
1.0 0.9999585
1.0 0.9999914
1.0 0.99998534
1.0 0.9999907
1.0 0.9999863
1.0 0.9999844
1.0 0.9999914
1.0 0.99998593
1.0 0.9999862
1.0 0.99998486
1.0 0.99998486
1.0 0.9999893
1.0 0.9999913
1.0 0.9999907
1.0 0.9999893
1.0 0.9999801
1.0 0.99998605
1.0 0.9999906
1.0 0.99999154
1.0 0.9999801
1.0 0.999985
1.0 0.99998534
1.0 0.99998486
1.0 0.9999807
1.0 0.99998116
1.0 0.99996424
1.0 0.9999907
1.0 0.99998605
1.0 0.9999907
1.0 0.9999865
1.0 0.9999908
1.0 0.9999888
1.0 0.9999838
1.0 0.9999839
1.0 0.9999907
1.0 0.9999653
1.0 0.99998486
1.0 0.9999907
1.0 0.9999893
1.0 0.9999906
1.0 0.9999913
1.0 0.9999907
1.0 0.99998915
1.0 0.99998057
1.0 0.9999913
1.0 0.99998593
1.0 0.99996555
1.0 0.9999838
1.0 0.9999846
1.0 0.99998593
1.0 0.99998534
1.0 0.9999826
1.0 0.99996233
1.0 0.9999846
1.0 0.99998903
1.0 0.99998593
1.0 0.99998057
1.0 0.99998474
1.0 0.9999858
1.0 0.99997985
1.0 0.9999851
1.0 0.9999894
1.0 0.9999896
1.0 0.99999154
1.0 0.99999154
1.0 0.9999846
1.0 0.99997926
1.0 0.99998605
1.0 0.99998593
1.0 0.99998057
1.0 0.9999895
1.0 0.9999908
1.0 0.99999046
1.0 0.99999046
1.0 0.99999154
1.0 0.99999154
1.0 0.9999858
1.0 0.99998116
1.0 0.99999154
1.0 0.9999858
1.0 0.99998486
1.0 0.999987
1.0 0.9999895
1.0 0.99999034
1.0 0.9999846
1.0 0.99998975
1.0 0.99998605
1.0 0.999987
1.0 0.99998116
1.0 0.99998593
1.0 0.9999856
1.0 0.99998903
1.0 0.9999893
1.0 0.9999914
1.0 0.99998605
1.0 0.99998665
1.0 0.9999895
1.0 0.9999839
1.0 0.99998474
1.0 0.99998605
1.0 0.9999846
1.0 0.9999777
1.0 0.99998593
1.0 0.9999839
1.0 0.9999863
1.0 0.9999895
1.0 0.9999914
1.0 0.9999895
1.0 0.99998534
1.0 0.99998057
1.0 0.99999046
1.0 0.9999893
1.0 0.9999914
1.0 0.99997926
1.0 0.99998593
1.0 0.9999547
1.0 0.9999893
1.0 0.99999154
1.0 0.9999846
1.0 0.9999907
1.0 0.9999888
1.0 0.99999034
1.0 0.9999896
1.0 0.9999558
1.0 0.9999863
1.0 0.99998975
1.0 0.9999858
1.0 0.99998605
1.0 0.9999838
1.0 0.9999851
1.0 0.9999864
1.0 0.99998057
1.0 0.9999864
1.0 0.99998057
1.0 0.9999895
1.0 0.99998534
1.0 0.99998534
1.0 0.9999908
1.0 0.99998593
1.0 0.9999893
1.0 0.9999907
1.0 0.99998593
1.0 0.99998534
1.0 0.99998724
1.0 0.9999894
1.0 0.9999728
1.0 0.9999893
1.0 0.99998665
1.0 0.9999865
1.0 0.9999907
1.0 0.9999893
1.0 0.99998677
1.0 0.999985
1.0 0.99998605
1.0 0.9999838
1.0 0.9999856
1.0 0.9999907
1.0 0.99998903
1.0 0.99998605
1.0 0.9999908
1.0 0.99997807
1.0 0.99999154
1.0 0.9999895
1.0 0.99999046
1.0 0.99998534
1.0 0.9999913
1.0 0.99999046
1.0 0.9999856
1.0 0.9999863
1.0 0.9999907
1.0 0.99998665
