true vs pred:
1.0 0.99989986
1.0 0.9941257
1.0 0.99985707
1.0 0.99988544
1.0 0.9999114
1.0 0.9524781
1.0 0.9964767
1.0 0.5173317
1.0 0.9524781
1.0 0.99822754
1.0 0.9998903
1.0 0.21301918
1.0 0.45677924
1.0 0.9999144
1.0 0.99991715
1.0 0.9998878
1.0 0.9984749
1.0 0.13845775
1.0 0.9998869
1.0 0.9998903
0.0 0.024316201
1.0 0.9982115
1.0 0.9565171
1.0 0.9998946
1.0 0.5155098
1.0 0.99985886
1.0 0.9998853
1.0 0.9946774
0.0 0.024316201
1.0 0.99483335
0.0 0.047905106
1.0 0.9999089
1.0 0.99989164
1.0 0.4395793
0.0 0.13709715
0.0 0.060304426
1.0 0.99988365
1.0 0.18078223
1.0 0.9999114
0.0 0.038075544
1.0 0.99829334
0.0 0.02859616
1.0 0.5155098
1.0 0.9983853
1.0 0.99809486
1.0 0.4395793
0.0 0.06693473
1.0 0.9998946
1.0 0.9999112
1.0 0.998398
1.0 0.9998803
1.0 0.9998591
1.0 0.95200336
1.0 0.99672455
1.0 0.999895
1.0 0.9983853
1.0 0.9983853
0.0 0.060304426
0.0 0.024316201
1.0 0.5173317
0.0 0.0327935
1.0 0.999915
0.0 0.05101807
1.0 0.9953715
1.0 0.9998914
0.0 0.073931366
1.0 0.9616832
0.0 0.13709715
1.0 0.99987864
1.0 0.9999155
0.0 0.06606172
1.0 0.99989486
1.0 0.998398
1.0 0.95200336
1.0 0.9616832
1.0 0.999859
1.0 0.48569897
1.0 0.9998869
1.0 0.99988365
1.0 0.18078223
1.0 0.998398
1.0 0.9998803
0.0 0.038075544
1.0 0.9588474
0.0 0.12095363
0.0 0.052551012
1.0 0.9998921
1.0 0.9998567
1.0 0.9616832
1.0 0.9999167
1.0 0.99989986
1.0 0.14854777
1.0 0.99990237
1.0 0.9999182
1.0 0.68481714
1.0 0.9998853
1.0 0.9999167
1.0 0.14854777
1.0 0.97963643
1.0 0.9999089
1.0 0.99989986
1.0 0.99809486
1.0 0.9983853
1.0 0.9953715
0.0 0.05101807
1.0 0.99829334
0.0 0.028552707
1.0 0.99990237
1.0 0.4139756
1.0 0.14854777
1.0 0.99988544
1.0 0.9978114
1.0 0.13845775
1.0 0.999859
1.0 0.9999157
1.0 0.9946175
1.0 0.48569897
1.0 0.9470301
1.0 0.99483335
1.0 0.9998567
1.0 0.99988973
1.0 0.9998591
1.0 0.9998803
1.0 0.9998467
1.0 0.9526147
1.0 0.9946774
0.0 0.04220075
1.0 0.9999155
1.0 0.9998584
1.0 0.9998661
1.0 0.99989355
1.0 0.9998591
1.0 0.99989283
1.0 0.4767799
1.0 0.99987745
1.0 0.3424507
1.0 0.95818317
1.0 0.99989355
0.0 0.06606172
1.0 0.99542636
1.0 0.99989605
1.0 0.9953715
1.0 0.9999114
1.0 0.68481714
1.0 0.48569897
0.0 0.025113389
1.0 0.5155098
1.0 0.99987745
1.0 0.9941257
1.0 0.9690738
1.0 0.9998921
0.0 0.028552707
1.0 0.99809486
1.0 0.99985707
1.0 0.9984074
1.0 0.9941257
1.0 0.9984749
1.0 0.5173317
1.0 0.9526147
0.0 0.050340924
1.0 0.998398
1.0 0.99990904
1.0 0.9588474
1.0 0.9999089
1.0 0.9999155
1.0 0.9998957
1.0 0.32659045
1.0 0.9999182
1.0 0.4139756
0.0 0.028195433
1.0 0.99991775
1.0 0.9998584
0.0 0.052551012
0.0 0.024316201
1.0 0.9999112
1.0 0.9998946
1.0 0.9999174
1.0 0.5173317
1.0 0.9998803
1.0 0.9999163
1.0 0.99989283
1.0 0.9946175
1.0 0.99672455
1.0 0.9588474
1.0 0.99989104
1.0 0.9690738
0.0 0.052551012
1.0 0.9616832
0.0 0.06510899
1.0 0.5173317
1.0 0.5173317
1.0 0.9999155
1.0 0.9526147
1.0 0.9999157
0.0 0.052551012
1.0 0.99988973
1.0 0.9999182
1.0 0.9998921
1.0 0.9998908
0.0 0.024316201
1.0 0.9998903
0.0 0.052551012
1.0 0.9998584
1.0 0.99987864
1.0 0.95200336
1.0 0.5173317
1.0 0.999894
0.0 0.050340924
1.0 0.99988973
0.0 0.073931366
1.0 0.5859877
1.0 0.999887
1.0 0.9998869
1.0 0.9999163
1.0 0.9998946
1.0 0.99989283
1.0 0.9978114
1.0 0.99985707
1.0 0.9984074
1.0 0.32659045
1.0 0.99988973
1.0 0.9998822
1.0 0.9998369
1.0 0.99988294
0.0 0.06510899
1.0 0.99829334
1.0 0.9998853
0.0 0.028195433
1.0 0.9998933
1.0 0.99989355
1.0 0.9998661
1.0 0.9984749
1.0 0.5173317
1.0 0.9999089
1.0 0.99989355
1.0 0.99989724
1.0 0.99989164
1.0 0.9982115
1.0 0.9984749
0.0 0.12095363
1.0 0.97963643
1.0 0.9999144
1.0 0.9998661
1.0 0.9964767
1.0 0.14854777
1.0 0.9998591
0.0 0.04220075
1.0 0.99991477
1.0 0.9998869
1.0 0.9946774
1.0 0.9946175
0.0 0.060304426
1.0 0.9952866
1.0 0.9952866
1.0 0.9983469
0.0 0.04220075
1.0 0.999895
1.0 0.9998889
1.0 0.99989605
1.0 0.99822754
0.0 0.13709715
1.0 0.99987864
0.0 0.12095363
1.0 0.9998858
1.0 0.9999112
1.0 0.99672455
1.0 0.9998903
1.0 0.9999174
0.0 0.06606172
0.0 0.060304426
1.0 0.9998567
1.0 0.9998567
1.0 0.9983853
1.0 0.9999157
1.0 0.9565171
1.0 0.9998914
1.0 0.99989605
1.0 0.99989605
1.0 0.9999167
1.0 0.68481714
1.0 0.9999089
1.0 0.9998803
1.0 0.9946774
1.0 0.9999157
1.0 0.1505772
1.0 0.9998822
1.0 0.9983469
1.0 0.99990904
1.0 0.99989784
1.0 0.13845775
1.0 0.9588474
1.0 0.9998965
0.0 0.050340924
1.0 0.99989605
1.0 0.99985886
1.0 0.99672455
1.0 0.999915
1.0 0.9588474
1.0 0.9999155
1.0 0.99989355
1.0 0.9952866
1.0 0.9983853
1.0 0.99992085
1.0 0.124317884
1.0 0.99542636
1.0 0.998398
1.0 0.9952866
1.0 0.97963643
0.0 0.047905106
1.0 0.99987864
1.0 0.4767799
0.0 0.06606172
1.0 0.99991715
1.0 0.99990904
1.0 0.9998869
1.0 0.9998369
0.0 0.06510899
1.0 0.9983469
1.0 0.99989486
0.0 0.06510899
1.0 0.999889
1.0 0.99672455
0.0 0.028195433
1.0 0.4767799
1.0 0.9999174
1.0 0.18078223
1.0 0.9999182
1.0 0.48569897
0.0 0.06606172
1.0 0.9999112
1.0 0.5859877
1.0 0.5173317
0.0 0.13709715
1.0 0.9998661
1.0 0.999887
0.0 0.025113389
1.0 0.99988294
1.0 0.99989164
1.0 0.9998567
1.0 0.4139756
1.0 0.9960329
1.0 0.99989426
1.0 0.9983853
1.0 0.99985707
1.0 0.99991333
1.0 0.9998988
1.0 0.9998852
1.0 0.9998853
1.0 0.99989486
1.0 0.99989104
1.0 0.999895
1.0 0.5155098
1.0 0.9998889
0.0 0.0327935
1.0 0.97963643
1.0 0.9998903
1.0 0.9999155
1.0 0.9998914
1.0 0.99989355
1.0 0.9998822
1.0 0.9998889
1.0 0.68481714
1.0 0.9998584
1.0 0.99988973
1.0 0.95200336
1.0 0.9998591
1.0 0.99989533
1.0 0.9999114
1.0 0.18078223
1.0 0.9999163
1.0 0.4139756
1.0 0.9952866
1.0 0.99989426
1.0 0.9998369
1.0 0.9998584
1.0 0.32659045
1.0 0.14854777
1.0 0.9470301
1.0 0.9983469
1.0 0.9999167
1.0 0.9998889
1.0 0.9941257
1.0 0.99822754
1.0 0.9998822
1.0 0.9998863
1.0 0.9999187
1.0 0.9998921
1.0 0.3424507
1.0 0.9998903
1.0 0.9998965
1.0 0.9999155
1.0 0.9998369
0.0 0.06510899
1.0 0.99542636
1.0 0.48569897
1.0 0.9998369
1.0 0.9946175
1.0 0.9998889
1.0 0.68481714
1.0 0.9999144
1.0 0.9998957
1.0 0.999894
1.0 0.9998889
1.0 0.4139756
0.0 0.06606172
1.0 0.998398
1.0 0.1505772
1.0 0.9998369
1.0 0.9999112
1.0 0.999894
1.0 0.99989486
1.0 0.99809486
1.0 0.99989164
1.0 0.14854777
1.0 0.1505772
1.0 0.99991715
1.0 0.9998878
1.0 0.9978114
1.0 0.9998661
1.0 0.9999155
1.0 0.68481714
0.0 0.073931366
1.0 0.9960329
1.0 0.99991775
1.0 0.9998903
1.0 0.9998889
1.0 0.3424507
1.0 0.9565171
1.0 0.9998921
1.0 0.17612126
1.0 0.99988973
1.0 0.9946175
1.0 0.5859877
1.0 0.9998869
1.0 0.9998869
1.0 0.9998869
1.0 0.99988365
1.0 0.9998957
1.0 0.99991775
1.0 0.99989605
1.0 0.99988997
0.0 0.05101807
0.0 0.060304426
1.0 0.99988294
1.0 0.9998661
1.0 0.99989784
1.0 0.48569897
1.0 0.99483335
1.0 0.9998822
1.0 0.999889
1.0 0.99991715
1.0 0.9983853
1.0 0.5173317
0.0 0.04220075
1.0 0.5173317
1.0 0.99989533
1.0 0.9999155
1.0 0.9998584
0.0 0.02859616
1.0 0.999859
1.0 0.124317884
1.0 0.99985886
1.0 0.9998591
1.0 0.99989104
1.0 0.9998903
1.0 0.9998584
0.0 0.024316201
1.0 0.99987864
1.0 0.99483335
1.0 0.9999112
1.0 0.9999112
1.0 0.999859
1.0 0.99987745
1.0 0.9941257
1.0 0.99542636
1.0 0.9690738
1.0 0.95200336
0.0 0.073931366
1.0 0.9565171
0.0 0.06606172
0.0 0.04220075
1.0 0.99989605
0.0 0.060304426
0.0 0.13709715
1.0 0.9984074
0.0 0.024316201
1.0 0.97963643
0.0 0.073931366
1.0 0.5859877
1.0 0.9999155
1.0 0.17612126
1.0 0.9999174
1.0 0.9999182
1.0 0.99989605
1.0 0.9999182
1.0 0.9690738
1.0 0.99672455
0.0 0.05101807
1.0 0.9998878
1.0 0.68481714
1.0 0.999894
1.0 0.17612126
0.0 0.052551012
1.0 0.9998661
1.0 0.99988294
1.0 0.99989724
1.0 0.9999114
1.0 0.99991333
1.0 0.9998822
1.0 0.9946175
1.0 0.9946774
1.0 0.99991775
1.0 0.9998889
1.0 0.9998591
1.0 0.559631
0.0 0.02859616
1.0 0.4395793
1.0 0.999915
1.0 0.9998988
0.0 0.02859616
