true vs pred:
0.0 0.00833488
1.0 0.93957055
1.0 0.980271
0.0 0.14322647
1.0 0.9979235
1.0 0.9827204
0.0 0.0017220548
1.0 0.99719536
0.0 0.4489537
1.0 0.99807125
1.0 0.99732345
1.0 0.7984764
0.0 0.0053787
1.0 0.99710053
1.0 0.95985276
1.0 0.9633903
0.0 0.0022036554
0.0 0.0033149438
1.0 0.99417454
0.0 0.0014677297
0.0 0.0016938635
1.0 0.9983714
1.0 0.9963631
1.0 0.9933776
1.0 0.9968267
1.0 0.4886048
1.0 0.9967955
0.0 0.0023106062
0.0 0.0023832722
0.0 0.0034073454
0.0 0.0016966042
1.0 0.99258864
1.0 0.99772066
0.0 0.0080073755
0.0 0.0021037585
0.0 0.0015490385
0.0 0.0014677297
1.0 0.047342274
0.0 0.0016853662
0.0 0.029454028
0.0 0.4489537
1.0 0.9925889
1.0 0.98739994
0.0 0.0021356307
0.0 0.0017964636
1.0 0.99823713
1.0 0.99766773
0.0 0.0035855798
1.0 0.9983901
1.0 0.9982493
1.0 0.99596846
0.0 0.002198806
1.0 0.99752825
0.0 0.002083624
1.0 0.9983791
0.0 0.018135302
0.0 0.0031137043
1.0 0.9977986
1.0 0.9984353
1.0 0.9927255
0.0 0.0050641606
0.0 0.0026697118
0.0 0.01244633
0.0 0.0022555871
0.0 0.009212625
1.0 0.99823254
0.0 0.002171246
1.0 0.9972343
1.0 0.99801886
0.0 0.14589937
1.0 0.99837995
0.0 0.0025634712
0.0 0.001548874
0.0 0.0018488299
0.0 0.0023512312
1.0 0.99402124
1.0 0.99831486
0.0 0.0017544699
1.0 0.99850875
1.0 0.9937198
1.0 0.967288
0.0 0.003856149
0.0 0.00271108
0.0 0.0018973985
1.0 0.99811566
1.0 0.99799806
1.0 0.9946984
0.0 0.0026121147
0.0 0.037187953
0.0 0.001873471
1.0 0.99849474
1.0 0.99520975
0.0 0.002015346
0.0 0.00267528
0.0 0.022635603
0.0 0.0024920874
0.0 0.0039172643
1.0 0.99813193
0.0 0.1424599
0.0 0.006280101
0.0 0.0017544699
0.0 0.002411956
1.0 0.99538016
0.0 0.0022528695
1.0 0.998099
0.0 0.0021402775
0.0 0.002692252
1.0 0.998467
0.0 0.0025250078
1.0 0.9976301
1.0 0.996639
0.0 0.013382288
1.0 0.9694846
1.0 0.97983336
1.0 0.99416995
1.0 0.9895611
1.0 0.99385947
0.0 0.0026004594
1.0 0.99821436
1.0 0.9985545
1.0 0.9947653
0.0 0.0052559883
1.0 0.99542207
1.0 0.99854916
0.0 0.012138402
1.0 0.99768734
0.0 0.0016708028
0.0 0.0022931788
0.0 0.0024920874
1.0 0.99667215
1.0 0.998156
1.0 0.99532086
0.0 0.001871335
0.0 0.002827912
0.0 0.007042849
1.0 0.9978538
0.0 0.007982699
1.0 0.99756324
1.0 0.9980584
0.0 0.0016278048
1.0 0.050417244
1.0 0.99828595
0.0 0.14322647
1.0 0.9983714
1.0 0.964954
0.0 0.003235159
1.0 0.9973604
0.0 0.0023949107
1.0 0.998351
1.0 0.99632436
1.0 0.9955171
0.0 0.0053787
1.0 0.9978992
0.0 0.0017353559
1.0 0.98739994
0.0 0.0020298983
0.0 0.0015583712
1.0 0.07940018
0.0 0.0016039663
1.0 0.6925755
1.0 0.9984451
0.0 0.020513048
0.0 0.002171246
0.0 0.1338732
0.0 0.0050641606
1.0 0.62174034
1.0 0.86601424
1.0 0.99504304
1.0 0.99848586
1.0 0.9983724
0.0 0.0023875388
1.0 0.99806744
0.0 0.0033462464
0.0 0.2513989
1.0 0.99860364
1.0 0.99843925
1.0 0.99815995
0.0 0.0019245617
1.0 0.9976373
0.0 0.0026906314
0.0 0.0035086111
1.0 0.99861073
1.0 0.9973394
1.0 0.9980313
1.0 0.99802977
0.0 0.12535916
0.0 0.0022987854
1.0 0.99828607
1.0 0.9983876
0.0 0.0019668683
1.0 0.9980356
1.0 0.99762684
1.0 0.6866555
1.0 0.9959656
0.0 0.002880221
1.0 0.99794275
1.0 0.99833953
0.0 0.006748916
0.0 0.0023832722
1.0 0.9956638
1.0 0.9850176
0.0 0.0046277037
1.0 0.9849878
0.0 0.0020297437
1.0 0.99823403
0.0 0.0026462346
1.0 0.9983985
1.0 0.99484056
1.0 0.998623
1.0 0.99855345
0.0 0.9517329
1.0 0.9980507
1.0 0.9984005
1.0 0.8307264
0.0 0.002692252
1.0 0.99402034
0.0 0.0035609147
0.0 0.0022931788
1.0 0.8912639
0.0 0.002539143
0.0 0.1338732
0.0 0.0117725395
1.0 0.9975331
0.0 0.0017456049
0.0 0.0024872087
1.0 0.86172223
1.0 0.9984358
1.0 0.93486226
1.0 0.9512279
0.0 0.0030352224
