true vs pred:
0.0 0.44599962
1.0 0.9891929
1.0 0.9971944
1.0 0.9972715
1.0 0.99509346
0.0 0.014685193
1.0 0.9945884
1.0 0.25186828
0.0 0.008523065
1.0 0.9971501
1.0 0.9923995
1.0 0.9960043
1.0 0.996702
1.0 0.98930603
0.0 0.052592136
1.0 0.9970931
1.0 0.99718684
0.0 0.0041804076
1.0 0.9938198
1.0 0.9972023
1.0 0.99552673
1.0 0.99364495
0.0 0.09529474
1.0 0.99609935
1.0 0.9964767
1.0 0.86022633
0.0 0.006907913
1.0 0.9681977
1.0 0.8646567
1.0 0.7102275
1.0 0.9277573
0.0 0.012404814
1.0 0.9962954
0.0 0.005320034
1.0 0.99657613
1.0 0.9715337
1.0 0.9975037
1.0 0.9968227
0.0 0.5297135
1.0 0.9929594
1.0 0.99643755
1.0 0.5722254
0.0 0.0039062873
1.0 0.9620261
0.0 0.008077959
0.0 0.008469608
0.0 0.09075055
0.0 0.0060365484
1.0 0.989767
1.0 0.94506395
1.0 0.99539715
0.0 0.006241975
1.0 0.26630226
0.0 0.21576256
1.0 0.9965031
1.0 0.7042397
1.0 0.8337812
0.0 0.29189536
1.0 0.767504
0.0 0.030952686
1.0 0.9969469
1.0 0.94876575
1.0 0.98708504
1.0 0.9911342
0.0 0.016768368
1.0 0.99667156
1.0 0.56943107
1.0 0.9971697
1.0 0.9961832
1.0 0.99513066
0.0 0.006952201
1.0 0.99720216
0.0 0.0032958242
1.0 0.99398994
1.0 0.995355
1.0 0.9962418
1.0 0.62456024
0.0 0.9502788
1.0 0.9974891
0.0 0.012410483
1.0 0.9593039
1.0 0.997223
1.0 0.8594533
0.0 0.004845858
0.0 0.014042312
1.0 0.9963798
1.0 0.99607545
1.0 0.995826
0.0 0.08839279
1.0 0.9908834
1.0 0.96949536
0.0 0.010123022
1.0 0.9900906
0.0 0.070867635
1.0 0.99652183
1.0 0.997068
0.0 0.6699656
1.0 0.9962535
0.0 0.83582574
0.0 0.0787061
0.0 0.38712114
1.0 0.8740333
0.0 0.029523872
1.0 0.6389108
1.0 0.99063736
1.0 0.941883
0.0 0.009552914
0.0 0.0229673
1.0 0.9942146
1.0 0.9963994
1.0 0.98813194
1.0 0.99704045
1.0 0.9405534
0.0 0.0040959185
0.0 0.0058126003
0.0 0.43150508
0.0 0.04077
1.0 0.9969284
1.0 0.99493283
1.0 0.9895314
0.0 0.0075156153
0.0 0.0043353573
1.0 0.99471766
0.0 0.010719481
0.0 0.005307478
1.0 0.9742241
1.0 0.9767007
1.0 0.99484587
1.0 0.97963655
1.0 0.99244237
0.0 0.0047328635
1.0 0.9767007
0.0 0.010549349
0.0 0.004457761
0.0 0.01098008
1.0 0.8737182
1.0 0.9973048
1.0 0.99102634
1.0 0.99730754
1.0 0.9939651
1.0 0.9885373
1.0 0.99712926
1.0 0.97581667
0.0 0.008667205
1.0 0.9972805
1.0 0.9934135
1.0 0.2735726
0.0 0.39748585
1.0 0.99516284
0.0 0.004796102
0.0 0.008577214
0.0 0.0033013741
1.0 0.9943895
0.0 0.008968575
0.0 0.0052584424
1.0 0.8474827
0.0 0.8983665
0.0 0.4499768
0.0 0.40300012
1.0 0.99325037
0.0 0.003597723
0.0 0.004796102
1.0 0.9956873
1.0 0.98166025
1.0 0.2919181
0.0 0.09811294
1.0 0.82203263
0.0 0.006550727
1.0 0.7927529
1.0 0.9679994
1.0 0.99295145
1.0 0.98776513
1.0 0.94690055
1.0 0.99349385
1.0 0.99507165
1.0 0.9961378
1.0 0.99681157
1.0 0.8926579
0.0 0.0040959185
0.0 0.003900451
0.0 0.0056351316
1.0 0.99601656
0.0 0.008577214
1.0 0.61019963
1.0 0.9969381
1.0 0.94876575
0.0 0.026727548
1.0 0.9969013
1.0 0.9946302
1.0 0.99567324
1.0 0.56702036
0.0 0.0787061
1.0 0.9679994
0.0 0.008645396
1.0 0.9937266
1.0 0.72994715
0.0 0.016947836
0.0 0.007730676
1.0 0.99165994
0.0 0.005280855
1.0 0.9970291
1.0 0.82550544
1.0 0.9945964
1.0 0.9935109
1.0 0.9767007
0.0 0.29411495
0.0 0.036661617
1.0 0.9782081
0.0 0.004685039
1.0 0.9974662
1.0 0.9935235
1.0 0.99725145
1.0 0.9784152
0.0 0.56795496
1.0 0.9973953
1.0 0.9822618
0.0 0.008688376
1.0 0.99557096
1.0 0.9266409
1.0 0.9654749
0.0 0.004989404
0.0 0.0068359743
1.0 0.99560946
1.0 0.9971316
0.0 0.004889056
0.0 0.00847117
1.0 0.89905304
1.0 0.99649566
0.0 0.32238182
1.0 0.99446386
