true vs pred:
1.0 0.7509082
1.0 0.9954757
1.0 0.99725145
1.0 0.99796754
1.0 0.9939865
1.0 0.99851197
1.0 0.76368904
1.0 0.90903777
1.0 0.9907601
1.0 0.99707186
1.0 0.9986259
1.0 0.997133
1.0 0.997528
1.0 0.99495333
1.0 0.9976158
1.0 0.9938699
1.0 0.99721503
1.0 0.99824893
1.0 0.9791812
0.0 0.5260587
1.0 0.9952507
1.0 0.9977258
0.0 0.007359761
0.0 0.023915568
0.0 0.97276527
1.0 0.99639374
1.0 0.99839956
1.0 0.9977527
0.0 0.39043096
0.0 0.011586539
1.0 0.91261655
1.0 0.9976412
1.0 0.993359
1.0 0.9985096
1.0 0.9983058
1.0 0.9963075
0.0 0.46482185
0.0 0.020814467
1.0 0.9980159
0.0 0.8681778
0.0 0.0036370805
0.0 0.94319016
1.0 0.99816763
1.0 0.99716526
1.0 0.9762889
1.0 0.9981345
0.0 0.0071915304
1.0 0.99816763
0.0 0.0030491608
0.0 0.017524017
1.0 0.90903777
1.0 0.9982145
1.0 0.9978271
1.0 0.9759143
1.0 0.99836093
1.0 0.9955485
1.0 0.98884434
1.0 0.9986259
1.0 0.9483326
0.0 0.007848597
1.0 0.99829954
1.0 0.9983808
1.0 0.99744356
0.0 0.027027149
1.0 0.99647814
0.0 0.018375
0.0 0.159234
0.0 0.033147532
1.0 0.99631506
0.0 0.016286908
0.0 0.05969212
1.0 0.9521965
0.0 0.2020347
0.0 0.025348673
1.0 0.99790597
1.0 0.99758327
0.0 0.003481113
0.0 0.01750453
1.0 0.9962651
1.0 0.9980586
1.0 0.99812216
1.0 0.9945322
1.0 0.997827
1.0 0.9527019
1.0 0.39237836
1.0 0.9980951
1.0 0.9981511
1.0 0.9808461
0.0 0.8781571
1.0 0.99823904
1.0 0.9983368
1.0 0.996655
1.0 0.99699545
1.0 0.9982145
0.0 0.011586539
0.0 0.026740035
0.0 0.002175785
1.0 0.9987398
0.0 0.159234
0.0 0.061558504
1.0 0.99696857
1.0 0.9984439
1.0 0.9803068
1.0 0.99810034
1.0 0.99863595
1.0 0.9904943
0.0 0.027364729
1.0 0.9935621
1.0 0.99813026
0.0 0.0028980577
1.0 0.9801191
1.0 0.47152245
0.0 0.016387476
1.0 0.505026
1.0 0.99842155
1.0 0.95871735
1.0 0.9960657
0.0 0.26024136
1.0 0.9836934
1.0 0.97967654
1.0 0.99816763
0.0 0.052508555
1.0 0.9959687
0.0 0.37997606
0.0 0.0067326343
1.0 0.99853873
1.0 0.9841286
1.0 0.9980471
1.0 0.9025252
1.0 0.99737513
1.0 0.99846965
1.0 0.9958234
0.0 0.026428642
1.0 0.99383485
1.0 0.9825402
1.0 0.57081574
0.0 0.009441689
1.0 0.39407083
1.0 0.9986979
1.0 0.99736196
0.0 0.022795089
0.0 0.22391789
1.0 0.9257768
1.0 0.99862814
1.0 0.9946503
1.0 0.9908285
1.0 0.9985195
1.0 0.93088573
1.0 0.99813855
0.0 0.0361413
1.0 0.98871803
0.0 0.003955764
1.0 0.9454402
1.0 0.9931125
1.0 0.998254
0.0 0.009194506
1.0 0.99836403
0.0 0.006880404
1.0 0.31655905
1.0 0.99693215
1.0 0.45225286
0.0 0.11257683
1.0 0.9986187
1.0 0.998445
1.0 0.9949833
1.0 0.9454402
1.0 0.998456
1.0 0.9935454
1.0 0.99858236
0.0 0.10864472
1.0 0.7890564
1.0 0.97205913
1.0 0.99782616
1.0 0.9985373
1.0 0.3444349
1.0 0.99083626
1.0 0.9972274
1.0 0.911721
1.0 0.9982535
1.0 0.99442625
0.0 0.051312678
1.0 0.9982765
1.0 0.96669245
0.0 0.17922197
1.0 0.7121382
1.0 0.9946503
1.0 0.99825317
1.0 0.99835074
1.0 0.9977443
1.0 0.99404824
1.0 0.99366236
0.0 0.026939634
0.0 0.002408765
0.0 0.14667551
0.0 0.2792175
1.0 0.99766433
1.0 0.99293876
1.0 0.9984479
1.0 0.99716383
0.0 0.082901396
1.0 0.98494697
1.0 0.9977258
1.0 0.996188
1.0 0.994799
0.0 0.0071915304
0.0 0.055796873
0.0 0.0023255763
1.0 0.9958198
0.0 0.03949804
1.0 0.9985801
1.0 0.9965765
1.0 0.99867404
1.0 0.9957282
1.0 0.9385852
0.0 0.015406714
1.0 0.99773335
1.0 0.99847
1.0 0.8288275
1.0 0.9963922
1.0 0.9791812
1.0 0.966403
1.0 0.99687505
1.0 0.89162153
1.0 0.99812216
0.0 0.32239926
1.0 0.97205913
0.0 0.15685505
1.0 0.9946682
1.0 0.9910158
1.0 0.9969047
