true vs pred:
0.0 0.42385083
1.0 0.9958391
1.0 0.99594915
1.0 0.98470426
1.0 0.98985004
1.0 0.99713767
0.0 0.73662764
1.0 0.99131155
0.0 0.017690202
1.0 0.9970503
1.0 0.99311596
0.0 0.045182984
1.0 0.98198295
1.0 0.9969157
1.0 0.99562585
1.0 0.9896589
1.0 0.9969117
1.0 0.9667311
0.0 0.04184154
1.0 0.99665004
1.0 0.99605054
0.0 0.04567
1.0 0.8288524
1.0 0.27786168
1.0 0.14720765
1.0 0.9917059
1.0 0.99671066
1.0 0.99571145
1.0 0.9885793
0.0 0.12896834
1.0 0.9582252
1.0 0.95425546
1.0 0.9965502
0.0 0.03455781
1.0 0.99642146
0.0 0.18999258
0.0 0.88198763
1.0 0.99557316
1.0 0.91172636
1.0 0.99217963
0.0 0.66995424
1.0 0.99660826
1.0 0.9960485
1.0 0.983479
0.0 0.44692206
1.0 0.9689845
1.0 0.82955384
1.0 0.31185564
0.0 0.8009268
1.0 0.9901112
1.0 0.9970975
1.0 0.99012053
1.0 0.95704615
1.0 0.9927857
1.0 0.42503753
1.0 0.997036
1.0 0.9953113
1.0 0.94207954
1.0 0.99574655
0.0 0.760012
1.0 0.9962328
0.0 0.047651786
1.0 0.90200835
0.0 0.1944939
1.0 0.99530774
1.0 0.96047115
1.0 0.99268883
0.0 0.818716
1.0 0.99674547
0.0 0.15299821
0.0 0.041946914
1.0 0.98604494
1.0 0.99267274
1.0 0.97390616
1.0 0.9970361
1.0 0.9955978
1.0 0.98713374
1.0 0.9949969
1.0 0.9948696
1.0 0.996424
1.0 0.9969054
0.0 0.06841849
0.0 0.17062095
1.0 0.99611616
1.0 0.9932361
1.0 0.9963594
1.0 0.9930843
1.0 0.7100867
1.0 0.9904028
1.0 0.72894686
1.0 0.9959131
1.0 0.9816127
0.0 0.98665094
1.0 0.99398017
1.0 0.99446845
1.0 0.97197837
0.0 0.5841479
1.0 0.99531186
1.0 0.9969105
1.0 0.99594915
1.0 0.996507
1.0 0.98230666
1.0 0.97995716
0.0 0.05828747
0.0 0.121980034
1.0 0.91223615
0.0 0.4205026
1.0 0.9916761
1.0 0.96605897
1.0 0.99710196
1.0 0.9909821
0.0 0.07071149
1.0 0.93947047
1.0 0.9966053
1.0 0.99668735
1.0 0.98106754
0.0 0.85463434
0.0 0.9862829
0.0 0.029106915
1.0 0.95640707
0.0 0.045130588
1.0 0.99513406
1.0 0.97687316
1.0 0.9972941
1.0 0.9765087
1.0 0.9957386
1.0 0.14720765
1.0 0.9916027
1.0 0.9968927
1.0 0.6768555
1.0 0.984734
1.0 0.99536884
1.0 0.9945634
1.0 0.99634653
1.0 0.46142447
1.0 0.9945576
0.0 0.08657566
1.0 0.99611616
0.0 0.36719128
1.0 0.979116
1.0 0.95085603
1.0 0.9967332
0.0 0.017690202
1.0 0.93903065
1.0 0.99684995
1.0 0.98334587
0.0 0.11090627
0.0 0.37746543
1.0 0.82989514
1.0 0.9961061
1.0 0.9943909
1.0 0.99698025
1.0 0.99423003
1.0 0.9585966
1.0 0.9964684
1.0 0.9315904
1.0 0.996802
1.0 0.99690956
1.0 0.78983086
1.0 0.9796535
1.0 0.9766816
1.0 0.9904345
1.0 0.94475955
0.0 0.8812748
1.0 0.46257555
0.0 0.03414257
1.0 0.9733236
1.0 0.88990676
1.0 0.958188
1.0 0.9968266
1.0 0.97937393
0.0 0.061743703
1.0 0.9850562
1.0 0.99715143
1.0 0.996896
1.0 0.7118832
0.0 0.05356007
1.0 0.98822683
1.0 0.95704615
1.0 0.9972941
1.0 0.5227571
1.0 0.7426415
1.0 0.9952028
0.0 0.014874936
1.0 0.53235155
0.0 0.010469995
0.0 0.4940916
0.0 0.015481451
1.0 0.9934522
1.0 0.92957723
0.0 0.12030994
0.0 0.08723511
1.0 0.99690837
1.0 0.9290084
1.0 0.840989
1.0 0.99710804
1.0 0.98362297
0.0 0.0858126
1.0 0.9949833
1.0 0.9959131
0.0 0.007563942
1.0 0.9965211
0.0 0.60629046
1.0 0.9952864
1.0 0.99678
1.0 0.9959413
1.0 0.96937615
1.0 0.7450518
1.0 0.9934522
1.0 0.99628216
1.0 0.9840072
1.0 0.9933148
0.0 0.73662764
0.0 0.033748377
0.0 0.21315624
0.0 0.88202137
1.0 0.997006
1.0 0.99703586
1.0 0.950019
1.0 0.99359083
0.0 0.4571416
1.0 0.990785
1.0 0.995596
0.0 0.033951674
1.0 0.9970188
1.0 0.98738354
0.0 0.024040543
0.0 0.07983832
1.0 0.98893934
1.0 0.78617233
