true vs pred:
1.0 0.7086868
1.0 0.9941117
1.0 0.9956605
1.0 0.9952466
1.0 0.99643266
1.0 0.99124485
0.0 0.0067995274
0.0 0.0136026535
0.0 0.005912529
1.0 0.99693716
0.0 0.05051168
0.0 0.27700305
1.0 0.99641186
1.0 0.9914102
0.0 0.38049725
1.0 0.99666214
1.0 0.99624264
1.0 0.99438417
1.0 0.07732619
1.0 0.823578
1.0 0.9925793
0.0 0.007991037
1.0 0.9902885
1.0 0.55762
0.0 0.013467033
0.0 0.09537799
1.0 0.99412847
0.0 0.035046995
1.0 0.9963504
1.0 0.5240587
1.0 0.9935406
1.0 0.9894609
1.0 0.99451596
0.0 0.097088054
1.0 0.80866694
0.0 0.9159053
0.0 0.007898513
1.0 0.9972825
1.0 0.99091375
1.0 0.99673635
1.0 0.9023655
1.0 0.9373823
1.0 0.997343
1.0 0.96545917
0.0 0.010783987
1.0 0.99415624
1.0 0.77929354
1.0 0.75508606
0.0 0.010298614
0.0 0.06622926
1.0 0.9964929
1.0 0.99660623
0.0 0.008862785
0.0 0.047071755
1.0 0.8450044
1.0 0.9967776
1.0 0.82472163
1.0 0.9917195
1.0 0.99717736
1.0 0.97395545
1.0 0.9950027
0.0 0.10738225
1.0 0.99544597
0.0 0.0056192214
0.0 0.26416817
1.0 0.99271315
1.0 0.9973264
0.0 0.010422744
1.0 0.9939745
0.0 0.012137384
1.0 0.25285453
1.0 0.9949515
0.0 0.025780823
0.0 0.018759597
1.0 0.9967618
1.0 0.9970901
1.0 0.9938803
0.0 0.19823007
1.0 0.99724305
1.0 0.8911799
1.0 0.99552035
1.0 0.9058703
1.0 0.7956595
0.0 0.17974947
1.0 0.9964406
1.0 0.9974739
0.0 0.027031006
1.0 0.9847333
1.0 0.9939083
1.0 0.9594924
1.0 0.99438214
1.0 0.9958891
0.0 0.010810592
1.0 0.9963111
0.0 0.30494967
0.0 0.03445892
1.0 0.5506343
1.0 0.8220665
1.0 0.9923465
1.0 0.9956605
1.0 0.98755056
1.0 0.9938764
1.0 0.99592835
0.0 0.19309312
0.0 0.004277047
0.0 0.0256253
1.0 0.5833709
1.0 0.9971054
1.0 0.99301845
1.0 0.9957035
1.0 0.9955711
0.0 0.33774143
1.0 0.9929543
1.0 0.98955196
1.0 0.6954363
1.0 0.9957333
0.0 0.00745962
0.0 0.0102004
0.0 0.004046573
1.0 0.9949667
0.0 0.42333466
1.0 0.997246
1.0 0.9968546
1.0 0.9963153
1.0 0.994307
0.0 0.041090045
0.0 0.013467033
1.0 0.9959292
1.0 0.9954144
1.0 0.9454725
1.0 0.99340993
0.0 0.31516865
0.0 0.33528608
1.0 0.9547025
1.0 0.52464366
1.0 0.99671006
1.0 0.4257526
0.0 0.17974947
1.0 0.37719274
1.0 0.99532866
1.0 0.9913864
1.0 0.80656856
0.0 0.005912529
1.0 0.9544812
1.0 0.98076653
1.0 0.99667776
0.0 0.0066656307
1.0 0.9401164
0.0 0.010346402
0.0 0.19223617
1.0 0.9971623
1.0 0.9833739
1.0 0.9971482
1.0 0.9944906
1.0 0.9591748
1.0 0.99155784
1.0 0.9974784
1.0 0.9728329
0.0 0.009111846
1.0 0.99154717
0.0 0.016175706
1.0 0.9954685
1.0 0.9946884
1.0 0.9794008
0.0 0.0270348
0.0 0.0041627344
1.0 0.9767858
1.0 0.93507195
1.0 0.99426633
1.0 0.97141784
1.0 0.9939294
0.0 0.0058039795
1.0 0.99354583
1.0 0.9919403
1.0 0.9949641
1.0 0.81030357
1.0 0.16404366
0.0 0.01354528
0.0 0.008862785
1.0 0.9963153
0.0 0.0056200256
1.0 0.8028421
1.0 0.9968257
0.0 0.005420225
1.0 0.95529884
0.0 0.055478986
1.0 0.61029196
0.0 0.0044194944
0.0 0.027178094
1.0 0.9916694
0.0 0.0043578013
0.0 0.0062914286
1.0 0.9963515
1.0 0.9709364
0.0 0.010282516
1.0 0.9914273
1.0 0.9954234
1.0 0.30863848
1.0 0.9973949
1.0 0.99438214
0.0 0.01345054
1.0 0.9906742
1.0 0.57333314
1.0 0.9972366
1.0 0.99400204
0.0 0.12770617
1.0 0.99501204
0.0 0.0064687775
0.0 0.027178094
1.0 0.9472468
1.0 0.99598384
1.0 0.9970709
0.0 0.0067995274
0.0 0.007102764
0.0 0.005670696
1.0 0.71865374
1.0 0.9932662
1.0 0.99562186
1.0 0.98748916
0.0 0.07661774
0.0 0.8896104
0.0 0.07483523
0.0 0.03099215
0.0 0.0073810355
1.0 0.99325776
0.0 0.031344976
0.0 0.087076165
1.0 0.6347859
1.0 0.99520713
1.0 0.99070436
