true vs pred:
1.0 0.9998647
1.0 0.9998789
1.0 0.13344936
0.0 0.052365936
1.0 0.99986935
1.0 0.69573927
1.0 0.9999138
1.0 0.9921652
1.0 0.99985695
1.0 0.99988127
1.0 0.9998779
1.0 0.9908409
1.0 0.9908409
1.0 0.99986744
1.0 0.99987745
1.0 0.9998783
1.0 0.99988246
1.0 0.7347421
1.0 0.9998622
1.0 0.9999169
1.0 0.9998759
1.0 0.99988246
1.0 0.9997173
1.0 0.73367155
1.0 0.9998764
1.0 0.9998845
1.0 0.9998789
1.0 0.99988246
1.0 0.9997173
1.0 0.99986374
1.0 0.99985695
1.0 0.9930623
0.0 0.040295668
1.0 0.99989355
1.0 0.99985695
1.0 0.9998894
1.0 0.9917692
1.0 0.9998759
1.0 0.9908409
1.0 0.99987864
1.0 0.99969316
1.0 0.9999157
1.0 0.97507495
1.0 0.99986935
1.0 0.9908409
1.0 0.99991393
1.0 0.9998647
1.0 0.99987495
1.0 0.13668284
1.0 0.97766465
1.0 0.9998622
1.0 0.09756431
1.0 0.999879
1.0 0.99987483
1.0 0.10930188
0.0 0.014925638
0.0 0.029813243
1.0 0.99988127
1.0 0.97766465
1.0 0.99986935
0.0 0.029880453
0.0 0.04561806
1.0 0.99970514
1.0 0.7477486
1.0 0.9998827
1.0 0.99969316
0.0 0.020081455
1.0 0.9999167
1.0 0.9998789
1.0 0.9998622
0.0 0.0419941
0.0 0.025083268
1.0 0.9998827
1.0 0.9998925
1.0 0.99986935
1.0 0.9998691
1.0 0.9999138
0.0 0.04333544
1.0 0.9921652
0.0 0.023991356
1.0 0.9998779
1.0 0.99986744
1.0 0.99971455
1.0 0.09756431
1.0 0.9906404
1.0 0.99017197
1.0 0.9998827
0.0 0.040295668
1.0 0.9998827
1.0 0.12453991
1.0 0.9997205
1.0 0.99987864
1.0 0.99970704
0.0 0.019431
0.0 0.049176008
1.0 0.9999169
0.0 0.014328361
1.0 0.7122559
1.0 0.99987745
1.0 0.9998847
1.0 0.99970514
1.0 0.9998783
1.0 0.9921652
1.0 0.9998827
1.0 0.99972063
1.0 0.99985695
0.0 0.04333544
0.0 0.07690131
1.0 0.71656436
0.0 0.018467054
1.0 0.9998647
1.0 0.9998807
1.0 0.9998894
1.0 0.99988246
1.0 0.9998779
0.0 0.01601533
0.0 0.07317754
0.0 0.040295668
1.0 0.9998925
1.0 0.99969316
1.0 0.9998801
1.0 0.99986744
1.0 0.99988484
0.0 0.029464453
1.0 0.9998647
0.0 0.014328361
1.0 0.97507495
1.0 0.99987626
1.0 0.9998889
1.0 0.9998847
1.0 0.9998894
0.0 0.016052283
1.0 0.99988246
1.0 0.99235815
1.0 0.9906404
0.0 0.0419941
1.0 0.9998764
1.0 0.69573927
1.0 0.99988246
0.0 0.019431
1.0 0.9999143
1.0 0.9998845
0.0 0.040295668
1.0 0.13668284
0.0 0.049176008
1.0 0.99988127
0.0 0.014328361
1.0 0.9998809
1.0 0.9998721
1.0 0.9998691
1.0 0.96256804
1.0 0.99235815
0.0 0.037005402
0.0 0.01601533
0.0 0.04333544
1.0 0.99988484
0.0 0.01601533
1.0 0.999866
1.0 0.9998847
1.0 0.092440896
1.0 0.9998888
1.0 0.8220571
1.0 0.99989355
1.0 0.99970514
0.0 0.029464453
1.0 0.99988294
1.0 0.9998938
1.0 0.9921652
1.0 0.9906404
1.0 0.17138895
1.0 0.9998827
1.0 0.99988246
1.0 0.12137827
1.0 0.9998779
1.0 0.999912
0.0 0.014328361
1.0 0.9999157
1.0 0.13668284
1.0 0.9998925
1.0 0.99017197
1.0 0.10930188
1.0 0.999912
1.0 0.99989104
0.0 0.034252122
1.0 0.99986374
1.0 0.99986744
1.0 0.9998827
0.0 0.052365936
0.0 0.037005402
0.0 0.016052283
1.0 0.9999143
1.0 0.9998691
1.0 0.99989355
1.0 0.7405855
1.0 0.99986935
1.0 0.9998827
1.0 0.99989855
0.0 0.029880453
1.0 0.71656436
0.0 0.037005402
1.0 0.9998691
1.0 0.9997445
1.0 0.12453991
1.0 0.99987495
1.0 0.7405855
1.0 0.99970514
0.0 0.018467054
1.0 0.7122559
1.0 0.99235815
0.0 0.01601533
1.0 0.9998776
1.0 0.99991393
1.0 0.69573927
1.0 0.99278426
1.0 0.9998783
1.0 0.9998833
1.0 0.99235815
1.0 0.9675723
1.0 0.12185518
1.0 0.99988246
1.0 0.99988294
1.0 0.9998888
1.0 0.9998878
1.0 0.8220571
1.0 0.9998807
1.0 0.9998776
1.0 0.9921652
1.0 0.9999157
1.0 0.9998759
1.0 0.9998902
1.0 0.7347421
1.0 0.71656436
0.0 0.029813243
1.0 0.97766465
1.0 0.9997445
1.0 0.9998653
1.0 0.9998925
1.0 0.9998845
1.0 0.9998795
1.0 0.9998902
1.0 0.99987936
1.0 0.9999107
1.0 0.9999143
1.0 0.9930623
1.0 0.9921652
1.0 0.99969745
1.0 0.9999167
1.0 0.9998764
1.0 0.9998691
1.0 0.99987626
1.0 0.9675723
1.0 0.9998894
1.0 0.99988663
1.0 0.99234605
1.0 0.9998801
1.0 0.9998779
1.0 0.99988127
1.0 0.9999138
1.0 0.9672838
0.0 0.04561806
1.0 0.97507495
1.0 0.9999125
0.0 0.0150350155
1.0 0.96256804
1.0 0.9998878
1.0 0.9998827
1.0 0.9998634
0.0 0.023991356
1.0 0.9998809
1.0 0.7122559
1.0 0.99987626
1.0 0.13668284
0.0 0.037005402
1.0 0.9999157
0.0 0.029813243
1.0 0.99970704
1.0 0.9999169
1.0 0.9998801
1.0 0.99987626
1.0 0.9998691
1.0 0.9998827
0.0 0.016052283
1.0 0.69573927
1.0 0.9998779
1.0 0.99987864
1.0 0.99987626
1.0 0.9997445
1.0 0.9930623
1.0 0.9998691
1.0 0.99989355
1.0 0.73367155
1.0 0.9999157
1.0 0.9998779
1.0 0.99985695
1.0 0.96309906
1.0 0.99988294
1.0 0.99991393
1.0 0.97766465
1.0 0.99972063
1.0 0.99989855
1.0 0.96309906
1.0 0.9998779
1.0 0.9998721
1.0 0.99989307
1.0 0.9998801
1.0 0.97507495
1.0 0.97766465
0.0 0.029880453
1.0 0.9998783
1.0 0.9998894
1.0 0.7122559
1.0 0.9998721
1.0 0.99988663
0.0 0.031039793
1.0 0.9998815
1.0 0.999912
1.0 0.9908409
1.0 0.9997205
1.0 0.09756431
1.0 0.99987745
1.0 0.8292585
1.0 0.99017197
0.0 0.020308262
1.0 0.9997445
1.0 0.99989855
1.0 0.96256804
1.0 0.9921652
1.0 0.99988294
1.0 0.9998902
1.0 0.9997185
1.0 0.7347421
1.0 0.9917692
1.0 0.9998894
1.0 0.9998776
1.0 0.9998801
1.0 0.9998789
0.0 0.0419941
0.0 0.049176008
1.0 0.71656436
1.0 0.99989855
1.0 0.9999167
1.0 0.8220571
1.0 0.9997185
1.0 0.9998833
1.0 0.9999143
1.0 0.99986374
0.0 0.023991356
1.0 0.97507495
0.0 0.0419941
1.0 0.99970514
1.0 0.12137827
0.0 0.029813243
0.0 0.052365936
1.0 0.64300555
0.0 0.07317754
1.0 0.9998888
1.0 0.13344936
0.0 0.031039793
1.0 0.8292585
1.0 0.9998938
1.0 0.9997173
1.0 0.10930188
1.0 0.9764181
1.0 0.99986374
1.0 0.96686214
1.0 0.999879
1.0 0.9998902
1.0 0.9998809
1.0 0.9998776
1.0 0.99987936
1.0 0.9764181
1.0 0.99987936
1.0 0.9998925
0.0 0.01601533
1.0 0.8220571
1.0 0.99234605
1.0 0.99987626
1.0 0.9999143
1.0 0.13668284
1.0 0.9998902
1.0 0.9999167
1.0 0.99987066
1.0 0.9921652
1.0 0.9998845
1.0 0.99988246
1.0 0.9998764
1.0 0.99986374
1.0 0.99986374
1.0 0.73367155
1.0 0.12453991
1.0 0.9998925
1.0 0.8220571
1.0 0.99987495
1.0 0.9906404
0.0 0.020255031
0.0 0.014925638
1.0 0.9998833
1.0 0.9998779
1.0 0.9998894
1.0 0.99988246
1.0 0.96256804
1.0 0.9998759
1.0 0.17138895
1.0 0.9998902
0.0 0.023260904
1.0 0.13344936
1.0 0.97766465
1.0 0.9998925
0.0 0.07317754
1.0 0.9998925
0.0 0.014925638
1.0 0.99969745
1.0 0.99017197
0.0 0.023991356
0.0 0.040295668
1.0 0.9998889
1.0 0.9998888
1.0 0.96686214
1.0 0.99234605
1.0 0.9998759
1.0 0.99987626
1.0 0.9921652
1.0 0.99988294
0.0 0.0419941
1.0 0.9998827
0.0 0.021330083
1.0 0.9998845
1.0 0.13668284
1.0 0.9998789
1.0 0.99988127
1.0 0.99988127
1.0 0.9998779
1.0 0.99988127
1.0 0.9999118
1.0 0.9997185
0.0 0.023260904
1.0 0.9998801
0.0 0.014925638
1.0 0.12137827
1.0 0.69573927
1.0 0.96256804
1.0 0.9998827
1.0 0.9998779
1.0 0.99986744
1.0 0.99988294
0.0 0.029813243
0.0 0.029880453
1.0 0.9998827
1.0 0.99970704
1.0 0.99988246
1.0 0.9675723
1.0 0.9998845
1.0 0.7347421
1.0 0.09756431
0.0 0.029813243
1.0 0.9997205
1.0 0.99969316
1.0 0.7405855
1.0 0.9999125
1.0 0.96686214
1.0 0.99986935
1.0 0.9998827
0.0 0.014925638
1.0 0.10930188
1.0 0.99971455
1.0 0.14005356
1.0 0.9998647
0.0 0.025083268
0.0 0.04333544
0.0 0.016052283
0.0 0.037005402
0.0 0.029464453
1.0 0.9998925
0.0 0.016464485
1.0 0.09756431
1.0 0.12453991
1.0 0.9998888
0.0 0.016052283
1.0 0.99969745
1.0 0.9930623
1.0 0.999881
1.0 0.9930623
1.0 0.9997185
1.0 0.9999143
0.0 0.019431
0.0 0.014328361
0.0 0.0150350155
1.0 0.99986374
0.0 0.021330083
1.0 0.12137827
1.0 0.9675723
1.0 0.9998779
1.0 0.9999143
1.0 0.9998845
0.0 0.023991356
1.0 0.9998847
1.0 0.99986935
1.0 0.99988663
1.0 0.9998653
1.0 0.99970514
1.0 0.9998779
1.0 0.99969745
1.0 0.9998889
1.0 0.9998878
1.0 0.99988246
0.0 0.04561806
1.0 0.99988127
1.0 0.9764181
1.0 0.99970704
1.0 0.99988294
0.0 0.049176008
1.0 0.999912
1.0 0.99017197
1.0 0.9998807
1.0 0.9999157
0.0 0.020081455
1.0 0.99988484
0.0 0.0150350155
1.0 0.9998827
0.0 0.034252122
