true vs pred:
0.0 0.0032415667
1.0 0.99793494
0.0 0.02032637
1.0 0.72884494
1.0 0.9884715
1.0 0.7330373
1.0 0.9977176
1.0 0.9834953
0.0 0.0024186291
1.0 0.9949832
1.0 0.85142803
1.0 0.9977779
1.0 0.9971775
1.0 0.65173936
0.0 0.032540005
1.0 0.9972696
1.0 0.87992424
1.0 0.90640855
0.0 0.002992428
0.0 0.010778922
1.0 0.98558086
0.0 0.0021319909
0.0 0.0024605186
1.0 0.9978776
1.0 0.99490815
1.0 0.99133563
1.0 0.991559
1.0 0.9438287
1.0 0.99566334
0.0 0.0036823559
0.0 0.0030237683
0.0 0.004852234
0.0 0.0024605186
1.0 0.99012953
1.0 0.9975363
0.0 0.017824965
0.0 0.003269144
0.0 0.0022745708
0.0 0.002165488
1.0 0.8382835
0.0 0.002476988
0.0 0.71662235
1.0 0.8177523
1.0 0.9890125
1.0 0.9953264
0.0 0.003755
0.0 0.0028491535
1.0 0.9979534
1.0 0.99688077
0.0 0.004852234
1.0 0.9980274
1.0 0.99776244
1.0 0.9947083
0.0 0.0026835073
1.0 0.9967188
0.0 0.0035188943
1.0 0.99775654
0.0 0.15558772
0.0 0.0044027623
1.0 0.9975318
1.0 0.9980742
1.0 0.9845334
0.0 0.012835289
0.0 0.0046485285
0.0 0.085699774
0.0 0.0035019037
0.0 0.06819476
1.0 0.9973308
0.0 0.0030679286
1.0 0.9952254
1.0 0.9975253
1.0 0.8561878
1.0 0.9979972
0.0 0.006872342
0.0 0.0021521898
0.0 0.0031514764
0.0 0.0029043548
1.0 0.99156064
1.0 0.99777323
0.0 0.002453168
1.0 0.99795246
1.0 0.98847896
1.0 0.9939342
0.0 0.007805871
0.0 0.009241784
0.0 0.0024181884
1.0 0.9976337
1.0 0.9976508
1.0 0.99132663
0.0 0.0066522104
0.0 0.71662235
0.0 0.002481886
1.0 0.99809927
1.0 0.9939627
0.0 0.0030679333
0.0 0.004836168
0.0 0.09449587
0.0 0.0067623775
0.0 0.007805871
1.0 0.9975241
1.0 0.84654045
0.0 0.0066238176
0.0 0.0024124803
0.0 0.0037674839
1.0 0.9939474
0.0 0.004408454
1.0 0.9977884
0.0 0.0026627583
0.0 0.0038726712
1.0 0.9980197
0.0 0.0049386863
1.0 0.99701
1.0 0.99529004
0.0 0.058994405
1.0 0.9229537
1.0 0.94246566
1.0 0.992253
1.0 0.9688366
1.0 0.9910255
0.0 0.0040813815
1.0 0.99774075
1.0 0.9979589
1.0 0.9924697
0.0 0.00755938
1.0 0.99612
1.0 0.9981521
0.0 0.032628015
1.0 0.9972759
0.0 0.0025744226
0.0 0.002988751
0.0 0.006608756
1.0 0.993644
1.0 0.9977464
1.0 0.996876
0.0 0.0024633373
0.0 0.0047120405
0.0 0.03364852
1.0 0.9976891
0.0 0.012945302
1.0 0.99637103
1.0 0.9975737
0.0 0.0025098023
1.0 0.83950675
1.0 0.9979365
1.0 0.74148536
1.0 0.9980051
1.0 0.9639748
0.0 0.0042307195
1.0 0.99669904
0.0 0.0039015566
1.0 0.99796593
1.0 0.99427587
1.0 0.9965964
0.0 0.032540005
1.0 0.99754614
0.0 0.0024186291
1.0 0.9953264
0.0 0.0030697274
0.0 0.0021521898
1.0 0.9176914
0.0 0.0024330472
1.0 0.9523879
1.0 0.9981109
0.0 0.22582859
0.0 0.0031246496
0.0 0.9013971
0.0 0.013508433
1.0 0.9523879
1.0 0.74641705
1.0 0.99578357
1.0 0.9980946
1.0 0.99783355
0.0 0.003248226
1.0 0.9976604
0.0 0.0100257695
1.0 0.81640154
1.0 0.99815506
1.0 0.9981026
1.0 0.9973929
0.0 0.003178642
1.0 0.9967769
0.0 0.009701208
0.0 0.0059173093
1.0 0.9981153
1.0 0.9957457
1.0 0.9977204
1.0 0.9977176
1.0 0.7502746
0.0 0.004423432
1.0 0.9980148
1.0 0.9980635
0.0 0.002753462
1.0 0.9972748
1.0 0.9975561
1.0 0.98138314
1.0 0.9958587
0.0 0.0068714083
1.0 0.99742067
1.0 0.99785334
0.0 0.031866916
0.0 0.00314648
1.0 0.98520976
1.0 0.9395534
0.0 0.018974802
1.0 0.97467077
0.0 0.0034594035
1.0 0.99761945
0.0 0.0028383175
1.0 0.9977343
1.0 0.99130404
1.0 0.9981901
1.0 0.99797684
0.0 0.9014596
1.0 0.9972024
1.0 0.9978574
1.0 0.69162214
0.0 0.0039154114
1.0 0.99188036
0.0 0.0059173093
0.0 0.0029404783
0.0 0.5784295
0.0 0.0042424835
0.0 0.9059053
0.0 0.07487311
1.0 0.99695253
0.0 0.0024124803
0.0 0.006854767
1.0 0.68128085
1.0 0.9979214
1.0 0.8655722
