true vs pred:
1.0 0.9999751
1.0 0.99992
1.0 0.9999752
1.0 0.99997973
1.0 0.9999714
1.0 0.9999851
1.0 0.9999757
1.0 0.9999794
1.0 0.99997807
1.0 0.9999707
1.0 0.9999715
1.0 0.99998116
1.0 0.999979
1.0 0.9999777
1.0 0.9999453
1.0 0.99996746
1.0 0.99996674
1.0 0.99997044
1.0 0.9999263
1.0 0.99997056
1.0 0.99998164
1.0 0.9999703
1.0 0.9999802
1.0 0.9999821
1.0 0.9999691
1.0 0.99997544
1.0 0.9999728
1.0 0.9999691
1.0 0.99996424
1.0 0.99996674
1.0 0.9999852
1.0 0.9999789
1.0 0.9999844
1.0 0.9999646
1.0 0.9999715
1.0 0.99996984
1.0 0.9999691
1.0 0.99996626
1.0 0.9999763
1.0 0.999979
1.0 0.9999728
1.0 0.99994123
1.0 0.9999757
1.0 0.9999838
1.0 0.9999646
1.0 0.99998343
1.0 0.9999666
1.0 0.9999677
1.0 0.99998105
1.0 0.9999691
1.0 0.99998474
1.0 0.99995244
1.0 0.99996924
1.0 0.99996364
1.0 0.9999813
1.0 0.99998355
1.0 0.9999453
1.0 0.9999809
1.0 0.9999713
1.0 0.99995244
1.0 0.999964
1.0 0.9999838
1.0 0.99996674
1.0 0.9999831
1.0 0.999964
1.0 0.99997973
1.0 0.9999765
1.0 0.9999291
1.0 0.9999436
1.0 0.99995995
1.0 0.9999629
1.0 0.9999682
1.0 0.9999801
1.0 0.99997854
1.0 0.99998033
1.0 0.9999838
1.0 0.9999777
1.0 0.99998116
1.0 0.9999846
1.0 0.9999757
1.0 0.9999813
1.0 0.99997604
1.0 0.99994946
1.0 0.99996424
1.0 0.9999691
1.0 0.9999751
1.0 0.99997973
1.0 0.99997044
1.0 0.99998045
1.0 0.99995995
1.0 0.99998283
1.0 0.9999641
1.0 0.99998045
1.0 0.9999598
1.0 0.99994206
1.0 0.99998486
1.0 0.99996614
1.0 0.9999703
1.0 0.99997616
1.0 0.9999838
1.0 0.99996626
1.0 0.99996793
1.0 0.999967
1.0 0.9999764
1.0 0.9999844
1.0 0.99997187
1.0 0.99997187
1.0 0.9999846
1.0 0.9999764
1.0 0.9999815
1.0 0.9999455
1.0 0.99997604
1.0 0.9999789
1.0 0.99996316
1.0 0.9999763
1.0 0.999982
1.0 0.99992
1.0 0.99996984
1.0 0.99996626
1.0 0.99997187
1.0 0.9999715
1.0 0.999964
1.0 0.9999746
1.0 0.9999777
1.0 0.9999423
1.0 0.9999801
1.0 0.9999801
1.0 0.9999832
1.0 0.9999763
1.0 0.99996626
1.0 0.9999789
1.0 0.9999844
1.0 0.99998355
1.0 0.9999715
1.0 0.9999726
1.0 0.99997354
1.0 0.9999808
1.0 0.9999808
1.0 0.9999733
1.0 0.99997187
1.0 0.99998355
1.0 0.9999658
1.0 0.9999646
1.0 0.99996793
1.0 0.99996316
1.0 0.9999789
1.0 0.99998355
1.0 0.99996984
1.0 0.9999765
1.0 0.99996424
1.0 0.9999664
1.0 0.9999809
1.0 0.99998355
1.0 0.999964
1.0 0.9999436
1.0 0.99998355
1.0 0.99997973
1.0 0.99998343
1.0 0.99997497
1.0 0.99994206
1.0 0.9999646
1.0 0.9999851
1.0 0.9999751
1.0 0.9999664
1.0 0.9999746
1.0 0.9999795
1.0 0.99997354
1.0 0.99997854
1.0 0.99998486
1.0 0.99997556
1.0 0.9999659
1.0 0.9999765
1.0 0.99998116
1.0 0.9999664
1.0 0.9999472
1.0 0.99997747
1.0 0.99995244
1.0 0.9999733
1.0 0.9999682
1.0 0.9999757
1.0 0.99998105
1.0 0.9999691
1.0 0.99997747
1.0 0.99996924
1.0 0.9999714
1.0 0.9999707
1.0 0.9999629
1.0 0.9999815
1.0 0.99997497
1.0 0.9999815
1.0 0.99996793
1.0 0.9999819
1.0 0.9999726
1.0 0.9999794
1.0 0.99998116
1.0 0.9999846
1.0 0.9999815
1.0 0.99996746
1.0 0.9999646
1.0 0.99997354
1.0 0.9999819
1.0 0.99997604
1.0 0.9999809
1.0 0.99997973
1.0 0.99997854
1.0 0.99997187
1.0 0.99997807
1.0 0.9999658
1.0 0.9999813
1.0 0.99998474
1.0 0.99996865
1.0 0.9999682
1.0 0.99996877
1.0 0.9999423
1.0 0.99995506
1.0 0.99997973
1.0 0.99997044
1.0 0.99997544
1.0 0.99996674
1.0 0.9999763
1.0 0.99996877
1.0 0.9999691
1.0 0.999979
1.0 0.99995506
1.0 0.9999751
1.0 0.9999137
1.0 0.9999821
1.0 0.99996746
1.0 0.9999852
1.0 0.99997556
1.0 0.999979
1.0 0.99997354
1.0 0.99997985
1.0 0.9999809
1.0 0.9999821
1.0 0.9999846
1.0 0.9999753
1.0 0.9999646
1.0 0.99996984
1.0 0.99996984
1.0 0.9999664
1.0 0.9999691
1.0 0.99996424
1.0 0.99998116
1.0 0.9999757
1.0 0.9999794
1.0 0.9999682
1.0 0.99997365
1.0 0.999967
1.0 0.99996316
1.0 0.99998355
1.0 0.9999666
1.0 0.9999796
1.0 0.9999659
1.0 0.9999757
1.0 0.99996984
1.0 0.9999776
1.0 0.99995506
1.0 0.9999677
1.0 0.99997425
1.0 0.9999831
1.0 0.99996316
1.0 0.9999852
1.0 0.99996614
1.0 0.99992263
1.0 0.9999838
1.0 0.99998116
1.0 0.9999819
1.0 0.99996877
1.0 0.99994123
1.0 0.99998426
1.0 0.99997747
1.0 0.999967
1.0 0.9999753
1.0 0.9999809
1.0 0.99997973
1.0 0.99997985
1.0 0.9999844
1.0 0.9999794
1.0 0.99996424
1.0 0.9999794
1.0 0.9999776
1.0 0.99994206
1.0 0.9999815
1.0 0.99992
1.0 0.99997807
1.0 0.9999852
1.0 0.99995995
1.0 0.999979
1.0 0.99997616
1.0 0.99997044
1.0 0.9999802
1.0 0.9999306
1.0 0.9999455
1.0 0.9999801
1.0 0.9999682
1.0 0.99998486
1.0 0.9999658
1.0 0.9999691
1.0 0.9999802
1.0 0.9999472
1.0 0.99998045
1.0 0.99997497
1.0 0.9999763
1.0 0.9999713
1.0 0.99997985
1.0 0.99997544
1.0 0.9999291
1.0 0.9999852
1.0 0.9999646
1.0 0.9999794
1.0 0.99996424
1.0 0.9999752
1.0 0.99998033
1.0 0.9999707
1.0 0.9999794
1.0 0.999964
1.0 0.99997747
1.0 0.99997985
1.0 0.9999615
1.0 0.9999664
1.0 0.9999423
1.0 0.99996424
1.0 0.9999831
1.0 0.9999713
1.0 0.99996793
1.0 0.99996924
1.0 0.9999809
1.0 0.9999646
1.0 0.99997854
1.0 0.99998486
1.0 0.9999757
1.0 0.9999659
1.0 0.9999794
1.0 0.99992263
1.0 0.99997354
1.0 0.99997354
1.0 0.9999851
1.0 0.9999802
1.0 0.99998343
1.0 0.99995506
1.0 0.99996364
1.0 0.99996316
1.0 0.99996865
1.0 0.9999796
1.0 0.99997497
1.0 0.9999713
1.0 0.99994206
1.0 0.99997663
1.0 0.9999306
1.0 0.9999752
1.0 0.9999832
1.0 0.99998116
1.0 0.99998033
1.0 0.99996746
1.0 0.9999757
1.0 0.99996674
1.0 0.9999763
1.0 0.9999815
1.0 0.9999703
1.0 0.9999764
1.0 0.9999291
1.0 0.9999851
1.0 0.9999794
1.0 0.9999808
1.0 0.99996626
1.0 0.9999306
1.0 0.99998164
1.0 0.9999815
1.0 0.99994206
1.0 0.999964
1.0 0.9999815
1.0 0.9999658
1.0 0.9999802
1.0 0.99995995
1.0 0.9999796
1.0 0.99994123
1.0 0.99998033
1.0 0.99996877
1.0 0.9999757
1.0 0.9999813
1.0 0.9999815
1.0 0.99998033
1.0 0.99995244
1.0 0.9999291
1.0 0.99998105
1.0 0.99998164
1.0 0.9999815
1.0 0.9999641
1.0 0.99994946
1.0 0.9999728
1.0 0.9999795
1.0 0.9999752
1.0 0.99998045
1.0 0.9999132
1.0 0.99997854
1.0 0.99992263
1.0 0.99997544
1.0 0.9999832
1.0 0.9999713
1.0 0.99997747
1.0 0.99992263
1.0 0.9999137
1.0 0.9999598
1.0 0.9999188
1.0 0.99998343
1.0 0.99996626
1.0 0.9999846
1.0 0.9999677
1.0 0.9999677
1.0 0.9999423
1.0 0.9999751
1.0 0.9999777
1.0 0.9999809
1.0 0.9999641
1.0 0.9999677
1.0 0.9999598
1.0 0.9999809
1.0 0.999979
1.0 0.9999436
1.0 0.99997497
1.0 0.9999831
1.0 0.999979
1.0 0.999982
1.0 0.9999813
1.0 0.9999615
1.0 0.9999715
1.0 0.99997973
1.0 0.9999728
1.0 0.99995995
1.0 0.9999658
1.0 0.9999703
1.0 0.99996674
1.0 0.99997425
1.0 0.99996364
1.0 0.9999455
1.0 0.99997604
1.0 0.99998116
1.0 0.99994206
1.0 0.99996626
1.0 0.9999677
1.0 0.9999815
1.0 0.99992
1.0 0.99997604
1.0 0.9999707
1.0 0.99998164
1.0 0.999979
1.0 0.99997854
1.0 0.99998474
1.0 0.9999691
1.0 0.99997544
1.0 0.99998343
1.0 0.9999852
1.0 0.99994206
1.0 0.99998486
1.0 0.9999832
1.0 0.99998486
1.0 0.9999306
1.0 0.99997747
1.0 0.99996674
1.0 0.999964
1.0 0.9999703
1.0 0.9999646
1.0 0.99998033
1.0 0.9999831
1.0 0.9999764
1.0 0.9999664
1.0 0.9999598
1.0 0.99996424
1.0 0.99998116
1.0 0.9999646
1.0 0.99997604
1.0 0.9999677
1.0 0.9999291
1.0 0.99996924
1.0 0.99997807
1.0 0.9999641
1.0 0.99998116
1.0 0.99996424
1.0 0.99998343
1.0 0.99998283
1.0 0.9999132
1.0 0.9999132
1.0 0.9999765
1.0 0.9999777
1.0 0.9999801
1.0 0.9999715
1.0 0.9999641
1.0 0.99997604
1.0 0.9999789
1.0 0.99998343
1.0 0.9999728
1.0 0.99998045
1.0 0.99997604
1.0 0.9999852
1.0 0.9999831
1.0 0.9999263
1.0 0.99998045
1.0 0.99994206
1.0 0.99997604
1.0 0.9999838
1.0 0.9999832
1.0 0.9999472
1.0 0.99997497
1.0 0.9999188
1.0 0.99994206
1.0 0.9999132
1.0 0.9999821
1.0 0.9999751
1.0 0.9999188
1.0 0.9999677
1.0 0.99996674
1.0 0.9999844
1.0 0.9999796
1.0 0.99997544
1.0 0.9999659
1.0 0.99997354
1.0 0.9999598
1.0 0.9999727
1.0 0.99996316
