true vs pred:
1.0 0.9993315
1.0 0.9996736
1.0 0.9989839
1.0 0.99919826
1.0 0.99968565
1.0 0.9987748
1.0 0.99770904
1.0 0.99863094
1.0 0.9996747
1.0 0.9995695
1.0 0.99970007
1.0 0.9996747
1.0 0.9995566
1.0 0.99945897
1.0 0.99953294
1.0 0.9997043
1.0 0.99946815
1.0 0.99921846
1.0 0.99874014
1.0 0.9995534
1.0 0.99949074
1.0 0.9990068
1.0 0.999559
1.0 0.9986779
1.0 0.9997061
1.0 0.99961627
1.0 0.9988256
1.0 0.9996394
1.0 0.99927443
1.0 0.9987435
1.0 0.9997218
1.0 0.9986779
1.0 0.99968934
1.0 0.9994504
1.0 0.9982437
1.0 0.9994234
1.0 0.9997024
1.0 0.99892324
1.0 0.99914587
1.0 0.9991246
1.0 0.9994708
1.0 0.99863094
1.0 0.99822754
1.0 0.9996687
1.0 0.9984674
1.0 0.9996394
1.0 0.99961734
1.0 0.9996736
1.0 0.9997024
1.0 0.9978763
1.0 0.9988256
1.0 0.9989297
1.0 0.99966466
1.0 0.99835986
1.0 0.99905497
1.0 0.99974495
1.0 0.9995167
1.0 0.99876153
1.0 0.99961734
1.0 0.99961734
1.0 0.99914587
1.0 0.9986779
1.0 0.99970007
1.0 0.9981483
1.0 0.9990833
1.0 0.999332
1.0 0.99967754
1.0 0.99854195
1.0 0.99914277
1.0 0.99965346
1.0 0.99892324
1.0 0.9987676
1.0 0.9982863
1.0 0.9981055
1.0 0.9995915
1.0 0.99966466
1.0 0.99974495
1.0 0.99965346
1.0 0.99922204
1.0 0.9996043
1.0 0.9990068
1.0 0.9991246
1.0 0.9994708
1.0 0.99966466
1.0 0.99835986
1.0 0.99822754
1.0 0.999705
1.0 0.99893814
1.0 0.99922764
1.0 0.9991379
1.0 0.99923897
1.0 0.99965346
1.0 0.99905473
1.0 0.99919826
1.0 0.99958247
1.0 0.99958557
1.0 0.9991116
1.0 0.9995388
1.0 0.9987435
1.0 0.99905473
1.0 0.99958247
1.0 0.99956745
1.0 0.9982437
1.0 0.99919826
1.0 0.9996736
1.0 0.99961734
1.0 0.99967754
1.0 0.999332
1.0 0.9996687
1.0 0.9988864
1.0 0.99958557
1.0 0.9997352
1.0 0.99958247
1.0 0.99770904
1.0 0.99961996
1.0 0.99949074
1.0 0.99922204
1.0 0.9990507
1.0 0.9996828
1.0 0.9996043
1.0 0.9997023
1.0 0.99968934
1.0 0.99923897
1.0 0.9988422
1.0 0.99905497
1.0 0.99835986
1.0 0.99890494
1.0 0.99969065
1.0 0.9997218
1.0 0.99832803
1.0 0.9982863
1.0 0.9993709
1.0 0.9992805
1.0 0.99878675
1.0 0.99905497
1.0 0.99940836
1.0 0.9996613
1.0 0.9984176
1.0 0.9992918
1.0 0.9997162
1.0 0.99878675
1.0 0.9981055
1.0 0.9996811
1.0 0.99941325
1.0 0.99967754
1.0 0.99863094
1.0 0.9995388
1.0 0.9996043
1.0 0.99832183
1.0 0.9996394
1.0 0.9984176
1.0 0.99968565
1.0 0.9995402
1.0 0.9991379
1.0 0.9988864
1.0 0.9996736
1.0 0.9987748
1.0 0.99954
1.0 0.99968565
1.0 0.9995534
1.0 0.99970007
1.0 0.99969065
1.0 0.9993765
1.0 0.99966466
1.0 0.9987858
1.0 0.999705
1.0 0.9982437
1.0 0.9982863
1.0 0.9994553
1.0 0.99937004
1.0 0.99914575
1.0 0.9997352
1.0 0.9986965
1.0 0.9987
1.0 0.9993709
1.0 0.99922764
1.0 0.9986779
1.0 0.9989297
1.0 0.9988256
1.0 0.9994018
1.0 0.99970007
1.0 0.99835986
1.0 0.9991142
1.0 0.9981207
1.0 0.9996828
1.0 0.9995167
1.0 0.999705
1.0 0.9969746
1.0 0.9995402
1.0 0.99922764
1.0 0.99965346
1.0 0.999206
1.0 0.99970007
1.0 0.99970007
1.0 0.9982863
1.0 0.99969065
1.0 0.9990507
1.0 0.99922764
1.0 0.9988422
1.0 0.9991116
1.0 0.9991379
1.0 0.9989396
1.0 0.9986779
1.0 0.999559
1.0 0.99922764
1.0 0.9993709
1.0 0.9987676
1.0 0.99974495
1.0 0.99970007
1.0 0.9980927
1.0 0.9993765
1.0 0.99827874
1.0 0.99914277
1.0 0.99953735
1.0 0.99913067
1.0 0.9990068
1.0 0.9991142
1.0 0.9988256
1.0 0.99940836
1.0 0.99961996
1.0 0.9987748
1.0 0.99954
1.0 0.99937004
1.0 0.9988422
1.0 0.99684733
1.0 0.99913836
1.0 0.9982128
1.0 0.999206
1.0 0.9996687
1.0 0.9987435
1.0 0.9986965
1.0 0.9991897
1.0 0.99878675
1.0 0.9992805
1.0 0.9995534
1.0 0.99970007
1.0 0.9982437
1.0 0.99878675
1.0 0.99873143
1.0 0.9994234
1.0 0.9997061
1.0 0.9995534
1.0 0.99893814
1.0 0.99956745
1.0 0.99946815
1.0 0.9992805
1.0 0.9995695
1.0 0.99958247
1.0 0.99880683
1.0 0.99832803
1.0 0.9987692
1.0 0.9990068
1.0 0.9997218
1.0 0.9996828
1.0 0.99914587
1.0 0.99963856
1.0 0.99963856
1.0 0.99967253
1.0 0.99832803
1.0 0.99876153
1.0 0.9994778
1.0 0.99941325
1.0 0.9995566
1.0 0.99892324
1.0 0.9987676
1.0 0.99893814
1.0 0.9975326
1.0 0.9989297
1.0 0.9995167
1.0 0.99945897
1.0 0.9994018
1.0 0.9981055
1.0 0.99914587
1.0 0.99923897
1.0 0.99923897
1.0 0.99961734
1.0 0.9990507
1.0 0.99961627
1.0 0.99854195
1.0 0.99941325
1.0 0.99941325
1.0 0.99905473
1.0 0.9995388
1.0 0.9982437
1.0 0.99835986
1.0 0.9997218
1.0 0.9990507
1.0 0.99958986
1.0 0.9984193
1.0 0.99967253
1.0 0.9987858
1.0 0.9993625
1.0 0.99949074
1.0 0.999705
1.0 0.998949
1.0 0.9993765
1.0 0.99941325
1.0 0.99927443
1.0 0.9995167
1.0 0.9990833
1.0 0.999705
1.0 0.9982863
1.0 0.99878675
1.0 0.99963856
1.0 0.99961734
1.0 0.99938583
1.0 0.99958223
1.0 0.9996811
1.0 0.99966466
1.0 0.99963856
1.0 0.99956745
1.0 0.9994504
1.0 0.9987676
1.0 0.9996613
1.0 0.9981055
1.0 0.99921846
1.0 0.9987858
1.0 0.9990068
1.0 0.99913836
1.0 0.999206
1.0 0.99967253
1.0 0.9995915
1.0 0.999206
1.0 0.99806195
1.0 0.9995167
1.0 0.9986965
1.0 0.9996613
1.0 0.9994018
1.0 0.9994708
1.0 0.9991116
1.0 0.9996043
1.0 0.9981055
1.0 0.9989297
1.0 0.99953735
1.0 0.99970007
1.0 0.99892324
1.0 0.9992805
1.0 0.99913067
1.0 0.99832183
1.0 0.9982128
1.0 0.9994234
1.0 0.99923897
1.0 0.9997352
1.0 0.99958843
1.0 0.9989839
1.0 0.99961734
1.0 0.9987748
1.0 0.99877125
1.0 0.99941623
1.0 0.99752766
1.0 0.9987435
1.0 0.9995915
1.0 0.9969746
1.0 0.99876153
1.0 0.9996394
1.0 0.9994778
1.0 0.9981483
1.0 0.99956745
1.0 0.999559
1.0 0.9982863
1.0 0.99854195
1.0 0.99878675
1.0 0.9984193
1.0 0.99920744
1.0 0.9995388
1.0 0.9993709
1.0 0.9988422
1.0 0.99974495
1.0 0.99880683
1.0 0.9993315
1.0 0.99863094
1.0 0.9994708
1.0 0.9991142
1.0 0.9997352
1.0 0.99963856
1.0 0.9989839
1.0 0.99913836
1.0 0.9993709
1.0 0.99937004
1.0 0.99958247
1.0 0.9997023
1.0 0.99967253
1.0 0.99905473
1.0 0.99920744
1.0 0.99968565
1.0 0.9995566
1.0 0.99684733
1.0 0.9986523
1.0 0.99848026
1.0 0.9991379
1.0 0.9992918
1.0 0.999559
1.0 0.998949
1.0 0.9982863
1.0 0.99913836
1.0 0.999206
1.0 0.9996811
1.0 0.9996043
1.0 0.99913836
1.0 0.9996828
1.0 0.9994778
1.0 0.9995388
1.0 0.99946815
1.0 0.9994553
1.0 0.9980927
1.0 0.99920744
1.0 0.9997352
1.0 0.9981055
1.0 0.99966466
1.0 0.99958986
1.0 0.99913836
1.0 0.9989297
1.0 0.9980927
1.0 0.9995915
1.0 0.9996736
1.0 0.9994234
1.0 0.99958247
1.0 0.99958986
1.0 0.99921846
1.0 0.99874014
1.0 0.99961996
1.0 0.9992805
1.0 0.9982863
1.0 0.9995388
1.0 0.99914277
1.0 0.99958843
1.0 0.9987
1.0 0.999559
1.0 0.99920744
1.0 0.9992918
1.0 0.99961627
1.0 0.9991379
1.0 0.99965334
1.0 0.9988422
1.0 0.9996828
1.0 0.99953735
1.0 0.99819726
1.0 0.9990068
1.0 0.9990068
1.0 0.9991246
1.0 0.9994553
1.0 0.9987
1.0 0.99941325
1.0 0.99857545
1.0 0.999332
1.0 0.99914587
1.0 0.9982128
1.0 0.9992805
1.0 0.9993625
1.0 0.9996043
1.0 0.99968934
1.0 0.99684733
1.0 0.99806195
1.0 0.99921846
1.0 0.99961734
1.0 0.99970007
1.0 0.99832803
1.0 0.99970007
1.0 0.9993315
1.0 0.9982863
1.0 0.9993709
1.0 0.9984674
1.0 0.99922204
1.0 0.99958223
1.0 0.99927443
1.0 0.99880683
1.0 0.9969746
1.0 0.99945897
1.0 0.9993709
1.0 0.9986779
1.0 0.9987676
1.0 0.99968934
1.0 0.9989297
1.0 0.9989297
1.0 0.99922204
1.0 0.9984176
1.0 0.99968565
1.0 0.9996811
1.0 0.9995402
1.0 0.99974495
1.0 0.99914277
1.0 0.99961627
1.0 0.9981055
1.0 0.99832803
1.0 0.99941325
1.0 0.99914587
1.0 0.99892324
1.0 0.99954
1.0 0.9986779
1.0 0.99956745
1.0 0.99914277
1.0 0.99953735
1.0 0.9982863
1.0 0.99965334
1.0 0.9994018
1.0 0.99914575
1.0 0.99941325
1.0 0.9991116
1.0 0.9995402
1.0 0.9995167
1.0 0.999332
1.0 0.99874014
1.0 0.9995388
1.0 0.9980927
1.0 0.99965334
1.0 0.99922764
1.0 0.9992805
1.0 0.9982128
1.0 0.99873143
1.0 0.99863094
1.0 0.99877125
1.0 0.9984193
1.0 0.9996828
1.0 0.9997218
1.0 0.9987
1.0 0.9994778
1.0 0.99880683
1.0 0.9996613
1.0 0.9984674
1.0 0.9997024
