true vs pred:
1.0 0.99173415
0.0 0.96673954
1.0 0.86339885
1.0 0.99830353
1.0 0.9984875
1.0 0.99858165
0.0 0.008124101
1.0 0.9877315
1.0 0.99805605
1.0 0.84918797
1.0 0.99851793
1.0 0.9798952
1.0 0.99851876
1.0 0.99772793
1.0 0.99849975
1.0 0.9849967
1.0 0.9973658
0.0 0.08961685
0.0 0.4055756
1.0 0.9971089
0.0 0.033317514
1.0 0.9959067
1.0 0.99851567
1.0 0.99775994
1.0 0.99173415
1.0 0.9984793
0.0 0.39655894
1.0 0.89078814
0.0 0.01713939
0.0 0.68065464
1.0 0.27898327
0.0 0.020857869
1.0 0.9826501
1.0 0.99752086
1.0 0.99392235
1.0 0.9985709
1.0 0.94651514
1.0 0.99442285
1.0 0.9112006
0.0 0.026729627
1.0 0.9807045
0.0 0.23248334
1.0 0.99850744
1.0 0.9963218
1.0 0.99740016
1.0 0.99772304
1.0 0.99550915
1.0 0.9659954
1.0 0.99765885
1.0 0.9984332
1.0 0.9944448
1.0 0.99852544
1.0 0.94731146
1.0 0.99545765
1.0 0.9930727
0.0 0.018302318
1.0 0.99850744
1.0 0.99843234
1.0 0.98078406
1.0 0.9985808
1.0 0.99789715
1.0 0.5563579
1.0 0.99313337
1.0 0.9985423
1.0 0.9984634
1.0 0.9964265
1.0 0.9330356
0.0 0.35943604
1.0 0.9943678
1.0 0.92218196
1.0 0.99508756
1.0 0.9970993
1.0 0.9906741
1.0 0.9985709
0.0 0.7363777
1.0 0.036492158
1.0 0.9697781
1.0 0.99812
1.0 0.99822575
1.0 0.9934942
1.0 0.9969795
1.0 0.98634154
1.0 0.9985304
1.0 0.9311389
1.0 0.6766414
1.0 0.99836904
1.0 0.9952655
1.0 0.99746466
1.0 0.9886312
1.0 0.9744309
1.0 0.9985545
1.0 0.9984931
1.0 0.99847144
1.0 0.99708
1.0 0.9984812
0.0 0.04525756
0.0 0.31883028
1.0 0.99838054
1.0 0.9978993
1.0 0.9687498
1.0 0.9985422
1.0 0.9974281
1.0 0.9978744
1.0 0.997543
1.0 0.9864565
1.0 0.7134061
1.0 0.99773896
1.0 0.99638903
0.0 0.23316492
0.0 0.008903432
1.0 0.99852556
1.0 0.9967198
1.0 0.04419507
1.0 0.9985227
1.0 0.99845016
1.0 0.9954456
1.0 0.92206246
1.0 0.9866828
0.0 0.00888875
1.0 0.97858673
1.0 0.72573596
1.0 0.99758804
1.0 0.99854624
1.0 0.998541
1.0 0.9984523
1.0 0.9978459
1.0 0.99190545
1.0 0.99844426
1.0 0.99821776
1.0 0.99850464
1.0 0.99851006
1.0 0.99764484
1.0 0.99845636
0.0 0.08410605
1.0 0.9978823
0.0 0.025881484
1.0 0.9705383
1.0 0.9983662
1.0 0.9984604
1.0 0.8178682
1.0 0.9950931
1.0 0.99853957
1.0 0.99717736
1.0 0.7257507
1.0 0.99748755
1.0 0.9985551
1.0 0.9956542
1.0 0.9976229
1.0 0.6269999
1.0 0.9849967
1.0 0.99832493
1.0 0.99225193
1.0 0.9973838
0.0 0.019054702
1.0 0.954544
1.0 0.9984464
1.0 0.92954385
1.0 0.9975848
1.0 0.98706216
1.0 0.9438636
1.0 0.99852836
0.0 0.0051727593
1.0 0.98455065
1.0 0.9881837
1.0 0.7537422
1.0 0.9983876
1.0 0.9985435
1.0 0.99847
1.0 0.99858165
0.0 0.028895797
1.0 0.9924346
1.0 0.99857306
1.0 0.9684051
0.0 0.029698651
1.0 0.99666566
1.0 0.9984534
1.0 0.9985549
1.0 0.9985832
1.0 0.99590427
1.0 0.9963741
1.0 0.99552995
1.0 0.9972892
0.0 0.099027984
1.0 0.9985368
1.0 0.9971102
0.0 0.010172966
1.0 0.99845266
1.0 0.99851626
1.0 0.9984819
1.0 0.9958651
1.0 0.9984623
1.0 0.9981363
1.0 0.98310834
1.0 0.99848264
1.0 0.9985752
1.0 0.9985191
0.0 0.0060173385
1.0 0.99856937
1.0 0.9921558
1.0 0.9985598
1.0 0.99724686
1.0 0.9975224
1.0 0.99852246
0.0 0.14024222
1.0 0.9975055
1.0 0.99447733
1.0 0.9231481
0.0 0.0063689332
1.0 0.9978671
0.0 0.14434889
1.0 0.9956611
1.0 0.99694425
1.0 0.9975897
1.0 0.99548244
1.0 0.51246387
1.0 0.99824727
1.0 0.9969959
1.0 0.9940018
1.0 0.9982804
1.0 0.9959254
1.0 0.99858344
1.0 0.9985481
1.0 0.9964831
1.0 0.9943552
1.0 0.9898134
1.0 0.9982368
1.0 0.9985416
1.0 0.9965933
1.0 0.99850273
1.0 0.99512476
