true vs pred:
1.0 0.99744487
1.0 0.9983424
1.0 0.93708086
1.0 0.99860126
1.0 0.87648284
0.0 0.29294494
1.0 0.99681157
1.0 0.99412775
1.0 0.9986513
1.0 0.99830675
1.0 0.99223137
1.0 0.9953395
1.0 0.99769574
1.0 0.9881187
1.0 0.9950884
1.0 0.9981919
1.0 0.4438217
1.0 0.49279216
1.0 0.9976369
1.0 0.9976841
0.0 0.0030733077
0.0 0.012455031
1.0 0.98950046
1.0 0.9978137
1.0 0.9983803
1.0 0.9983156
0.0 0.52348953
0.0 0.003617003
0.0 0.7342346
1.0 0.9934836
1.0 0.9583852
1.0 0.99859613
1.0 0.99838865
1.0 0.9940153
0.0 0.04507509
0.0 0.007030432
1.0 0.9982475
0.0 0.059389137
0.0 0.0025764694
1.0 0.9076561
1.0 0.9983461
1.0 0.9976367
1.0 0.97750765
1.0 0.99817705
0.0 0.003302576
1.0 0.99826956
0.0 0.002443339
0.0 0.0041018846
0.0 0.29168165
1.0 0.9984226
1.0 0.9982679
1.0 0.97363216
1.0 0.9985411
1.0 0.9960329
1.0 0.99258137
1.0 0.9986669
1.0 0.98192734
0.0 0.0030348618
1.0 0.99861145
1.0 0.99825853
1.0 0.99686927
0.0 0.025298463
1.0 0.9979873
0.0 0.007193666
0.0 0.021012971
0.0 0.008112092
1.0 0.9975311
0.0 0.003144568
0.0 0.013217758
1.0 0.98655206
0.0 0.09006786
0.0 0.041150574
1.0 0.9973902
1.0 0.9982603
0.0 0.0024343287
0.0 0.007773987
1.0 0.9970476
1.0 0.99729806
1.0 0.9979504
1.0 0.98754495
1.0 0.99691963
1.0 0.12032926
1.0 0.5062336
1.0 0.9980757
1.0 0.9982016
1.0 0.99361235
0.0 0.87107563
1.0 0.9982388
1.0 0.99840504
1.0 0.99765646
1.0 0.9981059
1.0 0.9984577
0.0 0.0038673861
0.0 0.0038378723
0.0 0.0017779134
1.0 0.99877185
0.0 0.030713562
0.0 0.08789356
1.0 0.9981895
1.0 0.99828136
1.0 0.5035796
1.0 0.9985057
1.0 0.9986137
1.0 0.9938366
1.0 0.021054426
1.0 0.9881187
1.0 0.9980605
0.0 0.0022932866
1.0 0.9945168
1.0 0.67185575
0.0 0.0046876855
0.0 0.3724143
1.0 0.99836236
1.0 0.059393745
1.0 0.9969704
0.0 0.30500656
1.0 0.9940578
1.0 0.9950081
1.0 0.9983197
0.0 0.027030185
1.0 0.9933698
0.0 0.7276825
0.0 0.003302576
1.0 0.9986732
1.0 0.9916079
1.0 0.99837637
1.0 0.9534626
1.0 0.9905703
1.0 0.99873096
1.0 0.9967045
0.0 0.0035248
1.0 0.9961862
1.0 0.99162745
1.0 0.7280008
0.0 0.0040770243
0.0 0.41170758
1.0 0.99867874
1.0 0.9981084
0.0 0.004903272
0.0 0.03299223
1.0 0.9778315
1.0 0.9986513
1.0 0.9854886
1.0 0.99362814
1.0 0.99871373
1.0 0.95942533
1.0 0.9982033
0.0 0.011019556
1.0 0.9942683
0.0 0.002329801
1.0 0.39136076
1.0 0.99418336
1.0 0.9986003
0.0 0.004083165
1.0 0.9983639
0.0 0.0029687635
1.0 0.40532184
1.0 0.99759525
0.0 0.06960859
0.0 0.008734317
1.0 0.99865997
1.0 0.99862754
1.0 0.99757785
1.0 0.52236855
1.0 0.99858403
1.0 0.98885286
1.0 0.9985135
0.0 0.34465796
1.0 0.81166327
1.0 0.7251259
1.0 0.99829596
1.0 0.9987218
0.0 0.089337416
1.0 0.9963367
1.0 0.9969375
1.0 0.9883753
1.0 0.9981254
1.0 0.99624264
0.0 0.007918372
1.0 0.99843484
1.0 0.7022603
0.0 0.016644869
1.0 0.8931258
1.0 0.9893607
1.0 0.998257
1.0 0.9983895
1.0 0.99764305
1.0 0.99582434
1.0 0.996958
0.0 0.020889647
0.0 0.0015309755
0.0 0.017210558
0.0 0.14457697
1.0 0.9983285
1.0 0.99512583
1.0 0.9986297
1.0 0.99754745
0.0 0.16732964
1.0 0.99362344
1.0 0.9976574
1.0 0.9913742
1.0 0.9977126
0.0 0.0032529924
0.0 0.007918372
0.0 0.0017181844
1.0 0.9973062
0.0 0.09116409
1.0 0.9986833
1.0 0.99784863
1.0 0.9987061
1.0 0.9971258
1.0 0.09253242
0.0 0.0052144164
1.0 0.99786645
1.0 0.9984675
1.0 0.92480546
1.0 0.99768436
1.0 0.36149415
1.0 0.7022603
1.0 0.99392563
1.0 0.8878267
1.0 0.9983682
1.0 0.57902515
1.0 0.749526
0.0 0.5549911
1.0 0.995201
1.0 0.9956268
1.0 0.99412775
0.0 0.001876657
1.0 0.9552377
