true vs pred:
0.0 0.0017673873
1.0 0.99715614
1.0 0.99892896
0.0 0.047898594
1.0 0.9989312
1.0 0.9968882
1.0 0.9989641
1.0 0.9984346
1.0 0.9987294
1.0 0.9965237
1.0 0.9143792
1.0 0.9616107
0.0 0.8050123
1.0 0.9884226
0.0 0.0039048642
1.0 0.985678
1.0 0.9989102
1.0 0.99813086
1.0 0.99873537
1.0 0.99895525
0.0 0.0040725353
1.0 0.92722404
0.0 0.015372535
0.0 0.01185559
1.0 0.9115681
0.0 0.0050672656
1.0 0.9976525
1.0 0.99578923
1.0 0.9923448
1.0 0.99885523
1.0 0.9885593
1.0 0.99182934
0.0 0.027189063
0.0 0.0020413054
1.0 0.9986772
0.0 0.026720917
1.0 0.998966
1.0 0.99649066
1.0 0.9982785
1.0 0.9988317
1.0 0.9950551
1.0 0.9428091
1.0 0.9987482
1.0 0.9986689
1.0 0.991812
1.0 0.9989706
1.0 0.9978885
1.0 0.9942095
1.0 0.99823534
0.0 0.0026902477
1.0 0.998966
1.0 0.9989656
1.0 0.9960814
1.0 0.99896085
1.0 0.9982494
0.0 0.01479378
1.0 0.9836347
1.0 0.9989465
1.0 0.9989058
1.0 0.9917555
1.0 0.9615764
0.0 0.0043813926
1.0 0.99081707
1.0 0.93820226
1.0 0.992481
1.0 0.99428177
1.0 0.99850756
1.0 0.99885523
0.0 0.9653751
1.0 0.99486166
0.0 0.075927936
1.0 0.99896336
1.0 0.9987956
1.0 0.9985349
1.0 0.99476177
1.0 0.9922267
1.0 0.99897027
1.0 0.99798965
1.0 0.99707615
1.0 0.99894553
1.0 0.992234
1.0 0.99732226
1.0 0.99854493
1.0 0.9983171
1.0 0.99898857
1.0 0.9989323
1.0 0.9989642
1.0 0.9957551
1.0 0.9988733
1.0 0.91415966
1.0 0.97985667
1.0 0.99889576
1.0 0.99574405
1.0 0.99586016
1.0 0.99865925
1.0 0.9982382
1.0 0.9984444
1.0 0.99820805
1.0 0.9963007
1.0 0.94885856
1.0 0.99882966
1.0 0.99644935
1.0 0.7849677
0.0 0.0016986721
1.0 0.99892455
1.0 0.9988985
1.0 0.9947747
1.0 0.9986229
1.0 0.9989147
1.0 0.993836
1.0 0.9929638
1.0 0.9987135
0.0 0.08999339
1.0 0.9986766
1.0 0.98836386
1.0 0.9143792
1.0 0.99894494
1.0 0.9989655
1.0 0.99892044
1.0 0.99879575
0.0 0.8010402
1.0 0.99884087
1.0 0.9987197
1.0 0.99891627
1.0 0.99860793
1.0 0.9987521
1.0 0.9989147
0.0 0.011581041
1.0 0.9984444
0.0 0.0044345185
1.0 0.99782515
1.0 0.9989415
1.0 0.9989372
1.0 0.9902919
1.0 0.9952271
1.0 0.99896455
1.0 0.9956018
1.0 0.5970156
1.0 0.9975077
1.0 0.99898916
1.0 0.99499375
1.0 0.9987373
1.0 0.84508604
1.0 0.9972345
1.0 0.998855
1.0 0.9960742
1.0 0.9952702
0.0 0.0023369142
0.0 0.074950755
1.0 0.99892765
0.0 0.08745846
1.0 0.9313866
0.0 0.43263513
1.0 0.9857368
1.0 0.99893004
0.0 0.036286663
1.0 0.9890884
1.0 0.9983171
0.0 0.053681128
1.0 0.9989661
1.0 0.99890673
1.0 0.9989654
1.0 0.9989624
0.0 0.019256692
1.0 0.98905224
1.0 0.9989899
0.0 0.11881973
0.0 0.1506416
1.0 0.9978982
1.0 0.9989065
1.0 0.99896
1.0 0.9989786
1.0 0.99682605
1.0 0.9922691
1.0 0.99831855
1.0 0.9982311
0.0 0.010961785
1.0 0.99896073
1.0 0.9955864
0.0 0.0032247491
1.0 0.9988834
1.0 0.9989287
1.0 0.9989309
1.0 0.8953191
1.0 0.9989065
1.0 0.9982907
1.0 0.9983171
1.0 0.9989398
1.0 0.99898726
1.0 0.9989784
0.0 0.015734008
1.0 0.99894935
1.0 0.99402386
1.0 0.99898916
1.0 0.9982527
1.0 0.9983323
1.0 0.9989287
0.0 0.0024601324
1.0 0.99751914
1.0 0.998789
1.0 0.9984542
0.0 0.0022855483
1.0 0.99856806
0.0 0.0049863565
1.0 0.9981476
1.0 0.9981754
1.0 0.99214196
1.0 0.98855853
1.0 0.9966522
1.0 0.99893075
1.0 0.9985606
1.0 0.9884725
1.0 0.99898845
1.0 0.9908153
1.0 0.9989814
1.0 0.99894744
1.0 0.85078275
1.0 0.9967429
1.0 0.99306506
1.0 0.9987155
1.0 0.99896073
1.0 0.9987368
1.0 0.9989404
1.0 0.9981749
1.0 0.9985083
1.0 0.99822456
1.0 0.9984723
1.0 0.99895406
1.0 0.9987482
0.0 0.0045663915
