true vs pred:
1.0 0.9970471
1.0 0.9569132
1.0 0.98788667
0.0 0.6204204
1.0 0.9663509
1.0 0.9925653
0.0 0.015889479
1.0 0.99688786
1.0 0.94727224
0.0 0.034561116
0.0 0.08490276
1.0 0.9889859
1.0 0.82831216
1.0 0.9906053
1.0 0.9940825
1.0 0.95328873
1.0 0.99583495
1.0 0.90509903
1.0 0.9860436
1.0 0.969115
1.0 0.88635135
1.0 0.9924637
1.0 0.96566886
1.0 0.05172324
1.0 0.99610376
1.0 0.99282724
1.0 0.9964503
0.0 0.024368048
1.0 0.99542326
1.0 0.99631006
1.0 0.9953584
1.0 0.8636482
1.0 0.9969791
1.0 0.99583757
0.0 0.025906948
1.0 0.9867796
1.0 0.99541914
1.0 0.9971886
1.0 0.98901784
1.0 0.994052
1.0 0.9966445
1.0 0.9973109
1.0 0.9922984
1.0 0.6586701
0.0 0.012951702
1.0 0.98833793
1.0 0.99707115
1.0 0.896999
0.0 0.020970814
1.0 0.99679595
1.0 0.9969337
1.0 0.87106705
1.0 0.9639603
1.0 0.97257566
1.0 0.8492604
1.0 0.96846
0.0 0.007906413
1.0 0.9876886
1.0 0.9737337
1.0 0.9961738
1.0 0.9897196
1.0 0.9878078
1.0 0.976198
1.0 0.9932233
1.0 0.9961098
0.0 0.027498547
0.0 0.06531525
0.0 0.03929867
1.0 0.9945545
1.0 0.99670875
1.0 0.9970143
1.0 0.96636415
1.0 0.98065394
1.0 0.9958847
1.0 0.9952793
1.0 0.9942661
0.0 0.3227952
1.0 0.4199593
1.0 0.9946315
1.0 0.93461883
0.0 0.014087058
1.0 0.99689376
1.0 0.82167757
0.0 0.009835047
1.0 0.97168523
1.0 0.9943212
1.0 0.99689037
0.0 0.2524687
0.0 0.1666125
1.0 0.99568105
1.0 0.99458283
1.0 0.9748097
0.0 0.2229672
1.0 0.95575523
1.0 0.99676776
1.0 0.9917338
1.0 0.99217504
0.0 0.034982793
1.0 0.99670166
1.0 0.9971527
0.0 0.06804608
1.0 0.8697215
0.0 0.64959246
1.0 0.9960717
0.0 0.2400257
1.0 0.80446106
0.0 0.98019767
1.0 0.99421716
1.0 0.92622966
1.0 0.4666088
0.0 0.5429768
1.0 0.99690056
1.0 0.9204477
1.0 0.9466239
1.0 0.9758046
1.0 0.7089156
0.0 0.982598
1.0 0.96217686
1.0 0.9932767
1.0 0.99685305
0.0 0.29184496
0.0 0.93216366
1.0 0.80035067
1.0 0.9966445
0.0 0.98019767
1.0 0.99594396
1.0 0.99676776
1.0 0.96624625
1.0 0.99610376
1.0 0.46898085
1.0 0.7921837
1.0 0.99413836
1.0 0.9923178
1.0 0.7639224
1.0 0.9932989
1.0 0.97517484
1.0 0.9730933
0.0 0.3167948
1.0 0.99072623
1.0 0.9904298
1.0 0.9655983
1.0 0.9968753
0.0 0.020670695
1.0 0.9940281
1.0 0.9949438
1.0 0.2971606
1.0 0.99483865
1.0 0.99571604
1.0 0.99685884
1.0 0.94727224
1.0 0.9968907
1.0 0.99130696
0.0 0.64959246
0.0 0.29409346
1.0 0.9910488
1.0 0.9968845
1.0 0.9924084
1.0 0.99679595
1.0 0.9346216
1.0 0.9762053
0.0 0.023515785
1.0 0.9443622
1.0 0.9679028
1.0 0.9847586
1.0 0.9803268
0.0 0.7754642
1.0 0.99672025
1.0 0.996084
1.0 0.99646086
1.0 0.5862211
1.0 0.96561337
1.0 0.98095703
1.0 0.96881795
1.0 0.99524045
1.0 0.99602145
0.0 0.09442057
1.0 0.9948494
1.0 0.5659704
1.0 0.93086666
1.0 0.9575833
1.0 0.9958295
1.0 0.9968104
1.0 0.996088
1.0 0.875043
1.0 0.99689376
0.0 0.057214677
1.0 0.9847586
1.0 0.99600464
0.0 0.57502437
1.0 0.9947543
1.0 0.98955333
0.0 0.32544628
0.0 0.0057406584
1.0 0.9948532
1.0 0.9575833
1.0 0.6361486
1.0 0.96892
1.0 0.99624497
1.0 0.8186529
1.0 0.066521525
1.0 0.964712
1.0 0.7858395
1.0 0.94138235
0.0 0.0060775313
1.0 0.99075526
1.0 0.949407
0.0 0.65786046
1.0 0.11592939
1.0 0.9965042
1.0 0.9940211
1.0 0.9970452
1.0 0.97820604
1.0 0.9925022
1.0 0.75422734
1.0 0.99682546
1.0 0.9150277
1.0 0.992496
1.0 0.99684155
0.0 0.09378804
1.0 0.9955824
1.0 0.99628556
1.0 0.99651706
0.0 0.013543477
1.0 0.9833839
1.0 0.9846489
1.0 0.97222126
1.0 0.9966445
1.0 0.97684574
1.0 0.995654
1.0 0.9952389
