true vs pred:
1.0 0.96165675
1.0 0.99756455
1.0 0.97989035
1.0 0.99669003
0.0 0.84002036
1.0 0.9904806
0.0 0.497876
1.0 0.99753594
1.0 0.99766904
1.0 0.9962852
1.0 0.99547607
1.0 0.98656285
0.0 0.11753945
1.0 0.99746215
0.0 0.039106008
1.0 0.87072
0.0 0.61783177
1.0 0.99731845
1.0 0.9974794
0.0 0.03731666
1.0 0.9954971
1.0 0.99666315
1.0 0.9834086
1.0 0.9602563
1.0 0.9970661
1.0 0.99638945
0.0 0.014101688
0.0 0.085326985
1.0 0.9896836
1.0 0.99008626
1.0 0.8260057
1.0 0.985268
1.0 0.8436553
1.0 0.9678829
1.0 0.99608105
1.0 0.9976866
0.0 0.77997607
1.0 0.9959831
1.0 0.9974794
1.0 0.9886496
0.0 0.9126136
1.0 0.74595654
1.0 0.9969613
1.0 0.99643564
1.0 0.9976399
0.0 0.009374953
1.0 0.96619564
1.0 0.99031025
0.0 0.38036543
1.0 0.99742645
1.0 0.9794987
1.0 0.9971648
1.0 0.99556595
1.0 0.9967744
1.0 0.9738817
1.0 0.96030104
0.0 0.5217737
0.0 0.7985401
1.0 0.9818781
0.0 0.103168435
1.0 0.94662434
1.0 0.9971855
1.0 0.9933022
1.0 0.9886496
1.0 0.99754226
0.0 0.06328865
1.0 0.90176284
0.0 0.053213898
0.0 0.41417894
1.0 0.18469837
0.0 0.15599519
1.0 0.9500585
1.0 0.981526
1.0 0.9675482
1.0 0.9972229
1.0 0.6925783
1.0 0.96676934
0.0 0.26703832
0.0 0.013729866
1.0 0.98487955
0.0 0.10277003
1.0 0.9975866
1.0 0.9855601
1.0 0.99482876
1.0 0.9944079
1.0 0.9646154
1.0 0.7720151
1.0 0.9942994
1.0 0.9842763
1.0 0.95254636
1.0 0.9976211
1.0 0.798404
1.0 0.9591708
1.0 0.97123826
0.0 0.04370743
1.0 0.99756455
1.0 0.9949961
1.0 0.95564425
1.0 0.99757177
1.0 0.99267536
0.0 0.27784523
1.0 0.9285276
1.0 0.9975285
1.0 0.99731416
1.0 0.975727
1.0 0.94222116
0.0 0.07030954
1.0 0.9284581
1.0 0.8046483
1.0 0.9751476
1.0 0.9797515
1.0 0.99471056
1.0 0.9973124
0.0 0.9239539
1.0 0.7604837
0.0 0.31178284
1.0 0.99739057
1.0 0.99649554
1.0 0.9898572
1.0 0.96721286
1.0 0.9625581
1.0 0.9969675
1.0 0.94234484
1.0 0.91677344
1.0 0.9965239
1.0 0.9727726
1.0 0.9729224
1.0 0.9920357
1.0 0.9742319
1.0 0.9976767
1.0 0.9974126
1.0 0.9973104
1.0 0.98085725
1.0 0.9956683
0.0 0.5863201
0.0 0.9489922
1.0 0.9962853
1.0 0.9866919
1.0 0.9397404
1.0 0.9953791
1.0 0.9921542
1.0 0.9931612
1.0 0.98518
1.0 0.9554242
1.0 0.4696096
1.0 0.9921469
1.0 0.9872257
1.0 0.29003954
0.0 0.008594692
1.0 0.99737954
1.0 0.99112296
1.0 0.9939513
1.0 0.99530065
1.0 0.99747735
1.0 0.97488904
1.0 0.9241855
1.0 0.9811458
0.0 0.08507254
1.0 0.98243666
1.0 0.7267758
1.0 0.95999455
1.0 0.9975262
1.0 0.99759066
1.0 0.99746215
1.0 0.99495983
1.0 0.9282332
1.0 0.9960691
1.0 0.9957361
1.0 0.9975103
1.0 0.9953381
1.0 0.9944851
1.0 0.9974578
0.0 0.080138646
1.0 0.99365306
0.0 0.09217118
1.0 0.95662975
1.0 0.9967064
1.0 0.99701226
1.0 0.7555547
1.0 0.9749783
1.0 0.997581
1.0 0.98463017
1.0 0.4317768
1.0 0.9905439
1.0 0.9976634
1.0 0.9762388
1.0 0.99269885
1.0 0.20218405
1.0 0.9738817
1.0 0.99666315
1.0 0.97749716
1.0 0.9831229
0.0 0.12834726
0.0 0.30387425
1.0 0.9965437
0.0 0.93732876
1.0 0.9620252
1.0 0.21530066
1.0 0.61967725
1.0 0.99744046
0.0 0.053661853
1.0 0.90953714
1.0 0.97759265
1.0 0.2620728
1.0 0.99612856
1.0 0.9970499
1.0 0.9973104
1.0 0.9976399
0.0 0.310838
1.0 0.9689464
1.0 0.9976852
1.0 0.57590044
0.0 0.471975
1.0 0.98798543
1.0 0.9972669
1.0 0.99696857
1.0 0.99766904
1.0 0.96811736
1.0 0.9534117
1.0 0.9879672
1.0 0.9945627
0.0 0.08033254
1.0 0.9975222
1.0 0.980737
0.0 0.04457189
1.0 0.9965778
1.0 0.9975228
1.0 0.9971374
1.0 0.49786684
1.0 0.9972669
