true vs pred:
1.0 0.6329144
1.0 0.93310755
1.0 0.9972938
1.0 0.9968934
1.0 0.9972742
0.0 0.29550686
0.0 0.0975843
0.0 0.5843476
1.0 0.99727976
1.0 0.9861942
1.0 0.9534671
1.0 0.93337697
1.0 0.9961564
1.0 0.9975383
1.0 0.8565806
1.0 0.9946543
1.0 0.9955888
1.0 0.9965778
1.0 0.91774434
1.0 0.9931305
1.0 0.99727976
0.0 0.19827287
1.0 0.99690056
1.0 0.98205316
1.0 0.8548315
1.0 0.99740833
1.0 0.3832583
0.0 0.2991089
1.0 0.9967301
1.0 0.9966371
0.0 0.10022996
1.0 0.9958709
1.0 0.95220816
1.0 0.92028415
0.0 0.51262826
1.0 0.99770015
1.0 0.99704844
1.0 0.8916779
1.0 0.9039795
1.0 0.92390597
0.0 0.946794
1.0 0.97827345
1.0 0.9970782
1.0 0.96290195
1.0 0.9974158
1.0 0.9961785
1.0 0.87643176
1.0 0.71488655
1.0 0.9591183
1.0 0.98544127
1.0 0.99732095
1.0 0.988085
1.0 0.6276125
0.0 0.053188603
1.0 0.9975286
1.0 0.9958003
1.0 0.70842737
1.0 0.9256093
1.0 0.9970192
1.0 0.99644655
0.0 0.23335676
1.0 0.99734724
1.0 0.9965778
0.0 0.8897977
1.0 0.38937286
1.0 0.99332607
1.0 0.9974037
0.0 0.80508274
1.0 0.81456494
1.0 0.78414416
1.0 0.99728596
0.0 0.1016513
1.0 0.99713576
1.0 0.951105
0.0 0.14944026
1.0 0.99693775
1.0 0.99726415
1.0 0.95941305
1.0 0.9539041
1.0 0.9964965
1.0 0.99727696
1.0 0.9483758
1.0 0.9943125
1.0 0.88449526
1.0 0.96553046
1.0 0.88785505
1.0 0.9648721
1.0 0.98070556
0.0 0.1591863
0.0 0.48789993
1.0 0.9959378
0.0 0.38621217
1.0 0.9963103
1.0 0.995061
1.0 0.96482706
1.0 0.9805006
1.0 0.7492435
1.0 0.7041888
0.0 0.15973155
1.0 0.76164055
0.0 0.8752552
1.0 0.44075483
1.0 0.986324
1.0 0.9480686
1.0 0.99726665
1.0 0.96270555
1.0 0.9388057
1.0 0.7208468
0.0 0.16692981
1.0 0.87272036
1.0 0.9464234
1.0 0.94014454
1.0 0.9197641
1.0 0.99509865
1.0 0.9863768
1.0 0.9866781
1.0 0.9894622
1.0 0.9807201
1.0 0.9823161
1.0 0.8349051
0.0 0.03566735
1.0 0.73178273
1.0 0.9970547
1.0 0.7035826
1.0 0.99726415
0.0 0.34834
1.0 0.97885156
1.0 0.99421257
1.0 0.99509156
0.0 0.73260015
1.0 0.73101085
1.0 0.9330842
0.0 0.11048497
1.0 0.79269665
1.0 0.99674976
1.0 0.86477953
1.0 0.9971137
1.0 0.99759066
1.0 0.9572783
1.0 0.99131644
0.0 0.06730577
1.0 0.88533205
1.0 0.8840168
1.0 0.99538004
1.0 0.99696296
1.0 0.90664804
1.0 0.801704
1.0 0.99665195
1.0 0.7683414
1.0 0.41589636
1.0 0.8273029
1.0 0.99414104
1.0 0.9967372
1.0 0.9875652
0.0 0.11534764
1.0 0.987735
1.0 0.83264107
1.0 0.9967525
1.0 0.99741924
1.0 0.97862875
1.0 0.43068215
1.0 0.95010746
1.0 0.99714154
0.0 0.07616035
0.0 0.8447653
1.0 0.99766576
1.0 0.9190194
1.0 0.9931283
1.0 0.99746263
1.0 0.99729854
1.0 0.8465184
1.0 0.9970745
1.0 0.8382486
1.0 0.99203354
1.0 0.99558866
1.0 0.9756647
1.0 0.97977257
1.0 0.99682426
1.0 0.9872032
1.0 0.9619806
1.0 0.98833525
1.0 0.96643305
1.0 0.99553275
1.0 0.97056997
1.0 0.9856818
0.0 0.115561746
1.0 0.9947066
1.0 0.98160857
0.0 0.22617568
1.0 0.9599135
1.0 0.99451643
1.0 0.99741983
1.0 0.727313
1.0 0.9965618
1.0 0.9936918
1.0 0.9225556
1.0 0.44149035
1.0 0.24691758
0.0 0.9886861
0.0 0.87211645
1.0 0.5404811
1.0 0.7088792
1.0 0.9952506
1.0 0.88791794
1.0 0.9936777
0.0 0.057104554
0.0 0.5173311
1.0 0.99558866
1.0 0.99228716
1.0 0.9902795
1.0 0.9965618
1.0 0.99496907
1.0 0.9937982
1.0 0.808188
1.0 0.99539906
0.0 0.172804
1.0 0.9292002
1.0 0.9976624
1.0 0.99582076
1.0 0.9943943
1.0 0.953642
1.0 0.87457603
1.0 0.12104531
0.0 0.14801493
0.0 0.049340792
1.0 0.99657226
1.0 0.926764
1.0 0.9969693
1.0 0.82419336
1.0 0.98032266
