true vs pred:
1.0 0.99520564
1.0 0.95484865
1.0 0.85141826
0.0 0.04669518
1.0 0.56810004
1.0 0.9969177
0.0 0.19850045
1.0 0.8306867
0.0 0.79162323
1.0 0.9971724
1.0 0.9968002
1.0 0.68980104
1.0 0.9662759
1.0 0.99680173
1.0 0.9966156
0.0 0.4320222
1.0 0.99712545
1.0 0.9960108
0.0 0.016998172
1.0 0.21501599
0.0 0.8207751
1.0 0.9970407
1.0 0.9143806
1.0 0.90748566
1.0 0.79577774
1.0 0.9969824
0.0 0.044060852
1.0 0.99680245
1.0 0.9753566
0.0 0.059599273
1.0 0.996743
1.0 0.9962754
1.0 0.9896588
0.0 0.06867482
1.0 0.99655163
1.0 0.99682224
1.0 0.99080104
1.0 0.99576074
0.0 0.050567966
0.0 0.06730993
0.0 0.045398176
1.0 0.97820854
0.0 0.17741887
0.0 0.008547187
0.0 0.67511755
1.0 0.9893884
1.0 0.63540965
1.0 0.9948822
1.0 0.9945216
0.0 0.06730993
0.0 0.17741887
1.0 0.4430159
1.0 0.84101516
0.0 0.11072897
1.0 0.9188921
1.0 0.8776751
1.0 0.74907875
1.0 0.51072
1.0 0.9617224
1.0 0.996816
0.0 0.053766098
1.0 0.8506847
1.0 0.9159891
0.0 0.16907448
1.0 0.8277591
1.0 0.9843295
1.0 0.9837961
0.0 0.08118296
1.0 0.99589586
1.0 0.99480623
0.0 0.28076681
1.0 0.9945268
1.0 0.9934848
1.0 0.9959015
1.0 0.9195004
0.0 0.018631835
1.0 0.9526701
1.0 0.99688125
1.0 0.6246561
1.0 0.99713624
0.0 0.23394753
1.0 0.99139637
1.0 0.99655235
1.0 0.9953772
0.0 0.87812334
1.0 0.67593235
0.0 0.023713917
0.0 0.2014385
1.0 0.96915126
1.0 0.996101
1.0 0.9559152
1.0 0.99689424
1.0 0.997285
1.0 0.9620612
1.0 0.7710753
0.0 0.0899113
1.0 0.96038425
1.0 0.8435693
1.0 0.9660534
1.0 0.99680173
1.0 0.9717994
1.0 0.9095173
1.0 0.9972257
1.0 0.9045687
1.0 0.7885284
1.0 0.8978103
1.0 0.9951474
1.0 0.99415624
0.0 0.28076681
0.0 0.07172898
1.0 0.99559635
1.0 0.89780176
1.0 0.9937423
1.0 0.9970407
1.0 0.98889446
1.0 0.81667495
1.0 0.9668833
1.0 0.9969393
0.0 0.018187782
0.0 0.889641
1.0 0.99743974
1.0 0.9373023
1.0 0.9960628
1.0 0.9971283
1.0 0.99707544
0.0 0.038676944
1.0 0.99694926
0.0 0.021271408
1.0 0.99504626
1.0 0.98495954
1.0 0.99003464
1.0 0.98924553
1.0 0.9962793
1.0 0.98599964
1.0 0.98052084
0.0 0.18579166
1.0 0.96497625
1.0 0.99430794
1.0 0.9885634
1.0 0.99044925
1.0 0.096169576
1.0 0.9660954
1.0 0.9937925
1.0 0.246059
1.0 0.97882676
1.0 0.8829151
1.0 0.9971419
1.0 0.83313584
1.0 0.99348575
1.0 0.9561585
1.0 0.9700123
1.0 0.33453673
1.0 0.5325301
1.0 0.9941484
0.0 0.016998172
1.0 0.6402989
1.0 0.39792442
1.0 0.9660534
0.0 0.01177655
1.0 0.95802534
0.0 0.023958761
0.0 0.55314946
1.0 0.9844993
0.0 0.7276097
1.0 0.87552035
1.0 0.99348575
1.0 0.99522084
1.0 0.9573289
1.0 0.972337
1.0 0.99432063
0.0 0.063278146
0.0 0.07707841
1.0 0.9974343
1.0 0.9925799
1.0 0.99605066
1.0 0.9862925
0.0 0.01325706
0.0 0.042186093
0.0 0.06815768
0.0 0.043455042
1.0 0.9966336
1.0 0.98403406
1.0 0.9958476
1.0 0.977042
0.0 0.18801223
1.0 0.9960098
1.0 0.99579644
1.0 0.9955094
1.0 0.92943764
1.0 0.90294033
1.0 0.2839982
1.0 0.9932887
1.0 0.4430159
1.0 0.9965836
1.0 0.9932766
1.0 0.8886851
0.0 0.3665568
1.0 0.993034
1.0 0.99705577
1.0 0.99218553
1.0 0.9972843
0.0 0.037385434
0.0 0.021148983
0.0 0.040401526
0.0 0.07250721
1.0 0.88762873
1.0 0.9755358
1.0 0.9687423
0.0 0.033463776
1.0 0.9460884
1.0 0.97015375
1.0 0.9971137
1.0 0.5371623
1.0 0.9933756
1.0 0.9929255
1.0 0.93356097
1.0 0.9971523
1.0 0.9677788
1.0 0.99655956
1.0 0.99419034
1.0 0.99649173
1.0 0.99709225
0.0 0.028530618
1.0 0.9956173
1.0 0.99689424
1.0 0.97015375
1.0 0.9558535
1.0 0.99706954
1.0 0.9957182
1.0 0.9751184
