true vs pred:
1.0 0.8933922
1.0 0.9953544
0.0 0.44718245
1.0 0.9975011
0.0 0.3763347
1.0 0.9945616
1.0 0.95731884
0.0 0.20177639
1.0 0.92362213
0.0 0.67142063
0.0 0.8238667
1.0 0.9972703
1.0 0.9949655
1.0 0.9776883
0.0 0.2949066
1.0 0.95633173
1.0 0.99459934
1.0 0.8726192
1.0 0.89261466
1.0 0.9950582
1.0 0.9857712
0.0 0.44718245
1.0 0.9971322
1.0 0.9963642
1.0 0.8726192
1.0 0.97483826
1.0 0.9945616
1.0 0.9975011
0.0 0.64108706
1.0 0.99677986
1.0 0.9939361
1.0 0.99672073
0.0 0.67142063
0.0 0.21339612
1.0 0.99440527
0.0 0.41114518
1.0 0.97032917
0.0 0.77259517
1.0 0.9559554
1.0 0.94826305
1.0 0.90236425
1.0 0.97483826
1.0 0.99709165
1.0 0.9877165
1.0 0.97884536
1.0 0.9574497
1.0 0.97444576
1.0 0.9971015
0.0 0.24828319
0.0 0.47128832
1.0 0.9723168
1.0 0.9951141
1.0 0.9971015
1.0 0.99650466
1.0 0.97089696
1.0 0.940862
1.0 0.9954496
0.0 0.39916307
1.0 0.9822495
0.0 0.6468258
1.0 0.9950582
1.0 0.94107366
1.0 0.9966491
1.0 0.9824655
1.0 0.9681548
1.0 0.91047466
1.0 0.93261087
1.0 0.9886834
0.0 0.76087564
1.0 0.940862
1.0 0.9954496
1.0 0.9780699
1.0 0.9949655
1.0 0.9681548
0.0 0.6316511
1.0 0.9754912
1.0 0.9776883
0.0 0.21750386
1.0 0.9975011
1.0 0.9900713
0.0 0.47366172
1.0 0.9952506
1.0 0.97884536
1.0 0.8726192
1.0 0.91047466
1.0 0.9966073
1.0 0.9966073
1.0 0.99440527
1.0 0.9901267
1.0 0.9936464
0.0 0.41114518
1.0 0.9900713
1.0 0.9945616
0.0 0.76087564
0.0 0.59240985
1.0 0.99459934
0.0 0.22353594
1.0 0.9574497
1.0 0.9952506
1.0 0.9776883
1.0 0.9963642
1.0 0.9775303
1.0 0.9900087
1.0 0.940862
1.0 0.8933922
0.0 0.59240985
1.0 0.92362213
1.0 0.9824655
1.0 0.9947798
1.0 0.99768806
1.0 0.95731884
1.0 0.9368803
1.0 0.9681548
1.0 0.99692994
1.0 0.99672073
1.0 0.940862
1.0 0.9975011
1.0 0.9775113
1.0 0.99649906
0.0 0.75997466
0.0 0.4221063
1.0 0.99677986
1.0 0.984412
1.0 0.9559554
1.0 0.9945616
1.0 0.940862
1.0 0.90236425
1.0 0.9535215
1.0 0.9960775
1.0 0.9853491
1.0 0.9971322
1.0 0.9975011
1.0 0.9971322
1.0 0.9877165
0.0 0.59240985
0.0 0.20177639
1.0 0.9975963
1.0 0.9904322
1.0 0.9965474
1.0 0.997081
0.0 0.82425857
1.0 0.9939361
1.0 0.9975963
1.0 0.9950582
1.0 0.99463874
0.0 0.15537716
1.0 0.93261087
1.0 0.8933922
0.0 0.76087564
1.0 0.9945616
1.0 0.9959312
1.0 0.99446636
1.0 0.9950582
1.0 0.9768386
1.0 0.9931317
1.0 0.91047466
0.0 0.58513606
0.0 0.76087564
1.0 0.90236425
1.0 0.94826305
0.0 0.47366172
1.0 0.9368803
1.0 0.99677986
1.0 0.9720162
1.0 0.9887249
0.0 0.19418229
1.0 0.92362213
1.0 0.9954496
1.0 0.99685186
0.0 0.20177639
1.0 0.88889927
1.0 0.95731884
1.0 0.97089696
1.0 0.9850994
1.0 0.93261087
1.0 0.9886834
1.0 0.9756091
1.0 0.9780699
1.0 0.89871216
0.0 0.47366172
1.0 0.89871216
1.0 0.99446636
1.0 0.99649906
0.0 0.36194125
1.0 0.94107366
1.0 0.94826305
1.0 0.9975011
1.0 0.9960775
0.0 0.24828319
1.0 0.99685186
1.0 0.99685186
1.0 0.99694306
1.0 0.99463874
1.0 0.9846556
1.0 0.99768806
1.0 0.9957404
0.0 0.7665852
0.0 0.39916307
1.0 0.9971322
0.0 0.8238667
1.0 0.9945616
1.0 0.95633173
1.0 0.93261087
1.0 0.99692994
1.0 0.9900713
0.0 0.76087564
1.0 0.90473413
1.0 0.979749
0.0 0.7879361
1.0 0.9754912
1.0 0.97444576
1.0 0.9971015
1.0 0.99444276
0.0 0.6316511
0.0 0.6078757
0.0 0.7427491
1.0 0.9939361
0.0 0.39916307
1.0 0.9822495
1.0 0.9900713
0.0 0.6316511
1.0 0.9971322
0.0 0.7879361
0.0 0.8238667
1.0 0.9776883
1.0 0.979749
0.0 0.19418229
0.0 0.20177639
0.0 0.2949066
1.0 0.9931317
1.0 0.99754614
1.0 0.9939188
1.0 0.9887249
1.0 0.9975963
1.0 0.96699655
1.0 0.9877165
1.0 0.9971015
1.0 0.9947798
0.0 0.8238667
0.0 0.62287176
1.0 0.9951141
1.0 0.98830134
1.0 0.9949655
1.0 0.9884957
1.0 0.9901267
1.0 0.9900294
1.0 0.9883519
1.0 0.9883519
1.0 0.98830134
1.0 0.89261466
1.0 0.9977252
1.0 0.9947798
0.0 0.21750386
1.0 0.9936464
1.0 0.97884536
1.0 0.9952506
1.0 0.90236425
0.0 0.2949066
0.0 0.6468258
1.0 0.9768386
1.0 0.97253877
1.0 0.9724398
1.0 0.99463874
1.0 0.9904322
1.0 0.90473413
1.0 0.9950582
1.0 0.9957404
0.0 0.77259517
1.0 0.9963642
0.0 0.2949066
1.0 0.97884536
1.0 0.99709165
1.0 0.9887249
1.0 0.99459934
0.0 0.59240985
1.0 0.97253877
0.0 0.75997466
1.0 0.9768386
1.0 0.99649906
1.0 0.99750656
1.0 0.99459934
1.0 0.9886834
0.0 0.78564733
1.0 0.94084364
0.0 0.6326362
1.0 0.9754912
1.0 0.99672073
1.0 0.9904322
1.0 0.9945616
0.0 0.44718245
1.0 0.99650466
0.0 0.75997466
1.0 0.90473413
1.0 0.9904322
1.0 0.9768386
1.0 0.99686015
1.0 0.9877165
1.0 0.92362213
1.0 0.9886834
1.0 0.9846556
1.0 0.9776883
1.0 0.97884536
1.0 0.92362213
1.0 0.9949655
0.0 0.82425857
1.0 0.9945616
1.0 0.9939188
0.0 0.47128832
1.0 0.99677986
1.0 0.997081
1.0 0.9936464
1.0 0.99649906
0.0 0.59240985
1.0 0.9949655
0.0 0.62287176
1.0 0.99649906
1.0 0.9970342
1.0 0.9824655
1.0 0.99672073
1.0 0.94084364
1.0 0.99750656
1.0 0.9768386
1.0 0.9952857
0.0 0.7879361
0.0 0.77259517
1.0 0.9977252
1.0 0.9824655
0.0 0.41114518
1.0 0.93261087
1.0 0.97483826
1.0 0.9853491
1.0 0.9970342
1.0 0.97089696
1.0 0.90473413
1.0 0.9574497
1.0 0.9720162
1.0 0.95731884
1.0 0.97253877
1.0 0.9877165
1.0 0.97253877
1.0 0.99754614
0.0 0.7665852
1.0 0.97884536
0.0 0.75997466
0.0 0.15537716
0.0 0.24828319
1.0 0.9949655
0.0 0.20177639
1.0 0.9889079
0.0 0.4221063
1.0 0.9775113
1.0 0.9780699
0.0 0.6468258
1.0 0.940862
1.0 0.9768386
1.0 0.98590475
1.0 0.9966491
1.0 0.97253877
1.0 0.9904322
0.0 0.58513606
1.0 0.9234056
1.0 0.93261087
0.0 0.6078757
1.0 0.94107366
1.0 0.92362213
1.0 0.99444276
1.0 0.95633173
1.0 0.9901267
1.0 0.9853491
1.0 0.99672073
1.0 0.91047466
0.0 0.44718245
1.0 0.9850994
1.0 0.9857712
1.0 0.99444276
0.0 0.7427491
1.0 0.9931317
1.0 0.96699655
1.0 0.9975011
1.0 0.99446636
1.0 0.99754614
1.0 0.9957404
1.0 0.99692994
1.0 0.93261087
1.0 0.9975963
1.0 0.89871216
1.0 0.99694306
1.0 0.9949655
1.0 0.940862
1.0 0.9857712
0.0 0.7665852
1.0 0.95731884
1.0 0.9945616
1.0 0.9945616
1.0 0.95731884
1.0 0.9850994
1.0 0.9857712
1.0 0.99649906
1.0 0.9780699
1.0 0.9883519
1.0 0.9959312
1.0 0.99649906
1.0 0.9963642
1.0 0.9887249
0.0 0.20177639
0.0 0.21339612
1.0 0.99672073
1.0 0.9963642
1.0 0.9850994
1.0 0.9853491
1.0 0.9971015
1.0 0.99649906
1.0 0.9877165
1.0 0.9234056
1.0 0.99768806
0.0 0.47366172
1.0 0.9877165
1.0 0.9949655
1.0 0.9724398
1.0 0.9936464
0.0 0.47128832
0.0 0.21339612
1.0 0.99754614
1.0 0.9950582
1.0 0.9957404
1.0 0.9756091
1.0 0.97089696
1.0 0.9947798
1.0 0.9824655
1.0 0.9768386
1.0 0.99459934
1.0 0.9900087
1.0 0.9952857
1.0 0.99650466
1.0 0.979749
0.0 0.7665852
0.0 0.21339612
1.0 0.92362213
1.0 0.94826305
1.0 0.9681548
1.0 0.90473413
1.0 0.9754912
1.0 0.97089696
0.0 0.6316511
0.0 0.24828319
1.0 0.99686015
1.0 0.96699655
0.0 0.7879361
0.0 0.3763347
0.0 0.24828319
1.0 0.94107366
1.0 0.9775113
0.0 0.24828319
1.0 0.88889927
1.0 0.9959312
1.0 0.99692994
0.0 0.75997466
1.0 0.94107366
0.0 0.64108706
1.0 0.99754614
1.0 0.99692994
1.0 0.997081
0.0 0.22353594
1.0 0.9904322
0.0 0.8238667
1.0 0.97253877
0.0 0.39916307
1.0 0.99692994
1.0 0.9966491
1.0 0.90473413
1.0 0.99677986
1.0 0.9574497
1.0 0.9754912
0.0 0.39916307
1.0 0.9883519
1.0 0.9889079
0.0 0.47366172
0.0 0.41114518
1.0 0.9939188
1.0 0.940862
0.0 0.20177639
1.0 0.97253877
1.0 0.96699655
1.0 0.9780699
1.0 0.94826305
0.0 0.77259517
0.0 0.4221063
0.0 0.8238667
1.0 0.9756091
1.0 0.9857712
1.0 0.9857712
1.0 0.9931317
0.0 0.76087564
0.0 0.62287176
0.0 0.7665852
0.0 0.2949066
0.0 0.17790584
0.0 0.7665852
1.0 0.99694306
1.0 0.9901267
1.0 0.979749
1.0 0.99672073
1.0 0.9850994
0.0 0.76087564
1.0 0.9951141
1.0 0.9853491
1.0 0.9971322
1.0 0.9936464
1.0 0.9368803
1.0 0.9900294
1.0 0.99712104
1.0 0.90473413
0.0 0.39916307
1.0 0.99650466
1.0 0.9724398
1.0 0.9939361
1.0 0.99754614
1.0 0.994799
1.0 0.98590475
1.0 0.9234056
