true vs pred:
1.0 0.9999794
1.0 0.9999783
1.0 0.99997914
1.0 0.99997854
1.0 0.99998033
1.0 0.99997854
1.0 0.99997866
1.0 0.999979
1.0 0.99997914
1.0 0.99998
1.0 0.99998057
1.0 0.99997115
1.0 0.9999807
1.0 0.9999795
1.0 0.9999794
1.0 0.9999784
1.0 0.9999807
1.0 0.99997914
1.0 0.9999784
1.0 0.9999765
1.0 0.99998033
1.0 0.99997866
1.0 0.99997807
1.0 0.99998033
1.0 0.9999777
1.0 0.99997854
1.0 0.9999807
1.0 0.99998
1.0 0.99997914
1.0 0.9999739
1.0 0.99998
1.0 0.99997985
1.0 0.9999747
1.0 0.9999751
1.0 0.9999802
1.0 0.99997497
1.0 0.99997175
1.0 0.999979
1.0 0.9999808
1.0 0.99997354
1.0 0.99997866
1.0 0.99997187
1.0 0.9999654
1.0 0.99997914
1.0 0.99997985
1.0 0.9999795
1.0 0.99996936
1.0 0.9999777
1.0 0.99997926
1.0 0.99997914
1.0 0.9999795
1.0 0.9999782
1.0 0.99997973
1.0 0.99992514
1.0 0.99998057
1.0 0.9999796
1.0 0.9999782
1.0 0.9999788
1.0 0.99998105
1.0 0.99997985
1.0 0.99997795
1.0 0.9999232
1.0 0.99998033
1.0 0.9999802
1.0 0.99998
1.0 0.99997926
1.0 0.99997973
1.0 0.99997115
1.0 0.99998
1.0 0.99998033
1.0 0.99997497
1.0 0.9999789
1.0 0.99997807
1.0 0.9999728
1.0 0.99997866
1.0 0.99992514
1.0 0.9999777
1.0 0.9999782
1.0 0.99998033
1.0 0.9999788
1.0 0.9999784
1.0 0.9998791
1.0 0.9999758
1.0 0.9999808
1.0 0.9999232
1.0 0.99998116
1.0 0.9999801
1.0 0.9999808
1.0 0.99998057
1.0 0.9999703
1.0 0.9999784
1.0 0.9999795
1.0 0.99998033
1.0 0.9999138
1.0 0.9999788
1.0 0.99997926
1.0 0.99997497
1.0 0.9999784
1.0 0.9999777
1.0 0.9999782
1.0 0.9999807
1.0 0.99997807
1.0 0.99998
1.0 0.999966
1.0 0.99989176
1.0 0.9999777
1.0 0.99998033
1.0 0.9999788
1.0 0.99998033
1.0 0.9999782
1.0 0.9999802
1.0 0.9999796
1.0 0.99989927
1.0 0.99998033
1.0 0.9999758
1.0 0.99998
1.0 0.99997115
1.0 0.99998033
1.0 0.9999747
1.0 0.99998033
1.0 0.99997985
1.0 0.99998057
1.0 0.99998105
1.0 0.99997973
1.0 0.9999795
1.0 0.9999802
1.0 0.9999728
1.0 0.99997926
1.0 0.99997985
1.0 0.99997747
1.0 0.9999747
1.0 0.99997187
1.0 0.9999802
1.0 0.99997985
1.0 0.99998057
1.0 0.9999728
1.0 0.9999777
1.0 0.99997056
1.0 0.99997795
1.0 0.99998
1.0 0.9999138
1.0 0.99998
1.0 0.9999751
1.0 0.99996436
1.0 0.99997926
1.0 0.9999783
1.0 0.9999747
1.0 0.9999659
1.0 0.9999784
1.0 0.99997926
1.0 0.9999807
1.0 0.99998
1.0 0.99997437
1.0 0.99997854
1.0 0.99998057
1.0 0.99997663
1.0 0.99998033
1.0 0.99998
1.0 0.99992514
1.0 0.99997973
1.0 0.99997187
1.0 0.9999802
1.0 0.99997914
1.0 0.99997985
1.0 0.99996793
1.0 0.99989176
1.0 0.99997866
1.0 0.9999802
1.0 0.9999765
1.0 0.99997985
1.0 0.9999807
1.0 0.99998057
1.0 0.999979
1.0 0.9999232
1.0 0.9999747
1.0 0.9999703
1.0 0.99997056
1.0 0.9999808
1.0 0.99998045
1.0 0.9998847
1.0 0.99997854
1.0 0.99998
1.0 0.99998105
1.0 0.9999794
1.0 0.9999796
1.0 0.9999802
1.0 0.99996936
1.0 0.9999758
1.0 0.99997973
1.0 0.99997497
1.0 0.99997807
1.0 0.99997973
1.0 0.9999795
1.0 0.99996436
1.0 0.99996793
1.0 0.9999784
1.0 0.99997056
1.0 0.9999138
1.0 0.99996936
1.0 0.99998033
1.0 0.9999783
1.0 0.99998033
1.0 0.9999788
1.0 0.9999728
1.0 0.99997795
1.0 0.99998033
1.0 0.99998057
1.0 0.99997926
1.0 0.9999784
1.0 0.9999654
1.0 0.9999753
1.0 0.99985516
1.0 0.99997926
1.0 0.99997354
1.0 0.99997115
1.0 0.99996483
1.0 0.9999788
1.0 0.9999783
1.0 0.99997926
1.0 0.999979
1.0 0.9999789
1.0 0.99997926
1.0 0.9999802
1.0 0.99998033
1.0 0.99998105
1.0 0.99992514
1.0 0.9999807
1.0 0.99998
1.0 0.99997354
1.0 0.9998847
1.0 0.9999751
1.0 0.99992514
1.0 0.99997985
1.0 0.99998033
1.0 0.99996793
1.0 0.99998033
1.0 0.99997985
1.0 0.99997795
1.0 0.9999808
1.0 0.99997985
1.0 0.9999739
1.0 0.9999777
1.0 0.99997926
1.0 0.99997175
1.0 0.99997866
1.0 0.99997854
1.0 0.9999788
1.0 0.9999747
1.0 0.99997926
1.0 0.99997973
1.0 0.99997985
1.0 0.99997807
1.0 0.99998
1.0 0.99996746
1.0 0.99998033
1.0 0.9999802
1.0 0.99998
1.0 0.9999654
1.0 0.9999807
1.0 0.99997926
1.0 0.9999808
1.0 0.99997985
1.0 0.9999784
1.0 0.99998033
1.0 0.99997854
1.0 0.99998057
1.0 0.99997854
1.0 0.9999789
1.0 0.9999739
1.0 0.99997854
1.0 0.99997926
1.0 0.99998033
1.0 0.9999783
1.0 0.9998728
1.0 0.999979
1.0 0.9999802
1.0 0.99998
1.0 0.99997795
1.0 0.9999764
1.0 0.99997926
1.0 0.99997914
1.0 0.99997926
1.0 0.9999808
1.0 0.9999802
1.0 0.9999795
1.0 0.9999753
1.0 0.99997926
1.0 0.99998105
1.0 0.9999783
1.0 0.99997854
1.0 0.9999747
1.0 0.99998033
1.0 0.999979
1.0 0.99998
1.0 0.99998033
1.0 0.9999795
1.0 0.9999789
1.0 0.9998791
1.0 0.9999796
1.0 0.99997115
1.0 0.99997926
1.0 0.99998057
1.0 0.99997854
1.0 0.99997914
1.0 0.99996793
1.0 0.99996936
1.0 0.99998
1.0 0.9999807
1.0 0.9999801
1.0 0.99998057
1.0 0.99997973
1.0 0.99996793
1.0 0.9999801
1.0 0.99997973
1.0 0.999979
1.0 0.9999795
1.0 0.9999796
1.0 0.99997914
1.0 0.99992514
1.0 0.9999802
1.0 0.9999654
1.0 0.9999802
1.0 0.99997985
1.0 0.9999659
1.0 0.9998847
1.0 0.9999795
1.0 0.9999802
1.0 0.9999138
1.0 0.99997866
1.0 0.9999739
1.0 0.99997914
1.0 0.9999796
1.0 0.9999808
1.0 0.9999784
1.0 0.9999802
1.0 0.99997115
1.0 0.99998033
1.0 0.99998033
1.0 0.9999747
1.0 0.99997866
1.0 0.9999783
1.0 0.9999747
1.0 0.999966
1.0 0.9999795
1.0 0.99997985
1.0 0.9999784
1.0 0.999966
1.0 0.99997985
1.0 0.99998
1.0 0.99998116
1.0 0.99997926
1.0 0.99997854
1.0 0.9998728
1.0 0.99997914
1.0 0.9999795
1.0 0.9999783
1.0 0.99997973
1.0 0.99997747
1.0 0.9999765
1.0 0.99997795
1.0 0.99998045
1.0 0.9999783
1.0 0.99989176
1.0 0.99998116
1.0 0.99997914
1.0 0.9999747
1.0 0.99997985
1.0 0.9999782
1.0 0.99997914
1.0 0.9999764
1.0 0.99997973
1.0 0.9999794
1.0 0.9999802
1.0 0.9998621
1.0 0.99997795
1.0 0.99997914
1.0 0.99998
1.0 0.99997175
1.0 0.99997056
1.0 0.99992514
1.0 0.9999788
1.0 0.9999764
1.0 0.99998
1.0 0.99997973
1.0 0.99997926
1.0 0.99997973
1.0 0.99996746
1.0 0.9999807
1.0 0.9999747
1.0 0.9999802
1.0 0.9999782
1.0 0.99997866
1.0 0.99997914
1.0 0.9999795
1.0 0.9999795
1.0 0.99998
1.0 0.9999788
1.0 0.99998057
1.0 0.99997926
1.0 0.9999788
1.0 0.9999788
1.0 0.9999784
1.0 0.99997866
1.0 0.9999796
1.0 0.99997854
1.0 0.9999782
1.0 0.9999802
1.0 0.99998116
1.0 0.99997985
1.0 0.9999802
1.0 0.99997973
1.0 0.9999788
1.0 0.9999807
1.0 0.9999795
1.0 0.99997985
1.0 0.99997854
1.0 0.99997187
1.0 0.99997354
1.0 0.9999764
1.0 0.9999747
1.0 0.99997926
1.0 0.99997985
1.0 0.99998057
1.0 0.99998105
1.0 0.99998045
1.0 0.99997926
1.0 0.9999795
1.0 0.9999788
1.0 0.99996793
1.0 0.99998
1.0 0.99998045
1.0 0.99997985
1.0 0.9999802
1.0 0.99997854
1.0 0.9999802
1.0 0.99998033
1.0 0.99997973
1.0 0.99997973
1.0 0.99998057
1.0 0.99997854
1.0 0.9999795
1.0 0.9999802
1.0 0.9998847
1.0 0.9999753
1.0 0.9999789
1.0 0.99998033
1.0 0.99997914
1.0 0.9999765
1.0 0.99997973
1.0 0.9999802
1.0 0.99989927
1.0 0.99998033
1.0 0.9999807
1.0 0.9999796
1.0 0.99998033
1.0 0.99997795
1.0 0.9999807
1.0 0.9999715
1.0 0.9999788
1.0 0.9999801
1.0 0.99997973
1.0 0.99998105
1.0 0.99998
1.0 0.99997175
1.0 0.99997926
1.0 0.99997187
1.0 0.9999747
1.0 0.99997914
1.0 0.99998
1.0 0.9999739
1.0 0.9999746
1.0 0.9999747
1.0 0.9998791
1.0 0.9999807
1.0 0.99998057
1.0 0.99997973
1.0 0.99997914
1.0 0.99998057
1.0 0.9999796
1.0 0.99997926
1.0 0.99997985
1.0 0.99997795
1.0 0.99997437
1.0 0.99997914
1.0 0.9999764
1.0 0.99998
1.0 0.99997795
1.0 0.99997854
1.0 0.99997866
1.0 0.99997497
1.0 0.99997926
1.0 0.99998
1.0 0.9999794
1.0 0.99997973
1.0 0.99997354
1.0 0.99998033
1.0 0.99997914
1.0 0.99998057
1.0 0.9999788
1.0 0.99998
1.0 0.9999795
1.0 0.9999796
1.0 0.9999796
1.0 0.9999788
1.0 0.99997973
1.0 0.9999716
1.0 0.9999715
1.0 0.99998
1.0 0.9999802
1.0 0.9999764
1.0 0.99997866
1.0 0.9999747
1.0 0.9999788
1.0 0.9999802
1.0 0.99997866
1.0 0.999979
1.0 0.9999784
1.0 0.99997973
1.0 0.99998033
1.0 0.9999782
