true vs pred:
1.0 0.96790266
1.0 0.9821162
1.0 0.99062914
0.0 0.007806691
0.0 0.032920554
0.0 0.11421496
1.0 0.9829137
0.0 0.005455739
0.0 0.015514692
1.0 0.9623592
0.0 0.20007259
0.0 0.0070708925
0.0 0.24182859
1.0 0.9945469
1.0 0.98814696
1.0 0.9914682
1.0 0.99696535
1.0 0.99715555
0.0 0.005356595
0.0 0.0054045105
1.0 0.9590401
0.0 0.3247555
0.0 0.007508253
1.0 0.99311286
1.0 0.97559863
1.0 0.99684286
1.0 0.99439806
0.0 0.049509324
0.0 0.004780759
0.0 0.15691054
1.0 0.8586451
1.0 0.96272665
0.0 0.005118098
1.0 0.9962381
0.0 0.0138264345
1.0 0.99567056
1.0 0.97903365
1.0 0.99407476
1.0 0.27127784
1.0 0.99595696
1.0 0.08507204
0.0 0.049509324
1.0 0.9931277
1.0 0.9534506
1.0 0.9601105
1.0 0.98952454
1.0 0.99620986
0.0 0.018865852
1.0 0.33802035
1.0 0.6997558
0.0 0.004387766
1.0 0.9954413
0.0 0.006872892
0.0 0.4944497
1.0 0.76950985
0.0 0.047353484
1.0 0.99548846
1.0 0.99020827
1.0 0.994097
1.0 0.9908405
1.0 0.9954651
1.0 0.9891322
1.0 0.98354846
1.0 0.9964612
0.0 0.0038166489
1.0 0.99518883
1.0 0.8949629
1.0 0.99363375
0.0 0.05251816
0.0 0.01176575
1.0 0.9853673
1.0 0.9924965
0.0 0.017147465
1.0 0.99326056
0.0 0.84565127
0.0 0.20242167
1.0 0.49195147
1.0 0.99310595
0.0 0.6455306
1.0 0.9951014
0.0 0.06548769
1.0 0.98588055
1.0 0.99360704
1.0 0.9855387
1.0 0.978187
1.0 0.9704085
0.0 0.6272093
1.0 0.6997558
1.0 0.7224861
0.0 0.96967244
0.0 0.9553488
1.0 0.9766698
1.0 0.29030082
1.0 0.99611264
1.0 0.9928631
1.0 0.9927322
0.0 0.0076818
1.0 0.99340665
1.0 0.9839625
0.0 0.0067622876
1.0 0.9970018
0.0 0.9438144
1.0 0.99563146
0.0 0.0051789954
1.0 0.25016323
1.0 0.32928053
1.0 0.5108607
1.0 0.9958741
1.0 0.9757431
1.0 0.98829377
1.0 0.9505872
1.0 0.95854765
0.0 0.010853643
1.0 0.99602073
1.0 0.23003502
0.0 0.0122126015
1.0 0.99055326
1.0 0.995824
1.0 0.9476802
1.0 0.9910432
1.0 0.99300027
1.0 0.9928148
1.0 0.9720132
1.0 0.9935615
0.0 0.006352987
1.0 0.9922984
1.0 0.9905918
1.0 0.9945715
1.0 0.9899817
1.0 0.91565865
1.0 0.98819995
1.0 0.93021774
0.0 0.0060073696
0.0 0.0056298887
0.0 0.68074083
0.0 0.005288222
1.0 0.9735303
1.0 0.99640876
1.0 0.99331987
1.0 0.996597
1.0 0.94902503
1.0 0.9633062
1.0 0.9807643
1.0 0.99607915
1.0 0.9507252
1.0 0.9909587
0.0 0.9438144
0.0 0.0070697917
1.0 0.49350843
0.0 0.0051750317
1.0 0.9895996
1.0 0.9914302
1.0 0.98684245
1.0 0.95284694
1.0 0.99006957
1.0 0.6400955
1.0 0.9796708
1.0 0.98208123
1.0 0.3970974
1.0 0.99378055
0.0 0.025056342
1.0 0.9954513
0.0 0.005466311
1.0 0.9959848
1.0 0.7224861
1.0 0.99633646
1.0 0.99682176
0.0 0.008459355
0.0 0.0054901885
0.0 0.0052807527
1.0 0.99535614
0.0 0.0057451176
0.0 0.0037661025
1.0 0.8618481
0.0 0.016684493
1.0 0.7754069
0.0 0.033598505
0.0 0.06738048
0.0 0.0054901885
0.0 0.0057451176
0.0 0.0045468435
1.0 0.9604342
0.0 0.3225478
1.0 0.97851586
1.0 0.905909
1.0 0.9256378
0.0 0.00937688
1.0 0.9771369
1.0 0.7224861
0.0 0.00588886
1.0 0.10781186
1.0 0.9657329
1.0 0.8989632
1.0 0.26347023
1.0 0.9944019
1.0 0.9918405
0.0 0.006339453
1.0 0.9967229
1.0 0.99694604
0.0 0.005477342
1.0 0.9966935
1.0 0.99689996
1.0 0.9969607
1.0 0.98430127
0.0 0.7631677
0.0 0.7588836
1.0 0.99143654
1.0 0.8441245
1.0 0.99641955
1.0 0.3945882
1.0 0.99590623
1.0 0.9970696
1.0 0.9069955
1.0 0.98570585
1.0 0.9728864
0.0 0.006684858
0.0 0.68983275
1.0 0.9803955
0.0 0.124715246
1.0 0.9942753
1.0 0.99143654
1.0 0.9939711
1.0 0.99321
0.0 0.0107431505
1.0 0.14739525
1.0 0.9889957
1.0 0.9889503
0.0 0.0072777485
1.0 0.9807643
1.0 0.9949655
