true vs pred:
0.0 0.007353775
0.0 0.0066338847
0.0 0.443752
1.0 0.998216
1.0 0.99421966
0.0 0.0051532905
1.0 0.99683315
0.0 0.22626734
0.0 0.005249782
1.0 0.99749786
1.0 0.9893316
1.0 0.9981926
1.0 0.9980348
0.0 0.004239465
0.0 0.009923817
1.0 0.9982475
1.0 0.28517464
0.0 0.003106751
1.0 0.99726546
1.0 0.9533827
0.0 0.0037458136
1.0 0.99773765
0.0 0.0023090106
1.0 0.9960252
1.0 0.9949216
1.0 0.60241777
0.0 0.0022982748
1.0 0.99474466
1.0 0.9955776
0.0 0.003985931
1.0 0.9832727
0.0 0.0032297787
1.0 0.9970181
0.0 0.0026755317
1.0 0.9978738
1.0 0.8671899
1.0 0.998221
1.0 0.99708575
0.0 0.1703279
0.0 0.9927913
1.0 0.9979505
1.0 0.99825066
0.0 0.007529115
1.0 0.98230356
0.0 0.0051703034
0.0 0.0034220829
1.0 0.97032666
0.0 0.0027100102
1.0 0.6450605
0.0 0.05472949
1.0 0.9971438
0.0 0.0021623361
1.0 0.78667235
1.0 0.99798054
1.0 0.9980306
1.0 0.9844728
1.0 0.98763555
0.0 0.0025336766
0.0 0.0041949847
0.0 0.027021106
1.0 0.9982267
1.0 0.9736362
1.0 0.99731964
0.0 0.97253317
0.0 0.007410064
1.0 0.9979215
1.0 0.99615604
1.0 0.99747664
1.0 0.9975821
1.0 0.93611187
0.0 0.0025361748
1.0 0.9977309
0.0 0.45453504
1.0 0.4979008
1.0 0.99754614
1.0 0.9952559
0.0 0.0023096248
0.0 0.00403524
1.0 0.9805474
0.0 0.004867438
1.0 0.9944898
1.0 0.44992882
1.0 0.9867203
0.0 0.0023272366
0.0 0.0029317022
1.0 0.99807775
1.0 0.9980096
1.0 0.99687743
1.0 0.98514974
0.0 0.00325251
1.0 0.99735934
0.0 0.0023790142
1.0 0.9799682
0.0 0.0023061826
0.0 0.002982999
1.0 0.9974139
0.0 0.03175761
1.0 0.99796695
0.0 0.0027026397
0.0 0.0031581048
0.0 0.0031015466
0.0 0.0036379357
0.0 0.0034730826
1.0 0.9981646
1.0 0.9978605
0.0 0.0039279023
0.0 0.018889034
0.0 0.046864912
1.0 0.9973973
1.0 0.99774146
0.0 0.006399787
1.0 0.99705136
1.0 0.99683964
0.0 0.004835824
0.0 0.0026100609
0.0 0.0031657007
0.0 0.012377337
0.0 0.1016301
0.0 0.006113596
1.0 0.2578829
1.0 0.9676546
0.0 0.0037631677
1.0 0.9826806
0.0 0.0030541632
0.0 0.0024564923
1.0 0.99475336
0.0 0.002942863
1.0 0.99557424
1.0 0.9958072
0.0 0.033012524
0.0 0.02431623
0.0 0.002942863
0.0 0.6821393
0.0 0.0030664403
0.0 0.0024225034
0.0 0.27961835
1.0 0.9978435
1.0 0.9879671
1.0 0.99637693
1.0 0.9880669
1.0 0.99613285
1.0 0.9252358
1.0 0.9944957
0.0 0.020331865
1.0 0.9973157
0.0 0.0025892805
0.0 0.24371658
1.0 0.9978114
1.0 0.96623725
0.0 0.0048333076
0.0 0.002633954
0.0 0.0021788918
1.0 0.9930307
1.0 0.2185827
0.0 0.0026772297
1.0 0.99789715
0.0 0.73388475
1.0 0.9938601
0.0 0.00802098
1.0 0.9978703
1.0 0.99242437
0.0 0.0048333076
1.0 0.9872497
0.0 0.0074738823
1.0 0.06993036
0.0 0.0026537168
1.0 0.761278
0.0 0.0030681507
1.0 0.99819165
0.0 0.003001462
0.0 0.032961376
1.0 0.9976618
1.0 0.9919993
1.0 0.7318233
0.0 0.006230964
1.0 0.99544996
1.0 0.9979511
0.0 0.24952039
0.0 0.004835824
0.0 0.007051114
1.0 0.6069801
1.0 0.9763806
0.0 0.002633954
0.0 0.77232265
1.0 0.9978897
1.0 0.9736362
0.0 0.0033850567
0.0 0.56142205
0.0 0.0065972833
1.0 0.52675784
1.0 0.9852601
0.0 0.0031581048
0.0 0.003001462
0.0 0.0032171449
1.0 0.99747735
1.0 0.9953715
0.0 0.007931586
0.0 0.0026950608
0.0 0.065392524
0.0 0.0024903743
1.0 0.99811894
1.0 0.9687581
1.0 0.98421997
1.0 0.9959849
0.0 0.002942863
1.0 0.9866485
0.0 0.032164138
1.0 0.99691224
0.0 0.023501793
1.0 0.9965403
1.0 0.99698263
1.0 0.99744046
1.0 0.9868559
0.0 0.0021115106
1.0 0.92166674
1.0 0.99795234
1.0 0.20140448
1.0 0.98657274
1.0 0.99631894
1.0 0.9966678
0.0 0.0026901274
0.0 0.0027301332
0.0 0.0037041826
1.0 0.9925263
0.0 0.0025427793
0.0 0.0026555157
1.0 0.9895353
0.0 0.0031760188
0.0 0.0025033273
1.0 0.60880446
