true vs pred:
0.0 0.0050949985
1.0 0.99518687
1.0 0.99725646
0.0 0.046110403
0.0 0.01574464
0.0 0.01218579
0.0 0.3193542
1.0 0.9768156
0.0 0.003265422
1.0 0.89483756
1.0 0.99733126
1.0 0.78017145
0.0 0.00441079
1.0 0.79901206
0.0 0.009402151
1.0 0.6150749
1.0 0.9763243
0.0 0.00406337
0.0 0.004839865
0.0 0.0047998643
1.0 0.9969349
1.0 0.9935616
0.0 0.0085190805
0.0 0.00326918
0.0 0.023168277
0.0 0.0041230773
1.0 0.99751616
1.0 0.9903465
1.0 0.9900349
1.0 0.9959978
0.0 0.0036317739
1.0 0.9940013
0.0 0.013062741
1.0 0.99583155
0.0 0.059714697
1.0 0.9954281
1.0 0.99640524
1.0 0.9965945
1.0 0.99411994
0.0 0.0035130389
1.0 0.97239923
1.0 0.9970668
0.0 0.13845396
1.0 0.98851717
1.0 0.99495894
1.0 0.99647444
0.0 0.0034794887
0.0 0.0032361264
0.0 0.0041330946
1.0 0.9923733
0.0 0.0043754117
0.0 0.003265422
1.0 0.99424946
0.0 0.0038578033
0.0 0.004691151
1.0 0.6241868
1.0 0.9967899
1.0 0.9967777
0.0 0.06441708
1.0 0.99564457
1.0 0.99301493
0.0 0.009522085
0.0 0.005316493
1.0 0.99113303
1.0 0.9642085
0.0 0.003506658
0.0 0.028103061
0.0 0.05601224
1.0 0.9948612
1.0 0.9967901
0.0 0.0044628936
0.0 0.01021681
0.0 0.0038578033
1.0 0.97062737
1.0 0.9796816
0.0 0.0049918527
1.0 0.99738795
0.0 0.0034817678
0.0 0.1360443
1.0 0.9962608
1.0 0.99659914
0.0 0.0043092547
1.0 0.9970258
1.0 0.66469353
0.0 0.0043049497
1.0 0.99725
1.0 0.9854565
1.0 0.99458885
1.0 0.034431856
1.0 0.99708956
0.0 0.0056207776
1.0 0.68300885
0.0 0.008598849
0.0 0.010882898
1.0 0.997065
0.0 0.004691151
0.0 0.0057172673
0.0 0.005107486
0.0 0.0050511835
1.0 0.9967704
1.0 0.9917772
1.0 0.9972945
0.0 0.049289595
0.0 0.09058204
1.0 0.9956073
1.0 0.98921835
1.0 0.997517
0.0 0.010193643
1.0 0.996953
1.0 0.99219346
1.0 0.99711955
0.0 0.0048681456
0.0 0.0040401244
1.0 0.99580175
0.0 0.057790045
0.0 0.006160415
0.0 0.05037684
1.0 0.97900385
1.0 0.9829983
1.0 0.96469957
1.0 0.9956736
0.0 0.0047260337
1.0 0.9968485
0.0 0.0039473544
0.0 0.0077668796
1.0 0.99638015
0.0 0.11661583
1.0 0.99529004
1.0 0.9916216
0.0 0.00456893
0.0 0.009061407
0.0 0.0095763765
1.0 0.9882834
1.0 0.99536324
1.0 0.9940388
0.0 0.004665555
1.0 0.99704415
1.0 0.997148
1.0 0.99668676
0.0 0.0031179194
0.0 0.3374565
1.0 0.99346864
0.0 0.003285657
1.0 0.99763227
0.0 0.011714901
1.0 0.99735886
0.0 0.006217561
0.0 0.004665555
1.0 0.8694814
0.0 0.007745255
1.0 0.9973859
1.0 0.99458236
0.0 0.020591632
1.0 0.99337703
1.0 0.99325764
0.0 0.003104913
1.0 0.92906284
1.0 0.9442705
0.0 0.0029576512
1.0 0.99637944
1.0 0.9968117
1.0 0.9903881
0.0 0.015748031
0.0 0.05037684
1.0 0.9953046
1.0 0.9938777
1.0 0.9966247
0.0 0.0065071727
1.0 0.99599
0.0 0.089349404
1.0 0.9968142
0.0 0.10106995
0.0 0.009293697
1.0 0.9936879
1.0 0.987568
0.0 0.0077946484
0.0 0.004689902
0.0 0.004338162
0.0 0.006233075
1.0 0.9922076
1.0 0.9963146
0.0 0.29070503
1.0 0.9881343
1.0 0.99159044
1.0 0.99395293
0.0 0.011884717
0.0 0.59489673
1.0 0.99005145
0.0 0.058510702
0.0 0.012135126
0.0 0.00937034
1.0 0.95978355
0.0 0.0059243767
0.0 0.090145566
1.0 0.9959794
1.0 0.9943153
1.0 0.98470795
1.0 0.034431856
1.0 0.97450054
0.0 0.032441802
1.0 0.99375373
1.0 0.90191036
0.0 0.033571046
0.0 0.003949537
1.0 0.99734193
0.0 0.0067273686
0.0 0.6539349
0.0 0.008529668
1.0 0.9975061
1.0 0.99755055
0.0 0.013832951
0.0 0.0048139156
0.0 0.0092233475
1.0 0.9971445
0.0 0.003973315
0.0 0.010831381
1.0 0.95936817
0.0 0.0029245343
1.0 0.98114944
0.0 0.003256945
0.0 0.0039473544
0.0 0.0048636403
0.0 0.0038737697
0.0 0.0031066001
1.0 0.9894302
1.0 0.8378602
1.0 0.9951605
1.0 0.98418254
1.0 0.97295636
0.0 0.0052444283
