true vs pred:
1.0 0.75365514
1.0 0.9409438
1.0 0.88023335
0.0 0.7101633
1.0 0.9333378
1.0 0.9320999
1.0 0.9486302
1.0 0.6252772
1.0 0.9440878
1.0 0.9457032
1.0 0.81650686
0.0 0.6539963
1.0 0.7598968
1.0 0.7811777
1.0 0.91867
1.0 0.9400265
1.0 0.9512917
1.0 0.8315216
1.0 0.94308466
0.0 0.71097
1.0 0.58945996
1.0 0.95492965
1.0 0.656215
1.0 0.74304056
1.0 0.7021495
0.0 0.60111976
0.0 0.76595646
1.0 0.9409699
1.0 0.84142977
1.0 0.947295
1.0 0.88481647
0.0 0.5505313
0.0 0.7425978
1.0 0.9548832
0.0 0.9338419
1.0 0.80539435
1.0 0.90423054
1.0 0.7963496
1.0 0.7755409
1.0 0.7073961
1.0 0.953836
1.0 0.95690763
1.0 0.801616
1.0 0.82211095
0.0 0.6743062
1.0 0.9288573
1.0 0.8719635
0.0 0.8511585
1.0 0.9377217
1.0 0.7199866
1.0 0.9530101
1.0 0.95649254
0.0 0.5467846
1.0 0.9546514
1.0 0.5645435
1.0 0.94408566
1.0 0.9212454
1.0 0.95265007
1.0 0.93623525
1.0 0.95583415
0.0 0.7501759
1.0 0.6442031
1.0 0.9544707
1.0 0.94988704
1.0 0.95514166
1.0 0.49360445
1.0 0.6363337
1.0 0.9431415
1.0 0.66839474
0.0 0.67119104
1.0 0.87459874
1.0 0.95481724
1.0 0.9532103
1.0 0.94466424
1.0 0.74938285
1.0 0.9457028
1.0 0.80414677
1.0 0.9440165
1.0 0.9285802
1.0 0.8169035
1.0 0.9041686
1.0 0.9232105
0.0 0.56801295
1.0 0.9449029
1.0 0.6691669
1.0 0.73643345
0.0 0.9281474
1.0 0.93114007
1.0 0.94112873
1.0 0.94480896
1.0 0.92823577
1.0 0.94082505
1.0 0.9523267
1.0 0.707944
1.0 0.69898736
1.0 0.894656
0.0 0.70114607
1.0 0.72464776
0.0 0.8476617
1.0 0.8091564
1.0 0.94801056
1.0 0.6552005
1.0 0.92725563
1.0 0.95518386
1.0 0.85767406
0.0 0.8204063
1.0 0.833919
1.0 0.9586949
1.0 0.9584594
1.0 0.7147269
1.0 0.9379367
1.0 0.92996204
1.0 0.7129824
1.0 0.75130266
0.0 0.7151834
1.0 0.9501503
1.0 0.7276184
1.0 0.910112
1.0 0.83215874
0.0 0.73184323
0.0 0.9359843
1.0 0.94028735
1.0 0.95041066
1.0 0.93915397
1.0 0.9273983
0.0 0.82739335
1.0 0.94553876
0.0 0.9311125
1.0 0.8171865
0.0 0.64007396
0.0 0.9231864
1.0 0.9479873
1.0 0.7375216
1.0 0.6580695
1.0 0.9472079
1.0 0.87504727
1.0 0.9130567
1.0 0.9497414
0.0 0.7497267
1.0 0.95648766
1.0 0.805296
0.0 0.5915215
1.0 0.9387527
1.0 0.9559223
1.0 0.84374803
1.0 0.9330042
1.0 0.8726669
1.0 0.6145385
1.0 0.91858345
1.0 0.9426952
1.0 0.90276986
0.0 0.4971084
1.0 0.7420778
1.0 0.95590943
1.0 0.9483158
1.0 0.9400256
1.0 0.9528795
1.0 0.64034355
0.0 0.73830724
0.0 0.74448645
1.0 0.55650723
1.0 0.9487095
0.0 0.74493897
1.0 0.95167893
0.0 0.7172416
1.0 0.93114007
1.0 0.7880211
1.0 0.62252486
0.0 0.6976532
0.0 0.66270894
1.0 0.9300316
1.0 0.6466273
1.0 0.6804356
1.0 0.941698
1.0 0.7041022
1.0 0.7560608
0.0 0.6800882
1.0 0.94865835
1.0 0.9489047
1.0 0.9456027
0.0 0.77071583
1.0 0.9260742
1.0 0.95560735
1.0 0.6527958
1.0 0.95776254
1.0 0.913841
1.0 0.8771168
1.0 0.70443183
0.0 0.57904446
0.0 0.92351925
1.0 0.8636745
1.0 0.861485
1.0 0.89838636
1.0 0.9105406
1.0 0.609324
1.0 0.7857573
1.0 0.94865835
1.0 0.93767923
1.0 0.94988704
1.0 0.90658027
0.0 0.57914567
1.0 0.94061184
1.0 0.8780913
1.0 0.95776254
0.0 0.79609793
0.0 0.8217578
1.0 0.9044235
1.0 0.6880196
1.0 0.94988036
1.0 0.93796855
0.0 0.51924676
0.0 0.61399835
1.0 0.9593965
1.0 0.71108586
1.0 0.8124343
1.0 0.9386882
1.0 0.64423263
0.0 0.707262
1.0 0.6417552
0.0 0.9189408
0.0 0.678516
1.0 0.92814726
0.0 0.7793207
1.0 0.94510806
1.0 0.8992023
1.0 0.6427386
1.0 0.91867
1.0 0.93623525
1.0 0.9515013
1.0 0.95489323
