true vs pred:
1.0 0.970225
1.0 0.9128603
1.0 0.9571665
1.0 0.95926243
1.0 0.9371673
1.0 0.97945374
1.0 0.99532217
1.0 0.9816181
1.0 0.9829064
1.0 0.96582294
1.0 0.9791352
1.0 0.9942994
0.0 0.3558087
0.0 0.7924036
1.0 0.9723613
1.0 0.9932996
1.0 0.9942994
1.0 0.99333584
1.0 0.9711609
1.0 0.9537479
1.0 0.99077624
0.0 0.73963547
1.0 0.9767041
1.0 0.86853355
1.0 0.9898712
1.0 0.95523626
1.0 0.9945322
1.0 0.97712225
1.0 0.9688308
1.0 0.9418238
1.0 0.94836974
1.0 0.9846659
1.0 0.9094873
1.0 0.9537479
1.0 0.99077624
1.0 0.9819095
1.0 0.99314016
1.0 0.9688308
1.0 0.8641967
1.0 0.980168
1.0 0.9818829
0.0 0.32405064
1.0 0.9959526
1.0 0.9849818
0.0 0.7949089
1.0 0.9935393
1.0 0.9829064
1.0 0.91932017
1.0 0.9418238
1.0 0.99327856
1.0 0.99327856
1.0 0.9923288
1.0 0.9849953
1.0 0.99130356
0.0 0.7549899
1.0 0.9849818
1.0 0.9887516
1.0 0.9094873
1.0 0.846233
1.0 0.9887572
0.0 0.33110568
1.0 0.96582294
1.0 0.9935393
1.0 0.9818829
1.0 0.9930627
1.0 0.97741514
1.0 0.9845307
1.0 0.9537479
1.0 0.93154466
1.0 0.846233
1.0 0.94829994
1.0 0.97712225
1.0 0.9928457
1.0 0.9962908
1.0 0.96583754
1.0 0.9516784
1.0 0.9688308
1.0 0.9950283
1.0 0.9934634
1.0 0.9537479
1.0 0.9959526
1.0 0.9815808
1.0 0.9933402
1.0 0.9066036
0.0 0.7600346
1.0 0.9937417
1.0 0.97958803
1.0 0.9571665
1.0 0.9887516
1.0 0.9537479
1.0 0.9371673
1.0 0.9632979
1.0 0.9925519
1.0 0.98062724
1.0 0.99429446
1.0 0.9959526
1.0 0.99429446
1.0 0.9816181
1.0 0.846233
0.0 0.30776998
1.0 0.99617875
1.0 0.9855641
1.0 0.9934182
1.0 0.9942211
1.0 0.9333584
1.0 0.9917917
1.0 0.99617875
1.0 0.9898712
1.0 0.98886955
0.0 0.24633175
1.0 0.94836974
1.0 0.93154466
1.0 0.9094873
1.0 0.9887516
1.0 0.9942919
1.0 0.9922907
1.0 0.9898712
1.0 0.98110414
1.0 0.9859637
1.0 0.9418238
1.0 0.84470546
1.0 0.9094873
1.0 0.9371673
1.0 0.95926243
0.0 0.7949089
1.0 0.9516784
1.0 0.9937417
1.0 0.9725142
1.0 0.9830914
0.0 0.29988888
1.0 0.94829994
1.0 0.99077624
1.0 0.9937797
0.0 0.30776998
1.0 0.92883277
1.0 0.96583754
1.0 0.9711609
1.0 0.98043525
1.0 0.94836974
1.0 0.9846659
1.0 0.97628284
1.0 0.9819095
1.0 0.93554187
0.0 0.7949089
1.0 0.93554187
1.0 0.9922907
1.0 0.9933402
0.0 0.7100986
1.0 0.95523626
1.0 0.95926243
1.0 0.9959526
1.0 0.9925519
0.0 0.3558087
1.0 0.9937797
1.0 0.9937797
1.0 0.99392277
1.0 0.98886955
1.0 0.98006433
1.0 0.9962908
1.0 0.9919441
1.0 0.9096368
0.0 0.73963547
1.0 0.99429446
1.0 0.93237495
1.0 0.9887516
1.0 0.96525115
1.0 0.94836974
1.0 0.9950283
1.0 0.9849818
1.0 0.9094873
1.0 0.9383761
1.0 0.98322934
1.0 0.91878587
1.0 0.980168
1.0 0.9791352
1.0 0.9942994
1.0 0.9886129
1.0 0.8641967
1.0 0.8545587
1.0 0.8982996
1.0 0.9917917
0.0 0.73963547
1.0 0.9767041
1.0 0.9849818
1.0 0.8641967
1.0 0.99429446
1.0 0.91878587
1.0 0.93237495
1.0 0.9818829
1.0 0.98322934
0.0 0.29988888
0.0 0.30776998
0.0 0.41745308
1.0 0.9859637
1.0 0.99604946
1.0 0.9873656
1.0 0.9830914
1.0 0.99617875
1.0 0.9680017
1.0 0.9816181
1.0 0.9942994
1.0 0.9928457
1.0 0.93237495
1.0 0.85937756
1.0 0.9932996
1.0 0.98448426
1.0 0.99314016
1.0 0.9827099
1.0 0.9849953
1.0 0.984674
1.0 0.98265094
1.0 0.98265094
1.0 0.98448426
1.0 0.93098617
1.0 0.99633384
1.0 0.9928457
0.0 0.32405064
1.0 0.99130356
1.0 0.9829064
1.0 0.9935393
1.0 0.9371673
0.0 0.41745308
1.0 0.86853355
1.0 0.98110414
1.0 0.97784346
1.0 0.972749
1.0 0.98886955
1.0 0.9855641
1.0 0.9383761
1.0 0.9898712
1.0 0.9919441
1.0 0.9128603
1.0 0.9930627
0.0 0.41745308
1.0 0.9829064
1.0 0.99532217
1.0 0.9830914
1.0 0.9887572
1.0 0.846233
1.0 0.97784346
1.0 0.9066036
1.0 0.98110414
1.0 0.9933402
1.0 0.9951197
1.0 0.9887572
1.0 0.9846659
1.0 0.9165652
1.0 0.9534583
1.0 0.86353695
1.0 0.980168
1.0 0.9934634
1.0 0.9855641
1.0 0.9887516
0.0 0.7711332
1.0 0.99333584
1.0 0.9066036
1.0 0.9383761
1.0 0.9855641
1.0 0.98110414
1.0 0.9941003
1.0 0.9816181
1.0 0.94829994
1.0 0.9846659
1.0 0.98006433
1.0 0.9818829
1.0 0.9829064
1.0 0.94829994
1.0 0.99314016
1.0 0.9333584
1.0 0.9887516
1.0 0.9873656
0.0 0.7924036
1.0 0.9937417
1.0 0.9942211
1.0 0.99130356
1.0 0.9933402
1.0 0.846233
1.0 0.99314016
1.0 0.85937756
1.0 0.9933402
1.0 0.99417084
1.0 0.97712225
1.0 0.9934634
1.0 0.9534583
1.0 0.9951197
1.0 0.98110414
1.0 0.99049115
1.0 0.91878587
1.0 0.9128603
1.0 0.99633384
1.0 0.97712225
0.0 0.7549899
1.0 0.94836974
1.0 0.97945374
1.0 0.98062724
1.0 0.99417084
1.0 0.9711609
1.0 0.9383761
1.0 0.96582294
1.0 0.9725142
1.0 0.96583754
1.0 0.97784346
1.0 0.9816181
1.0 0.97784346
1.0 0.99604946
1.0 0.9096368
1.0 0.9829064
1.0 0.9066036
0.0 0.24633175
0.0 0.3558087
1.0 0.99314016
0.0 0.30776998
1.0 0.98327094
0.0 0.7600346
1.0 0.9815808
1.0 0.9819095
1.0 0.86853355
1.0 0.9537479
1.0 0.98110414
1.0 0.98137146
1.0 0.9945322
1.0 0.97784346
1.0 0.9855641
1.0 0.84470546
1.0 0.94977313
1.0 0.94836974
1.0 0.8545587
1.0 0.95523626
1.0 0.94829994
1.0 0.9886129
1.0 0.96525115
1.0 0.9849953
1.0 0.98062724
1.0 0.9934634
1.0 0.9418238
0.0 0.7711332
1.0 0.98043525
1.0 0.98124886
1.0 0.9886129
1.0 0.8982996
1.0 0.9859637
1.0 0.9680017
1.0 0.9959526
1.0 0.9922907
1.0 0.99604946
1.0 0.9919441
1.0 0.9950283
1.0 0.94836974
1.0 0.99617875
1.0 0.93554187
1.0 0.99392277
1.0 0.99314016
1.0 0.9537479
1.0 0.98124886
1.0 0.9096368
1.0 0.96583754
1.0 0.9887516
1.0 0.9887516
1.0 0.96583754
1.0 0.98043525
1.0 0.98124886
1.0 0.9933402
1.0 0.9819095
1.0 0.98265094
1.0 0.9942919
1.0 0.9933402
1.0 0.9930627
1.0 0.9830914
0.0 0.30776998
0.0 0.32080108
1.0 0.9934634
1.0 0.9930627
1.0 0.98043525
1.0 0.98062724
1.0 0.9942994
1.0 0.9933402
1.0 0.9816181
1.0 0.94977313
1.0 0.9962908
0.0 0.7949089
1.0 0.9816181
1.0 0.99314016
1.0 0.972749
1.0 0.99130356
0.0 0.7924036
0.0 0.32080108
1.0 0.99604946
1.0 0.9898712
1.0 0.9919441
1.0 0.97628284
1.0 0.9711609
1.0 0.9928457
1.0 0.97712225
1.0 0.98110414
1.0 0.9887572
1.0 0.9845307
1.0 0.99049115
1.0 0.99333584
1.0 0.98322934
1.0 0.9096368
0.0 0.32080108
1.0 0.94829994
1.0 0.95926243
1.0 0.9688308
1.0 0.9383761
1.0 0.980168
1.0 0.9711609
1.0 0.8641967
0.0 0.3558087
1.0 0.9941003
1.0 0.9680017
1.0 0.91878587
0.0 0.72405183
0.0 0.3558087
1.0 0.95523626
1.0 0.9815808
0.0 0.3558087
1.0 0.92883277
1.0 0.9942919
1.0 0.9950283
1.0 0.9066036
1.0 0.95523626
1.0 0.86636895
1.0 0.99604946
1.0 0.9950283
1.0 0.9942211
0.0 0.33110568
1.0 0.9855641
1.0 0.93237495
1.0 0.97784346
0.0 0.73963547
1.0 0.9950283
1.0 0.9945322
1.0 0.9383761
1.0 0.9937417
1.0 0.96582294
1.0 0.980168
0.0 0.73963547
1.0 0.98265094
1.0 0.98327094
0.0 0.7949089
0.0 0.7549899
1.0 0.9873656
1.0 0.9537479
0.0 0.30776998
1.0 0.97784346
1.0 0.9680017
1.0 0.9819095
1.0 0.95926243
1.0 0.9128603
0.0 0.7600346
1.0 0.93237495
1.0 0.97628284
1.0 0.98124886
1.0 0.98124886
1.0 0.9859637
1.0 0.9094873
1.0 0.85937756
1.0 0.9096368
0.0 0.41745308
0.0 0.27319345
1.0 0.9096368
1.0 0.99392277
1.0 0.9849953
1.0 0.98322934
1.0 0.9934634
1.0 0.98043525
1.0 0.9094873
1.0 0.9932996
1.0 0.98062724
1.0 0.99429446
1.0 0.99130356
1.0 0.9516784
1.0 0.984674
1.0 0.9942855
1.0 0.9383761
0.0 0.73963547
1.0 0.99333584
1.0 0.972749
1.0 0.9917917
1.0 0.99604946
1.0 0.9929254
1.0 0.98137146
1.0 0.94977313
0.0 0.7711332
1.0 0.9934182
1.0 0.9942994
1.0 0.9165652
0.0 0.27319345
1.0 0.97741514
1.0 0.9942994
1.0 0.9859637
1.0 0.9855641
1.0 0.8545587
1.0 0.99633384
1.0 0.9818829
1.0 0.99532217
1.0 0.9537479
0.0 0.29988888
0.0 0.6863447
1.0 0.94836974
1.0 0.98265094
0.0 0.3558087
1.0 0.9816181
1.0 0.882258
1.0 0.93554187
0.0 0.31259182
1.0 0.99049115
1.0 0.91932017
1.0 0.9925519
1.0 0.9942994
0.0 0.77418065
1.0 0.9941003
1.0 0.98886955
1.0 0.846233
1.0 0.86636895
1.0 0.98137146
1.0 0.9951197
1.0 0.9815808
1.0 0.98448426
