true vs pred:
0.0 0.002304419
1.0 0.99849904
1.0 0.99852544
1.0 0.9971405
1.0 0.99798006
0.0 0.0021299184
1.0 0.99810284
0.0 0.0019871388
1.0 0.985352
0.0 0.0016755277
0.0 0.0027635493
1.0 0.99726033
0.0 0.35843325
1.0 0.9982268
0.0 0.001972407
0.0 0.002346568
0.0 0.0021169935
0.0 0.0050336104
0.0 0.0037080154
1.0 0.99829644
1.0 0.9978873
0.0 0.002384178
1.0 0.1681163
1.0 0.89127016
1.0 0.9962017
1.0 0.99777716
0.0 0.026516385
1.0 0.9970107
1.0 0.99716586
0.0 0.0036037022
0.0 0.001843205
0.0 0.0020695687
0.0 0.034379706
0.0 0.030882275
0.0 0.014492801
0.0 0.16443272
1.0 0.9973289
0.0 0.002444033
1.0 0.99241406
0.0 0.0022507408
0.0 0.001866583
1.0 0.9864926
0.0 0.00367398
1.0 0.99517137
1.0 0.9963988
0.0 0.9345081
0.0 0.96697927
0.0 0.00367398
1.0 0.9080439
0.0 0.0021496254
0.0 0.0019871388
1.0 0.4048932
1.0 0.9982316
1.0 0.977671
1.0 0.9984787
1.0 0.9886339
1.0 0.99689746
1.0 0.93662906
1.0 0.9966673
1.0 0.16427302
1.0 0.99780554
0.0 0.0028992498
1.0 0.3750386
1.0 0.99843234
1.0 0.9867247
0.0 0.0026207354
0.0 0.0020776074
0.0 0.0016511478
1.0 0.9949852
1.0 0.86721027
0.0 0.0020893477
1.0 0.99837506
0.0 0.12554029
1.0 0.9836134
0.0 0.007219088
1.0 0.99821836
1.0 0.99813336
0.0 0.0029742843
1.0 0.97701013
0.0 0.08369009
1.0 0.9817269
0.0 0.0018959481
1.0 0.9920581
0.0 0.0025448108
1.0 0.9985784
0.0 0.0032454084
0.0 0.92544925
1.0 0.9982552
1.0 0.99167913
1.0 0.99587315
0.0 0.014471008
1.0 0.9966086
1.0 0.9981006
1.0 0.4048932
0.0 0.0036037022
0.0 0.0034644916
1.0 0.99133694
1.0 0.98070705
0.0 0.0020776074
0.0 0.6117452
1.0 0.99796295
1.0 0.99660337
0.0 0.0030944338
0.0 0.31937346
0.0 0.0028257107
1.0 0.45536676
1.0 0.9832065
0.0 0.0024121546
0.0 0.0030580538
0.0 0.002057122
1.0 0.99673283
1.0 0.9939004
0.0 0.10640902
0.0 0.0021554918
1.0 0.8354359
0.0 0.0025247866
1.0 0.99825305
1.0 0.984934
1.0 0.983065
1.0 0.990743
0.0 0.00367398
1.0 0.9637121
0.0 0.055327512
1.0 0.9956482
0.0 0.963542
1.0 0.9968714
1.0 0.9959461
1.0 0.9978849
1.0 0.99059486
0.0 0.0016792646
1.0 0.424864
1.0 0.9982317
1.0 0.81555074
1.0 0.9866007
1.0 0.9959021
1.0 0.9970319
0.0 0.0019431851
0.0 0.0021701048
0.0 0.0036084808
1.0 0.99425757
0.0 0.0021578767
0.0 0.0021437092
1.0 0.9731876
0.0 0.00257878
0.0 0.0019291101
1.0 0.3800279
1.0 0.99776673
1.0 0.9950563
0.0 0.94396776
1.0 0.9985582
1.0 0.99854785
0.0 0.0026432287
0.0 0.0019767946
1.0 0.9832198
0.0 0.48177022
0.0 0.0019568158
1.0 0.68349826
1.0 0.20412818
1.0 0.99855727
1.0 0.9977652
0.0 0.0027036038
0.0 0.0021046835
0.0 0.0026962673
1.0 0.8948054
1.0 0.9790415
0.0 0.0019767946
1.0 0.9983765
0.0 0.0019027394
1.0 0.9931681
1.0 0.990193
1.0 0.99732023
0.0 0.0050824955
1.0 0.998173
1.0 0.19338611
0.0 0.002723477
1.0 0.9968912
1.0 0.98988813
1.0 0.98681575
1.0 0.99576855
1.0 0.998245
0.0 0.003648288
1.0 0.43906215
0.0 0.007713539
0.0 0.0026023549
1.0 0.99811554
0.0 0.0019291101
0.0 0.004946768
0.0 0.015884552
0.0 0.0022736262
1.0 0.997778
1.0 0.99609214
1.0 0.9977598
1.0 0.91996783
1.0 0.99650747
1.0 0.9966168
1.0 0.9940607
1.0 0.99840635
0.0 0.0020507309
1.0 0.9974782
1.0 0.99169934
1.0 0.9966994
0.0 0.002384178
0.0 0.0021608688
1.0 0.99489355
0.0 0.96697927
0.0 0.0038539334
1.0 0.98563796
1.0 0.97409445
1.0 0.42664018
1.0 0.90112364
1.0 0.9974262
0.0 0.0031637135
1.0 0.9980749
0.0 0.0025034703
0.0 0.08239892
1.0 0.99628335
1.0 0.96749115
1.0 0.99543214
1.0 0.98960704
0.0 0.0037080154
0.0 0.0096148765
0.0 0.10973212
1.0 0.9722996
1.0 0.97994184
1.0 0.9923914
0.0 0.0050824955
1.0 0.9981863
1.0 0.99759007
1.0 0.99586725
0.0 0.0016686425
