true vs pred:
1.0 0.9967139
1.0 0.9986425
1.0 0.98982644
1.0 0.99526477
1.0 0.9959896
1.0 0.9986443
1.0 0.99863285
1.0 0.9986308
1.0 0.99851364
1.0 0.9978131
0.0 0.039793395
1.0 0.9984983
0.0 0.0033906242
1.0 0.9924505
0.0 0.4797906
1.0 0.9985574
1.0 0.9982455
0.0 0.014791174
1.0 0.9962386
1.0 0.9984889
1.0 0.9799912
1.0 0.9979475
1.0 0.99772507
1.0 0.9986572
0.0 0.015489237
1.0 0.99117774
1.0 0.99558735
0.0 0.013809001
0.0 0.7648961
1.0 0.99848926
0.0 0.17068379
1.0 0.93726647
1.0 0.9984877
1.0 0.9987299
1.0 0.5906332
1.0 0.99848455
1.0 0.9982455
1.0 0.9984623
1.0 0.69011843
1.0 0.9952739
1.0 0.99870956
1.0 0.99862933
1.0 0.99853814
1.0 0.9870129
1.0 0.99863416
1.0 0.99754566
0.0 0.041628875
1.0 0.99534106
0.0 0.013931007
1.0 0.99871266
1.0 0.9986216
1.0 0.9986106
1.0 0.9986519
1.0 0.9898246
1.0 0.9961785
1.0 0.99320304
1.0 0.9942167
0.0 0.112251684
0.0 0.13454826
1.0 0.99796116
1.0 0.99664307
1.0 0.9984976
1.0 0.9986461
0.0 0.7559935
1.0 0.98010784
0.0 0.09493902
0.0 0.80075663
1.0 0.9908954
1.0 0.9925371
1.0 0.99742776
1.0 0.9982651
1.0 0.99359137
1.0 0.9986614
1.0 0.98280096
1.0 0.99081403
1.0 0.99752396
0.0 0.03603624
1.0 0.9808842
0.0 0.007574266
1.0 0.9985072
1.0 0.9978976
1.0 0.9983267
1.0 0.7729531
1.0 0.99504507
1.0 0.9592931
1.0 0.99856335
0.0 0.31103757
1.0 0.9231948
1.0 0.998309
1.0 0.93772024
1.0 0.7424895
1.0 0.99834406
0.0 0.07072435
1.0 0.9984164
1.0 0.9949427
1.0 0.975377
1.0 0.9976616
0.0 0.8380638
0.0 0.37616217
1.0 0.9948809
1.0 0.9974395
1.0 0.9985442
1.0 0.99299484
1.0 0.9968184
1.0 0.9975483
1.0 0.9605192
1.0 0.99591786
1.0 0.99609923
1.0 0.99795496
1.0 0.99870026
1.0 0.9986528
1.0 0.99658906
1.0 0.99130416
0.0 0.06055529
1.0 0.9986442
1.0 0.99865425
1.0 0.9462416
1.0 0.894361
1.0 0.08433198
1.0 0.99868244
1.0 0.9977906
0.0 0.14256
1.0 0.99856144
1.0 0.9969897
1.0 0.9954723
1.0 0.9984902
1.0 0.998574
1.0 0.99863094
1.0 0.99854004
1.0 0.99848676
1.0 0.99634945
1.0 0.9958919
1.0 0.9779759
0.0 0.009160932
1.0 0.9986916
1.0 0.97740537
1.0 0.9982192
1.0 0.99851364
1.0 0.9954438
1.0 0.99849284
1.0 0.98913187
1.0 0.9968991
0.0 0.06818859
1.0 0.99860746
1.0 0.9192206
0.0 0.026262458
1.0 0.99023753
1.0 0.9986865
1.0 0.99861
0.0 0.0031731534
1.0 0.99864095
1.0 0.9987081
1.0 0.9971335
1.0 0.99841714
1.0 0.9974726
0.0 0.0055262395
1.0 0.9876966
1.0 0.99739957
1.0 0.98561436
1.0 0.9973815
1.0 0.9985656
1.0 0.99870944
1.0 0.9919338
1.0 0.9109395
1.0 0.9956735
1.0 0.9964066
1.0 0.9986951
1.0 0.99864095
1.0 0.9985366
1.0 0.9987081
0.0 0.0055558705
1.0 0.99847263
0.0 0.0783308
1.0 0.99742776
1.0 0.9985511
1.0 0.9987093
1.0 0.99601966
1.0 0.19357285
1.0 0.9985814
1.0 0.99638927
1.0 0.117477186
1.0 0.9900287
1.0 0.9970681
1.0 0.24321695
1.0 0.9982686
1.0 0.9923071
1.0 0.99863416
1.0 0.9984687
1.0 0.9960687
1.0 0.9979983
0.0 0.27275354
0.0 0.06055529
1.0 0.9986576
1.0 0.9966292
1.0 0.9898246
1.0 0.6092793
1.0 0.9896941
1.0 0.99869233
0.0 0.052976236
1.0 0.99497616
1.0 0.9985607
0.0 0.19036558
1.0 0.994572
1.0 0.99666
1.0 0.99850154
1.0 0.9985207
1.0 0.3768576
1.0 0.99728906
1.0 0.99864
1.0 0.67748284
1.0 0.7851012
1.0 0.997601
1.0 0.9985145
1.0 0.99865973
1.0 0.9986304
1.0 0.97651905
1.0 0.99145496
1.0 0.99641585
1.0 0.9983321
0.0 0.0055558705
1.0 0.9984882
1.0 0.99761224
0.0 0.0036953206
1.0 0.9985574
1.0 0.99864954
1.0 0.99869835
1.0 0.62560457
1.0 0.9985145
1.0 0.9950435
1.0 0.998538
