true vs pred:
1.0 0.99320674
0.0 0.0058234595
0.0 0.004397173
1.0 0.7168779
0.0 0.16972548
1.0 0.688334
1.0 0.466774
1.0 0.90911365
0.0 0.0062621264
0.0 0.0062843966
0.0 0.024114253
1.0 0.9025757
0.0 0.2076158
1.0 0.948301
1.0 0.9249974
1.0 0.8190974
0.0 0.013667046
1.0 0.96280867
1.0 0.9940095
0.0 0.0062914584
1.0 0.4044482
1.0 0.95595986
1.0 0.6167592
1.0 0.46088633
1.0 0.992295
1.0 0.98590106
0.0 0.0057976926
1.0 0.99689865
1.0 0.9969592
0.0 0.0068375356
1.0 0.99666435
1.0 0.9966953
1.0 0.99720263
1.0 0.9757363
0.0 0.25638682
1.0 0.9781423
1.0 0.99620557
1.0 0.86625695
1.0 0.9972193
0.0 0.28401688
1.0 0.9950477
1.0 0.9973974
1.0 0.99135613
1.0 0.96121657
1.0 0.8936385
0.0 0.00615196
0.0 0.4501312
1.0 0.97247374
1.0 0.92640567
1.0 0.9934122
1.0 0.99620557
1.0 0.9961903
1.0 0.98706007
0.0 0.021017691
0.0 0.22236294
1.0 0.98324597
1.0 0.9693047
0.0 0.026770936
1.0 0.9953205
1.0 0.99243104
1.0 0.9005126
1.0 0.9976266
1.0 0.986073
1.0 0.95863855
1.0 0.9728281
1.0 0.99676514
0.0 0.44693568
0.0 0.0068375356
0.0 0.16446967
1.0 0.99712855
0.0 0.56889963
0.0 0.1040611
1.0 0.9964958
1.0 0.99472934
1.0 0.9103985
1.0 0.9893199
1.0 0.99483067
0.0 0.09533884
1.0 0.91445494
1.0 0.99705565
1.0 0.9850093
1.0 0.9971073
1.0 0.99665123
1.0 0.99692035
0.0 0.0063088946
1.0 0.99647224
0.0 0.0055727176
1.0 0.9964612
0.0 0.025450626
1.0 0.9951402
1.0 0.99523276
1.0 0.986193
1.0 0.9898683
1.0 0.9886303
0.0 0.00663755
1.0 0.97675383
0.0 0.8443457
1.0 0.9952981
1.0 0.9952767
1.0 0.73469436
0.0 0.019849718
1.0 0.9964759
1.0 0.90650696
1.0 0.994578
0.0 0.0143769495
1.0 0.99591714
1.0 0.9620955
0.0 0.10260636
0.0 0.04557051
1.0 0.98881626
1.0 0.5607364
1.0 0.94177413
1.0 0.99692637
0.0 0.0058452953
1.0 0.8399726
0.0 0.024114253
0.0 0.028735211
0.0 0.00449995
0.0 0.04287311
0.0 0.05985654
1.0 0.51606023
0.0 0.027420875
0.0 0.017250989
0.0 0.03358623
0.0 0.09471582
1.0 0.99104464
0.0 0.04557051
1.0 0.9896164
0.0 0.8443457
1.0 0.1094984
0.0 0.005717709
1.0 0.99706024
0.0 0.0892317
1.0 0.9972138
1.0 0.9866866
0.0 0.0046386835
0.0 0.07191104
0.0 0.16175337
0.0 0.13172829
1.0 0.9967367
1.0 0.980699
0.0 0.84282273
1.0 0.99324644
0.0 0.00635271
1.0 0.98810834
1.0 0.99705553
1.0 0.9970193
1.0 0.98413
0.0 0.52901715
0.0 0.008702108
1.0 0.96169317
0.0 0.023207549
1.0 0.99663395
1.0 0.99528474
0.0 0.015062757
1.0 0.7658896
1.0 0.9958236
1.0 0.99692035
1.0 0.9964306
1.0 0.99621177
0.0 0.0068662455
0.0 0.005905395
0.0 0.005716148
0.0 0.20535912
1.0 0.9565473
0.0 0.02501936
1.0 0.9828535
0.0 0.13609423
1.0 0.99093246
0.0 0.017831586
1.0 0.9961092
0.0 0.008952069
1.0 0.9952911
1.0 0.9964585
1.0 0.9445485
1.0 0.99725324
1.0 0.98994195
1.0 0.99684566
1.0 0.99665254
1.0 0.9973494
1.0 0.99689925
0.0 0.0055847224
1.0 0.9660103
1.0 0.9969427
0.0 0.019917624
1.0 0.98860514
1.0 0.99692035
1.0 0.99497885
0.0 0.023951754
0.0 0.052442014
1.0 0.9971136
1.0 0.99174327
0.0 0.178127
1.0 0.9967367
1.0 0.9863347
0.0 0.08824495
0.0 0.0055847224
0.0 0.15686427
1.0 0.97039145
1.0 0.99588203
1.0 0.9323489
1.0 0.96223116
0.0 0.10252166
1.0 0.9943936
1.0 0.9528663
1.0 0.98690635
1.0 0.99359655
1.0 0.9775364
0.0 0.07537811
1.0 0.99643517
1.0 0.25057232
1.0 0.99639696
1.0 0.99631137
1.0 0.9945591
1.0 0.6511732
0.0 0.0048140613
1.0 0.99704367
1.0 0.97407746
1.0 0.99674904
1.0 0.46214268
1.0 0.99684566
0.0 0.08405727
1.0 0.9957568
0.0 0.093204446
1.0 0.9965461
1.0 0.8165791
1.0 0.9949935
1.0 0.996516
1.0 0.99135613
1.0 0.7712298
