true vs pred:
1.0 0.9771335
1.0 0.9880895
1.0 0.99736124
1.0 0.99865973
1.0 0.9990683
1.0 0.9990683
1.0 0.9993231
1.0 0.9887172
1.0 0.97271866
0.0 0.55919266
1.0 0.9959305
1.0 0.99054295
1.0 0.99615663
1.0 0.99328375
1.0 0.99371666
1.0 0.97271866
1.0 0.99850595
1.0 0.9993875
1.0 0.98801607
1.0 0.99736124
1.0 0.99855095
1.0 0.9980153
1.0 0.99912447
1.0 0.9887172
1.0 0.9959305
1.0 0.99912447
1.0 0.98773974
1.0 0.9960388
1.0 0.99919206
1.0 0.9983846
1.0 0.99736124
0.0 0.55619854
1.0 0.9982938
1.0 0.9987987
1.0 0.99895644
1.0 0.9941361
1.0 0.99867404
1.0 0.99794286
1.0 0.9942526
1.0 0.9969983
1.0 0.99799526
1.0 0.9989587
1.0 0.99850595
1.0 0.9982816
1.0 0.99389064
1.0 0.99779284
1.0 0.9771335
1.0 0.9986939
1.0 0.99921477
1.0 0.9993875
1.0 0.9986939
1.0 0.99870634
1.0 0.994696
1.0 0.9937581
1.0 0.9993875
1.0 0.9969983
1.0 0.9883471
1.0 0.9887172
1.0 0.99851424
1.0 0.9740292
1.0 0.9991749
1.0 0.99806744
1.0 0.9978701
1.0 0.994696
1.0 0.9983328
1.0 0.98801607
1.0 0.9989127
1.0 0.99898666
1.0 0.9993625
1.0 0.9982816
1.0 0.9993875
1.0 0.99904567
1.0 0.9983328
1.0 0.9989945
1.0 0.9986999
1.0 0.9990238
1.0 0.99870634
1.0 0.9989889
1.0 0.9983328
1.0 0.9962824
1.0 0.99668664
1.0 0.9972389
1.0 0.997209
0.0 0.5478632
1.0 0.9989417
1.0 0.998216
1.0 0.99927074
1.0 0.9764267
1.0 0.9987527
1.0 0.9982938
1.0 0.99328375
1.0 0.99353105
1.0 0.9990312
1.0 0.99806744
1.0 0.99806744
1.0 0.97024745
1.0 0.993515
1.0 0.99895644
1.0 0.99794286
0.0 0.5478632
1.0 0.9993231
1.0 0.99779284
1.0 0.9880895
1.0 0.99897337
1.0 0.9883471
1.0 0.99621636
1.0 0.9989945
1.0 0.99799526
1.0 0.9980426
1.0 0.9943427
1.0 0.9985875
1.0 0.99328375
1.0 0.99441236
1.0 0.99894613
1.0 0.98773974
1.0 0.99936205
1.0 0.99845433
1.0 0.9942526
1.0 0.9990238
1.0 0.9987527
1.0 0.97271866
1.0 0.9979473
1.0 0.9939996
1.0 0.993547
1.0 0.99817586
1.0 0.97024745
1.0 0.99930644
1.0 0.99867404
1.0 0.97024745
1.0 0.99794286
1.0 0.9941361
1.0 0.99912447
1.0 0.993547
1.0 0.9981846
1.0 0.97024745
1.0 0.9990953
1.0 0.997209
1.0 0.99850595
1.0 0.9978638
1.0 0.9972389
1.0 0.9990238
1.0 0.9752804
1.0 0.99464154
0.0 0.55833924
1.0 0.99701405
1.0 0.9764267
1.0 0.99867404
1.0 0.9943427
1.0 0.9993875
1.0 0.9880895
1.0 0.99727577
1.0 0.9978701
1.0 0.9978638
1.0 0.9880895
0.0 0.59801596
1.0 0.9954092
1.0 0.98857063
1.0 0.9984546
1.0 0.98773974
1.0 0.999188
0.0 0.55619854
1.0 0.9989889
1.0 0.99799526
1.0 0.9978638
1.0 0.993547
1.0 0.9987987
1.0 0.97271866
1.0 0.99845433
1.0 0.9990312
1.0 0.9990483
1.0 0.9939996
1.0 0.99464154
1.0 0.99389064
1.0 0.9990483
1.0 0.9960388
1.0 0.9985875
1.0 0.9942526
1.0 0.9940148
1.0 0.9989945
0.0 0.59801596
1.0 0.9986519
1.0 0.9944411
1.0 0.99870944
1.0 0.9887172
1.0 0.9990683
1.0 0.9990312
1.0 0.9942526
1.0 0.9736877
1.0 0.99915075
1.0 0.9983846
1.0 0.9989587
1.0 0.9941361
1.0 0.9987527
1.0 0.99054295
0.0 0.5478632
1.0 0.997209
1.0 0.9982816
1.0 0.99621636
0.0 0.5478632
0.0 0.52872694
1.0 0.99894017
1.0 0.9990483
1.0 0.9752804
1.0 0.99389064
0.0 0.55619854
1.0 0.99712247
1.0 0.99894875
1.0 0.99616975
1.0 0.99615663
1.0 0.99870634
1.0 0.9740292
1.0 0.9984255
1.0 0.99850035
1.0 0.99353105
1.0 0.99916947
1.0 0.9940148
0.0 0.5112672
1.0 0.9883471
1.0 0.9993625
0.0 0.5134125
1.0 0.99850035
1.0 0.9990483
1.0 0.9984546
1.0 0.9991749
1.0 0.9880895
1.0 0.9981846
1.0 0.99389064
1.0 0.99668664
1.0 0.9887172
0.0 0.5424191
1.0 0.98801607
1.0 0.99894613
1.0 0.99916947
1.0 0.99897337
1.0 0.99794286
1.0 0.9989889
1.0 0.997405
1.0 0.9989268
1.0 0.9959305
0.0 0.5112672
1.0 0.99930644
1.0 0.99712247
1.0 0.9942526
1.0 0.99930644
1.0 0.9990483
1.0 0.99415356
1.0 0.9990483
1.0 0.9942526
1.0 0.9983846
1.0 0.99821645
1.0 0.9990683
1.0 0.99865973
1.0 0.9936144
1.0 0.9987987
1.0 0.97024745
1.0 0.99353105
1.0 0.99821645
1.0 0.9897204
1.0 0.99904567
1.0 0.9960388
1.0 0.99894875
1.0 0.9982017
1.0 0.99845433
0.0 0.5424191
1.0 0.99851424
1.0 0.99701405
1.0 0.9764267
1.0 0.9980153
1.0 0.99894017
1.0 0.9993875
1.0 0.9940148
1.0 0.9986939
1.0 0.99712247
0.0 0.52872694
1.0 0.99870634
1.0 0.99894613
1.0 0.9887172
1.0 0.9939996
1.0 0.9960388
1.0 0.9978701
1.0 0.9752804
1.0 0.99867404
1.0 0.99865973
1.0 0.9986939
1.0 0.99615663
1.0 0.9984295
1.0 0.99919206
1.0 0.97024745
1.0 0.9740292
1.0 0.99922717
1.0 0.9887172
1.0 0.99621636
1.0 0.99912447
1.0 0.99712247
1.0 0.997209
1.0 0.99870634
1.0 0.9989587
1.0 0.9943427
1.0 0.97271866
1.0 0.9989587
1.0 0.99415356
1.0 0.9942526
1.0 0.99615884
1.0 0.99441236
1.0 0.9897204
1.0 0.9989889
0.0 0.5478632
1.0 0.99668664
1.0 0.9986999
1.0 0.9990312
1.0 0.9989889
1.0 0.99389064
1.0 0.9989945
1.0 0.99930644
1.0 0.9983846
1.0 0.9985875
1.0 0.9939996
1.0 0.9986999
1.0 0.99441236
1.0 0.9991722
1.0 0.995805
1.0 0.9989127
1.0 0.9937581
1.0 0.9954092
0.0 0.5478632
1.0 0.99893683
1.0 0.9989268
1.0 0.99415356
1.0 0.99779284
1.0 0.9993875
1.0 0.9978638
1.0 0.9993625
1.0 0.99870634
1.0 0.9764267
1.0 0.9771335
0.0 0.5478632
1.0 0.9972389
1.0 0.9986519
1.0 0.9969983
1.0 0.9981846
1.0 0.9991722
1.0 0.9986999
1.0 0.99895644
1.0 0.99415356
1.0 0.9969983
1.0 0.9989268
1.0 0.99806744
1.0 0.9941361
0.0 0.5134125
1.0 0.99615663
1.0 0.9751075
1.0 0.9984295
1.0 0.97223073
1.0 0.9982829
1.0 0.99870944
1.0 0.995805
1.0 0.99441236
1.0 0.9944411
1.0 0.9986519
1.0 0.99927074
1.0 0.99799526
1.0 0.99845433
1.0 0.99912447
1.0 0.9990483
1.0 0.9993875
1.0 0.99921477
1.0 0.99922717
1.0 0.99733657
1.0 0.99912447
1.0 0.9989417
1.0 0.99894017
1.0 0.9771335
1.0 0.9983846
1.0 0.99736124
1.0 0.99727577
1.0 0.99865973
1.0 0.9986519
1.0 0.9989268
1.0 0.99898666
1.0 0.9887172
1.0 0.9764267
1.0 0.99893683
1.0 0.9986519
1.0 0.99701405
1.0 0.9959305
1.0 0.9939996
1.0 0.99799526
1.0 0.99915075
1.0 0.9944411
1.0 0.9736877
1.0 0.99821645
1.0 0.997209
1.0 0.9989127
1.0 0.9993327
1.0 0.98801607
1.0 0.9985875
1.0 0.9990483
1.0 0.9740292
1.0 0.9960388
1.0 0.9989268
1.0 0.9771335
0.0 0.5424191
1.0 0.99845433
1.0 0.9939996
1.0 0.9935415
1.0 0.9987987
1.0 0.9989945
1.0 0.993515
1.0 0.9984295
1.0 0.9991722
1.0 0.99779284
1.0 0.9982829
1.0 0.9981846
1.0 0.9989587
1.0 0.99712247
1.0 0.993547
1.0 0.9989945
1.0 0.97271866
1.0 0.9739705
1.0 0.9982017
1.0 0.9987987
1.0 0.9980153
1.0 0.9752804
1.0 0.99464154
1.0 0.9980153
1.0 0.99850035
1.0 0.9993231
1.0 0.9984546
1.0 0.9764267
1.0 0.9986999
1.0 0.99736124
1.0 0.9986519
1.0 0.99371666
1.0 0.9939996
1.0 0.9981846
1.0 0.99851424
0.0 0.55919266
1.0 0.97024745
1.0 0.997209
1.0 0.99936205
1.0 0.99615884
1.0 0.99806744
1.0 0.9989127
1.0 0.9986999
1.0 0.99794286
1.0 0.9989945
1.0 0.9982816
1.0 0.9944411
1.0 0.9989889
1.0 0.99912447
1.0 0.9982829
1.0 0.99621636
1.0 0.99894017
0.0 0.55619854
1.0 0.99936205
1.0 0.98857063
1.0 0.99701405
1.0 0.9959305
1.0 0.99855095
1.0 0.9897204
1.0 0.9739705
1.0 0.99615663
1.0 0.99621636
1.0 0.99852717
1.0 0.9939996
1.0 0.9954092
1.0 0.9739705
1.0 0.9740292
1.0 0.98782766
1.0 0.9990238
1.0 0.9986999
1.0 0.9887172
1.0 0.9981846
1.0 0.9960918
1.0 0.99054295
1.0 0.997405
1.0 0.9989127
1.0 0.9739705
1.0 0.99930644
1.0 0.99621636
1.0 0.9736877
1.0 0.994696
1.0 0.99927074
1.0 0.9990953
1.0 0.98782766
1.0 0.99895644
1.0 0.99712247
1.0 0.99852717
1.0 0.9984546
1.0 0.99915075
1.0 0.99353105
1.0 0.99904567
1.0 0.99806744
0.0 0.52872694
1.0 0.9978701
1.0 0.99921477
1.0 0.9982017
1.0 0.99621636
1.0 0.99371666
1.0 0.99852717
1.0 0.9897204
0.0 0.5478632
1.0 0.9991722
1.0 0.9990953
0.0 0.59988225
1.0 0.9987987
1.0 0.99851424
1.0 0.9990483
1.0 0.99736124
0.0 0.59801596
1.0 0.99895644
1.0 0.99870634
1.0 0.99712247
0.0 0.55919266
1.0 0.9986939
1.0 0.99821645
1.0 0.9993231
1.0 0.9972389
1.0 0.99921477
1.0 0.99894017
