true vs pred:
0.0 0.8102713
1.0 0.91781723
1.0 0.9973475
0.0 0.19647662
0.0 0.0628158
0.0 0.9071426
1.0 0.99385613
1.0 0.9973475
1.0 0.9969856
0.0 0.9030225
0.0 0.75793433
1.0 0.9942479
0.0 0.053737734
1.0 0.9724372
0.0 0.111692294
1.0 0.9938991
0.0 0.74315053
1.0 0.99681515
1.0 0.9724167
0.0 0.89470476
0.0 0.5723133
0.0 0.7308362
1.0 0.9820676
0.0 0.1711012
0.0 0.75793433
1.0 0.9942479
1.0 0.9269688
1.0 0.99362975
0.0 0.89470476
0.0 0.10437862
1.0 0.9174184
1.0 0.9231886
0.0 0.17002052
1.0 0.9974825
1.0 0.98650616
0.0 0.061973434
1.0 0.99393976
1.0 0.9240491
0.0 0.48320606
0.0 0.5723133
1.0 0.9969632
1.0 0.9969632
1.0 0.9931558
1.0 0.9866094
1.0 0.99240994
0.0 0.052495815
1.0 0.98650616
1.0 0.99344206
0.0 0.1711012
0.0 0.09191079
1.0 0.99355596
0.0 0.17711659
0.0 0.8102713
1.0 0.99393976
1.0 0.9231886
1.0 0.9968747
0.0 0.9210093
1.0 0.9870619
0.0 0.75793433
0.0 0.52558386
0.0 0.09191079
0.0 0.6244625
1.0 0.9724167
1.0 0.9935134
1.0 0.99761164
0.0 0.806956
0.0 0.7364336
0.0 0.89470476
1.0 0.9970182
1.0 0.9970853
0.0 0.75793433
1.0 0.9974825
1.0 0.9244001
1.0 0.99696356
0.0 0.18607718
0.0 0.05517389
1.0 0.99728596
1.0 0.9749606
0.0 0.8699109
1.0 0.99344206
0.0 0.75793433
0.0 0.5459988
0.0 0.79306674
1.0 0.9966434
1.0 0.9768246
1.0 0.99741036
1.0 0.9974825
1.0 0.99741036
1.0 0.9836016
0.0 0.09191079
0.0 0.15614519
1.0 0.9974842
1.0 0.98675007
1.0 0.99701536
1.0 0.99735
0.0 0.22525805
1.0 0.99251586
1.0 0.9974842
1.0 0.9938991
1.0 0.9936295
0.0 0.12996474
0.0 0.7308362
0.0 0.52558386
0.0 0.1711012
1.0 0.99344206
1.0 0.994972
1.0 0.9933862
1.0 0.9938991
1.0 0.92187095
1.0 0.9916114
0.0 0.5723133
0.0 0.08810983
0.0 0.1711012
0.0 0.5459988
0.0 0.77754223
0.0 0.061973434
0.0 0.7364336
1.0 0.99728596
0.0 0.9033248
1.0 0.9846037
0.0 0.15108712
0.0 0.6244625
1.0 0.9942479
1.0 0.99716634
0.0 0.15614519
0.0 0.5206311
0.0 0.806956
0.0 0.9030225
1.0 0.97606933
0.0 0.7308362
1.0 0.9820676
0.0 0.90918076
1.0 0.9269688
0.0 0.5335927
0.0 0.061973434
0.0 0.5335927
1.0 0.9933862
1.0 0.99696356
0.0 0.04826411
0.0 0.74315053
0.0 0.77754223
1.0 0.9974825
1.0 0.9966434
0.0 0.19647662
1.0 0.99716634
1.0 0.99716634
1.0 0.99725264
1.0 0.9936295
1.0 0.9747999
1.0 0.99761164
1.0 0.9963362
0.0 0.1848483
0.0 0.053737734
1.0 0.99741036
0.0 0.23116186
1.0 0.99344206
0.0 0.8016822
0.0 0.7308362
1.0 0.9970182
1.0 0.98650616
0.0 0.1711012
0.0 0.55465966
1.0 0.9311422
0.0 0.19817233
1.0 0.9174184
1.0 0.91781723
1.0 0.9973475
1.0 0.9931819
0.0 0.10437862
0.0 0.09557244
0.0 0.17922367
1.0 0.99251586
0.0 0.053737734
1.0 0.9724372
1.0 0.98650616
0.0 0.10437862
1.0 0.99741036
0.0 0.19817233
0.0 0.23116186
1.0 0.9231886
1.0 0.9311422
0.0 0.15108712
0.0 0.15614519
0.0 0.21228397
1.0 0.9916114
1.0 0.9974953
1.0 0.99280643
1.0 0.9846037
1.0 0.9974842
0.0 0.8895074
1.0 0.9836016
1.0 0.9973475
1.0 0.9935134
0.0 0.23116186
0.0 0.102947995
1.0 0.99385613
1.0 0.9806074
1.0 0.99362975
1.0 0.98444885
1.0 0.9866094
1.0 0.9868023
1.0 0.98402786
1.0 0.98402786
1.0 0.9806074
0.0 0.5300018
1.0 0.9976705
1.0 0.9935134
0.0 0.17002052
1.0 0.99240994
1.0 0.9240491
1.0 0.99393976
0.0 0.5459988
0.0 0.21228397
0.0 0.111692294
1.0 0.92187095
1.0 0.9112447
0.0 0.9060426
1.0 0.9936295
1.0 0.98675007
0.0 0.55465966
1.0 0.9938991
1.0 0.9963362
0.0 0.18780354
1.0 0.9968747
0.0 0.21228397
1.0 0.9240491
1.0 0.9971053
1.0 0.9846037
1.0 0.99355596
0.0 0.09191079
1.0 0.9112447
0.0 0.18607718
1.0 0.92187095
1.0 0.99696356
1.0 0.9976743
1.0 0.99355596
1.0 0.9820676
0.0 0.2036225
0.0 0.7589416
0.0 0.10568762
1.0 0.9174184
1.0 0.9970853
1.0 0.98675007
1.0 0.99344206
0.0 0.063245095
1.0 0.9969856
0.0 0.18607718
0.0 0.55465966
1.0 0.98675007
1.0 0.92187095
1.0 0.9972051
1.0 0.9836016
0.0 0.6244625
1.0 0.9820676
1.0 0.9747999
1.0 0.9231886
1.0 0.9240491
0.0 0.6244625
1.0 0.99362975
0.0 0.22525805
1.0 0.99344206
1.0 0.99280643
0.0 0.0628158
1.0 0.99728596
1.0 0.99735
1.0 0.99240994
1.0 0.99696356
0.0 0.09191079
1.0 0.99362975
0.0 0.102947995
1.0 0.99696356
1.0 0.9972777
1.0 0.9724167
1.0 0.9970853
0.0 0.7589416
1.0 0.9976743
1.0 0.92187095
1.0 0.99402535
0.0 0.19817233
0.0 0.18780354
1.0 0.9976705
1.0 0.9724167
0.0 0.052495815
0.0 0.7308362
1.0 0.9187721
1.0 0.9768246
1.0 0.9972777
0.0 0.9030225
0.0 0.55465966
0.0 0.8102713
0.0 0.9033248
0.0 0.806956
1.0 0.9112447
1.0 0.9836016
1.0 0.9112447
1.0 0.9974953
0.0 0.1848483
1.0 0.9240491
0.0 0.18607718
0.0 0.12996474
0.0 0.19647662
1.0 0.99362975
0.0 0.15614519
1.0 0.98502225
0.0 0.05517389
1.0 0.9244001
1.0 0.9269688
0.0 0.111692294
0.0 0.75793433
1.0 0.92187095
1.0 0.9773267
1.0 0.99681515
1.0 0.9112447
1.0 0.98675007
0.0 0.08810983
0.0 0.6020665
0.0 0.7308362
0.0 0.09557244
0.0 0.74315053
0.0 0.6244625
1.0 0.9931819
0.0 0.8016822
1.0 0.9866094
1.0 0.9768246
1.0 0.9970853
0.0 0.5723133
0.0 0.063245095
1.0 0.97606933
1.0 0.9771911
1.0 0.9931819
0.0 0.17922367
1.0 0.9916114
0.0 0.8895074
1.0 0.9974825
1.0 0.9933862
1.0 0.9974953
1.0 0.9963362
1.0 0.9970182
0.0 0.7308362
1.0 0.9974842
0.0 0.5335927
1.0 0.99725264
1.0 0.99362975
0.0 0.75793433
1.0 0.9771911
0.0 0.1848483
0.0 0.806956
1.0 0.99344206
1.0 0.99344206
0.0 0.806956
1.0 0.97606933
1.0 0.9771911
1.0 0.99696356
1.0 0.9269688
1.0 0.98402786
1.0 0.994972
1.0 0.99696356
1.0 0.9968747
1.0 0.9846037
0.0 0.15614519
0.0 0.16723366
1.0 0.9970853
1.0 0.9968747
1.0 0.97606933
1.0 0.9768246
1.0 0.9973475
1.0 0.99696356
1.0 0.9836016
0.0 0.6020665
1.0 0.99761164
0.0 0.061973434
1.0 0.9836016
1.0 0.99362975
0.0 0.9060426
1.0 0.99240994
0.0 0.0628158
0.0 0.16723366
1.0 0.9974953
1.0 0.9938991
1.0 0.9963362
0.0 0.90918076
0.0 0.9030225
1.0 0.9935134
1.0 0.9724167
1.0 0.92187095
1.0 0.99355596
1.0 0.9870619
1.0 0.99402535
1.0 0.9969856
1.0 0.9311422
0.0 0.1848483
0.0 0.16723366
0.0 0.6244625
0.0 0.77754223
0.0 0.89470476
0.0 0.55465966
1.0 0.9174184
0.0 0.9030225
0.0 0.10437862
0.0 0.19647662
1.0 0.9972051
0.0 0.8895074
0.0 0.19817233
0.0 0.04991547
0.0 0.19647662
0.0 0.74315053
1.0 0.9244001
0.0 0.19647662
0.0 0.5206311
1.0 0.994972
1.0 0.9970182
0.0 0.18607718
0.0 0.74315053
0.0 0.11127287
1.0 0.9974953
1.0 0.9970182
1.0 0.99735
0.0 0.17711659
1.0 0.98675007
0.0 0.23116186
1.0 0.9112447
0.0 0.053737734
1.0 0.9970182
1.0 0.99681515
0.0 0.55465966
1.0 0.99728596
0.0 0.8102713
1.0 0.9174184
0.0 0.053737734
1.0 0.98402786
1.0 0.98502225
0.0 0.061973434
0.0 0.052495815
1.0 0.99280643
0.0 0.75793433
0.0 0.15614519
1.0 0.9112447
0.0 0.8895074
1.0 0.9269688
0.0 0.77754223
0.0 0.18780354
0.0 0.05517389
0.0 0.23116186
0.0 0.90918076
1.0 0.9771911
1.0 0.9771911
1.0 0.9916114
0.0 0.1711012
0.0 0.102947995
0.0 0.1848483
0.0 0.21228397
0.0 0.14739479
0.0 0.1848483
1.0 0.99725264
1.0 0.9866094
1.0 0.9311422
1.0 0.9970853
1.0 0.97606933
0.0 0.1711012
1.0 0.99385613
1.0 0.9768246
1.0 0.99741036
1.0 0.99240994
0.0 0.7364336
1.0 0.9868023
1.0 0.997398
0.0 0.55465966
0.0 0.053737734
1.0 0.9969856
0.0 0.9060426
1.0 0.99251586
1.0 0.9974953
1.0 0.9934401
1.0 0.9773267
0.0 0.6020665
0.0 0.063245095
1.0 0.99701536
1.0 0.9973475
0.0 0.2036225
0.0 0.14739479
0.0 0.9210093
1.0 0.9973475
1.0 0.9916114
1.0 0.98675007
0.0 0.09557244
1.0 0.9976705
1.0 0.9231886
1.0 0.9971053
0.0 0.75793433
0.0 0.15108712
0.0 0.044371706
0.0 0.7308362
1.0 0.98402786
0.0 0.19647662
1.0 0.9836016
0.0 0.11389767
0.0 0.5335927
0.0 0.16205603
1.0 0.99402535
0.0 0.48320606
1.0 0.9966434
1.0 0.9973475
0.0 0.05804073
1.0 0.9972051
1.0 0.9936295
0.0 0.09191079
0.0 0.11127287
1.0 0.9773267
1.0 0.9976743
1.0 0.9244001
1.0 0.9806074
1.0 0.9970182
1.0 0.98650616
1.0 0.98650616
1.0 0.98675007
1.0 0.99355596
1.0 0.9771911
1.0 0.9969632
1.0 0.9942479
1.0 0.994972
