true vs pred:
1.0 0.77286935
1.0 0.9692518
1.0 0.8633961
0.0 0.5794683
1.0 0.9797341
0.0 0.578557
1.0 0.97842216
1.0 0.97765154
1.0 0.9615216
1.0 0.96820563
1.0 0.9626894
1.0 0.5963832
1.0 0.6257789
1.0 0.64492255
0.0 0.7706465
1.0 0.5995671
1.0 0.9575195
1.0 0.78162867
1.0 0.9857643
1.0 0.95234674
0.0 0.84768754
1.0 0.6700015
0.0 0.5656822
0.0 0.7674006
1.0 0.71448827
1.0 0.6910462
1.0 0.94026595
1.0 0.89708936
1.0 0.8395125
1.0 0.9738772
1.0 0.82325584
1.0 0.7880931
1.0 0.8663855
0.0 0.6083545
1.0 0.60740876
0.0 0.96126074
1.0 0.9804073
1.0 0.81849
1.0 0.9842555
0.0 0.6987177
1.0 0.74940103
1.0 0.89167225
1.0 0.981752
0.0 0.63145125
1.0 0.4922721
1.0 0.9506706
1.0 0.6501689
1.0 0.6522821
1.0 0.9850885
0.0 0.8258252
1.0 0.9804073
1.0 0.98423046
1.0 0.83003277
1.0 0.96634966
0.0 0.677575
1.0 0.6387793
1.0 0.65037435
1.0 0.97960985
1.0 0.98301
1.0 0.69484067
1.0 0.69351596
1.0 0.95354825
1.0 0.61162543
1.0 0.5740854
1.0 0.6540542
1.0 0.82200074
1.0 0.9805915
1.0 0.9738772
1.0 0.5484696
1.0 0.8931975
1.0 0.9713259
1.0 0.98287016
1.0 0.9851822
1.0 0.797533
1.0 0.52934617
1.0 0.8254533
1.0 0.9836981
1.0 0.63351345
0.0 0.79362303
1.0 0.9854478
1.0 0.7608487
1.0 0.9350544
1.0 0.98154646
1.0 0.982216
1.0 0.88298965
1.0 0.98251075
1.0 0.9339917
1.0 0.8736432
1.0 0.9717344
1.0 0.7233771
0.0 0.8707895
1.0 0.98278147
1.0 0.834251
1.0 0.88923633
1.0 0.9735508
1.0 0.7713595
1.0 0.9776164
1.0 0.72661465
1.0 0.8352425
0.0 0.6101424
1.0 0.9803925
1.0 0.85382473
0.0 0.64858073
1.0 0.69412446
1.0 0.9774699
1.0 0.9841851
0.0 0.6113468
1.0 0.9832197
1.0 0.9823683
1.0 0.80514705
1.0 0.7379395
1.0 0.6120991
0.0 0.82326025
1.0 0.921917
1.0 0.6925988
1.0 0.9626894
1.0 0.9796132
1.0 0.93874955
1.0 0.9823998
1.0 0.640263
0.0 0.66382796
1.0 0.9735764
1.0 0.9738841
1.0 0.9763342
1.0 0.9826878
1.0 0.98201764
1.0 0.9823683
0.0 0.95750976
1.0 0.9776164
0.0 0.62700456
1.0 0.9399331
1.0 0.98537517
1.0 0.9778446
1.0 0.9295185
1.0 0.68895465
1.0 0.9407901
1.0 0.6541571
0.0 0.69195634
0.0 0.63099533
1.0 0.9730747
1.0 0.69168407
1.0 0.9852561
1.0 0.662978
1.0 0.96849346
1.0 0.9796505
1.0 0.90774196
1.0 0.9068884
0.0 0.6663827
1.0 0.9700136
1.0 0.9664573
1.0 0.96889055
1.0 0.9624557
1.0 0.978856
1.0 0.8071482
1.0 0.978015
0.0 0.52435344
1.0 0.76887286
1.0 0.982216
1.0 0.71249026
1.0 0.98471075
1.0 0.93498147
1.0 0.9295266
1.0 0.9017143
0.0 0.60628706
1.0 0.64577276
1.0 0.97367775
1.0 0.63934827
1.0 0.5885416
1.0 0.7532757
1.0 0.97711074
1.0 0.98524356
1.0 0.95177835
1.0 0.740937
1.0 0.81546617
1.0 0.84626406
1.0 0.98406094
0.0 0.9578227
1.0 0.9744252
1.0 0.89809614
0.0 0.9327949
1.0 0.9865144
1.0 0.94601923
1.0 0.98038244
1.0 0.9804232
1.0 0.97753155
1.0 0.6035249
1.0 0.982216
1.0 0.98136556
1.0 0.97343326
1.0 0.9512397
0.0 0.85621804
1.0 0.9854525
1.0 0.6161711
1.0 0.9730747
1.0 0.98574924
1.0 0.71096444
1.0 0.94601923
1.0 0.63093483
1.0 0.78265226
1.0 0.9847015
1.0 0.74255097
1.0 0.59021944
0.0 0.70636964
1.0 0.7262336
1.0 0.6719874
1.0 0.98509175
1.0 0.693088
0.0 0.5596059
1.0 0.64953953
1.0 0.98546994
0.0 0.6315226
1.0 0.72183317
1.0 0.9877809
1.0 0.7381458
1.0 0.98775685
1.0 0.92590874
1.0 0.98092985
1.0 0.70005465
1.0 0.88254726
0.0 0.6896807
1.0 0.9744252
1.0 0.97760004
1.0 0.9822689
1.0 0.66990817
1.0 0.98137146
0.0 0.64852095
1.0 0.7023902
1.0 0.9782719
1.0 0.981752
0.0 0.81164235
