true vs pred:
0.0 0.003302113
1.0 0.7743638
1.0 0.35863444
1.0 0.733077
1.0 0.9330307
1.0 0.9895415
0.0 0.0052260174
0.0 0.0077953306
0.0 0.02608828
1.0 0.94290465
0.0 0.22133419
1.0 0.9506583
1.0 0.9541527
1.0 0.84284085
0.0 0.016790567
1.0 0.96892416
1.0 0.9970233
0.0 0.0056214435
1.0 0.56644964
1.0 0.96443075
1.0 0.36909762
1.0 0.68018246
1.0 0.9928069
1.0 0.99016106
0.0 0.0048577976
1.0 0.99769515
1.0 0.9972275
0.0 0.006485034
1.0 0.9970797
1.0 0.99678934
1.0 0.9977938
1.0 0.98086447
0.0 0.051505435
1.0 0.96449673
1.0 0.9977435
1.0 0.886572
1.0 0.9979346
0.0 0.24544472
1.0 0.99603707
1.0 0.99797434
1.0 0.99656266
1.0 0.9425596
1.0 0.7020265
0.0 0.0052154926
0.0 0.3031074
1.0 0.9840274
1.0 0.9930809
1.0 0.99230874
1.0 0.99772304
1.0 0.9977975
1.0 0.99267405
0.0 0.019180376
0.0 0.2191553
1.0 0.9834742
1.0 0.939398
0.0 0.04445339
1.0 0.997552
1.0 0.98725224
1.0 0.93070066
1.0 0.99814963
1.0 0.9816058
1.0 0.95338154
1.0 0.9314185
1.0 0.99753124
1.0 0.9327655
0.0 0.0058890893
0.0 0.18624817
1.0 0.9977331
1.0 0.49089172
0.0 0.9282051
1.0 0.9977654
1.0 0.995719
1.0 0.89621985
1.0 0.99284065
1.0 0.9974068
0.0 0.04332476
1.0 0.92309976
1.0 0.9980598
1.0 0.9900383
1.0 0.9977683
1.0 0.9979074
1.0 0.9978682
0.0 0.005243849
1.0 0.99780864
0.0 0.0047460194
1.0 0.9971944
0.0 0.14989188
1.0 0.9954471
1.0 0.9965557
1.0 0.9960355
1.0 0.9908019
1.0 0.99179864
0.0 0.005025183
1.0 0.98201984
1.0 0.9579698
1.0 0.9958968
1.0 0.9964198
1.0 0.7657941
0.0 0.046601564
1.0 0.9973556
1.0 0.9202906
1.0 0.99302894
0.0 0.046589445
1.0 0.9977779
1.0 0.9587269
1.0 0.49111065
0.0 0.071434304
1.0 0.9915153
1.0 0.4740891
1.0 0.87249607
1.0 0.9976738
0.0 0.0051469603
1.0 0.8278052
0.0 0.022896374
0.0 0.04508563
0.0 0.0035176221
0.0 0.068382315
0.0 0.028804313
0.0 0.67240214
0.0 0.14126797
0.0 0.015201664
0.0 0.041910186
1.0 0.45329016
1.0 0.99655426
0.0 0.071434304
1.0 0.9849886
1.0 0.9579698
0.0 0.12617777
0.0 0.0048577976
1.0 0.99805355
1.0 0.39967746
1.0 0.99781966
1.0 0.99238366
0.0 0.003530435
0.0 0.045570992
0.0 0.15330295
0.0 0.10332019
1.0 0.9977703
1.0 0.9897948
1.0 0.97781426
1.0 0.99212945
0.0 0.007999989
1.0 0.9951989
1.0 0.9976597
1.0 0.99781173
1.0 0.9630337
1.0 0.42352736
0.0 0.009739765
1.0 0.99409604
0.0 0.02608828
1.0 0.9976701
1.0 0.99630284
0.0 0.046589445
1.0 0.56555104
1.0 0.9964684
1.0 0.99785185
1.0 0.9969998
1.0 0.9977975
0.0 0.0053687473
0.0 0.00467995
0.0 0.0057619805
0.0 0.2651063
1.0 0.9284942
0.0 0.14585719
1.0 0.9858035
0.0 0.116387285
1.0 0.9858131
0.0 0.033239026
1.0 0.9977452
0.0 0.013015123
1.0 0.99627197
1.0 0.9971119
1.0 0.95010173
1.0 0.9979461
1.0 0.9861644
1.0 0.997781
1.0 0.9974831
1.0 0.99797255
1.0 0.99789906
0.0 0.004778305
1.0 0.993668
1.0 0.9978429
0.0 0.037764736
1.0 0.98528004
1.0 0.9978682
1.0 0.9973241
0.0 0.14585719
0.0 0.2449834
1.0 0.9977907
1.0 0.99706656
0.0 0.16520408
1.0 0.99779224
1.0 0.9967542
0.0 0.046419434
0.0 0.004778305
0.0 0.04344848
1.0 0.97598755
1.0 0.9974215
1.0 0.95300496
1.0 0.973165
0.0 0.0764933
1.0 0.9905145
1.0 0.9548465
1.0 0.99668413
1.0 0.99357176
1.0 0.98231494
0.0 0.038200118
1.0 0.9980233
0.0 0.22073184
1.0 0.9962224
1.0 0.9978927
1.0 0.9950059
1.0 0.9735135
0.0 0.003851564
1.0 0.99786574
1.0 0.9730919
1.0 0.99734735
1.0 0.70023215
1.0 0.997797
0.0 0.4918456
1.0 0.99750936
0.0 0.057147708
1.0 0.99792707
1.0 0.8761061
1.0 0.9962417
1.0 0.99743575
1.0 0.99656266
1.0 0.87570584
1.0 0.99604493
1.0 0.997715
