true vs pred:
1.0 0.88113207
1.0 0.95837426
1.0 0.997693
1.0 0.9975013
1.0 0.9976648
0.0 0.29226643
0.0 0.082478225
1.0 0.70497495
1.0 0.9978104
1.0 0.990131
1.0 0.9831874
1.0 0.9651778
1.0 0.9965044
1.0 0.99790204
1.0 0.93513125
1.0 0.9950118
1.0 0.99702257
1.0 0.99711585
1.0 0.9568909
1.0 0.98223007
1.0 0.9978104
0.0 0.17190218
1.0 0.99750346
1.0 0.9881472
1.0 0.8929442
1.0 0.9978198
1.0 0.33712253
0.0 0.23728383
1.0 0.99714893
1.0 0.99755895
0.0 0.08043062
1.0 0.9969482
1.0 0.97632253
1.0 0.95399934
0.0 0.3875626
1.0 0.9980165
1.0 0.99772984
1.0 0.8976588
1.0 0.92390233
1.0 0.963281
0.0 0.8331448
1.0 0.9857692
1.0 0.9977392
1.0 0.9862428
1.0 0.9978168
1.0 0.9973448
1.0 0.9565772
1.0 0.7931461
1.0 0.86398727
1.0 0.9848732
1.0 0.99777067
1.0 0.969056
1.0 0.8353539
0.0 0.08483471
1.0 0.9978955
1.0 0.9971808
1.0 0.7663095
1.0 0.9165365
1.0 0.9977068
1.0 0.99744475
0.0 0.15050894
1.0 0.9978383
1.0 0.99711585
0.0 0.39071217
1.0 0.18894437
1.0 0.9825449
1.0 0.99781007
0.0 0.8303263
1.0 0.8976201
1.0 0.8023357
1.0 0.9977181
0.0 0.104739785
1.0 0.9975938
1.0 0.9534741
0.0 0.13350813
1.0 0.9975834
1.0 0.9976484
1.0 0.9805058
1.0 0.89766926
1.0 0.9974654
1.0 0.99766856
1.0 0.97688895
1.0 0.9963972
0.0 0.84438205
1.0 0.71242017
1.0 0.5178395
1.0 0.97782224
0.0 0.9634384
0.0 0.023203997
0.0 0.5430314
1.0 0.9964798
0.0 0.383628
1.0 0.9970041
1.0 0.99678516
1.0 0.7103964
0.0 0.96259576
1.0 0.65746677
1.0 0.78955066
0.0 0.14234547
1.0 0.91720223
1.0 0.9084788
1.0 0.63154596
1.0 0.98279506
1.0 0.93571234
1.0 0.9976634
1.0 0.87946445
1.0 0.9513607
1.0 0.78454524
0.0 0.14733921
1.0 0.851916
1.0 0.9707581
1.0 0.9853056
1.0 0.29575035
1.0 0.9971523
1.0 0.9950722
1.0 0.96555483
1.0 0.9946568
1.0 0.9912367
1.0 0.99544334
1.0 0.9258516
0.0 0.020445995
1.0 0.86812097
1.0 0.99772984
1.0 0.44398904
1.0 0.9978114
0.0 0.13934778
1.0 0.99039876
1.0 0.9968933
1.0 0.99692565
0.0 0.8324764
1.0 0.8564797
0.0 0.79513144
0.0 0.033754863
1.0 0.9061223
1.0 0.9974444
1.0 0.9555257
1.0 0.99775237
1.0 0.9979522
1.0 0.96760297
1.0 0.9906053
0.0 0.06289245
1.0 0.9762197
1.0 0.8214099
1.0 0.9957331
1.0 0.99767727
1.0 0.97105354
1.0 0.8401355
1.0 0.99756694
1.0 0.8446912
1.0 0.42692742
1.0 0.9144555
1.0 0.9966432
1.0 0.99724895
1.0 0.9692114
0.0 0.047041483
1.0 0.99575496
1.0 0.9260532
1.0 0.99716836
1.0 0.9978186
1.0 0.9919458
1.0 0.63396144
1.0 0.96283525
1.0 0.9976648
0.0 0.021587482
0.0 0.8700411
1.0 0.99804604
1.0 0.892988
1.0 0.9967253
1.0 0.99788517
1.0 0.9978781
1.0 0.34026697
1.0 0.997738
0.0 0.40594158
1.0 0.9957188
1.0 0.99530977
1.0 0.9828928
1.0 0.99059075
1.0 0.9973827
1.0 0.9915699
1.0 0.9837817
1.0 0.9683173
1.0 0.9672281
1.0 0.9956801
1.0 0.98287857
1.0 0.99182135
0.0 0.088377476
1.0 0.9950919
1.0 0.99402434
0.0 0.22027792
1.0 0.9722989
1.0 0.9922665
1.0 0.99782795
1.0 0.7297256
1.0 0.9970176
1.0 0.99527633
1.0 0.94994766
1.0 0.38896507
1.0 0.25955406
0.0 0.9942457
0.0 0.34052157
1.0 0.68117857
1.0 0.5788244
1.0 0.9956546
0.0 0.42091733
1.0 0.9952442
0.0 0.012671857
0.0 0.5967694
1.0 0.99530977
1.0 0.99062145
1.0 0.99313676
1.0 0.9970176
1.0 0.9968857
1.0 0.9953307
1.0 0.92136395
1.0 0.99560237
0.0 0.16812658
1.0 0.324952
1.0 0.99804413
1.0 0.9969162
1.0 0.99671483
1.0 0.9792637
0.0 0.37881404
0.0 0.07521609
0.0 0.080722466
0.0 0.019485261
1.0 0.99753344
1.0 0.96086866
1.0 0.99725133
1.0 0.96067387
0.0 0.9614001
