true vs pred:
0.0 0.0010902975
0.0 0.094986096
1.0 0.9922272
0.0 0.08710739
0.0 0.0010803698
0.0 0.473469
1.0 0.9973767
0.0 0.083511785
0.0 0.0013518371
0.0 0.473469
0.0 0.013070102
0.0 0.00095368794
0.0 0.94759023
0.0 0.001430754
1.0 0.99026906
0.0 0.002476519
1.0 0.99735546
0.0 0.001430754
0.0 0.90828913
0.0 0.0018343192
0.0 0.0019567655
0.0 0.004755209
0.0 0.0012589451
0.0 0.0008791252
0.0 0.94759023
0.0 0.0061151814
0.0 0.00084894744
0.0 0.0014055008
1.0 0.99748033
0.0 0.08285892
0.0 0.0011121045
0.0 0.0874141
0.0 0.0008331875
0.0 0.488879
0.0 0.9177411
0.0 0.26774228
0.0 0.001070283
0.0 0.26798746
0.0 0.33834392
1.0 0.99026906
0.0 0.0012638927
0.0 0.0017995242
0.0 0.0009256128
1.0 0.9934343
0.0 0.0061151814
0.0 0.0013241627
0.0 0.006076192
0.0 0.0010928509
0.0 0.26774228
0.0 0.0874141
0.0 0.0070674084
0.0 0.001117971
0.0 0.0010863821
0.0 0.0011294838
0.0 0.0008791252
0.0 0.001430754
0.0 0.33834392
0.0 0.005595789
0.0 0.001117971
0.0 0.9296898
1.0 0.9934343
0.0 0.0008331875
0.0 0.0013303048
1.0 0.9922272
0.0 0.24025406
0.0 0.00522255
0.0 0.094986096
0.0 0.3764699
0.0 0.00085589086
1.0 0.9927476
0.0 0.00077694084
1.0 0.9974414
1.0 0.9922272
0.0 0.473469
0.0 0.0011121045
0.0 0.0010182376
0.0 0.0014055008
0.0 0.0011262621
0.0 0.40998793
0.0 0.060597096
0.0 0.3764699
1.0 0.9974414
0.0 0.08285892
0.0 0.062440615
0.0 0.0010055093
0.0 0.0016736279
0.0 0.024340486
0.0 0.00522255
0.0 0.0011121045
0.0 0.017830359
0.0 0.27986172
0.0 0.4188068
0.0 0.0012589451
1.0 0.9975013
0.0 0.94070333
0.0 0.0010038582
0.0 0.0013241627
0.0 0.001070283
0.0 0.062440615
0.0 0.9500006
0.0 0.0011294838
0.0 0.0016736279
0.0 0.001070283
0.0 0.3553742
0.0 0.45988318
0.0 0.0061151814
0.0 0.065407075
0.0 0.0054262816
0.0 0.9500006
0.0 0.0016699703
0.0 0.0054262816
0.0 0.08785498
0.0 0.0013567073
0.0 0.0056561874
0.0 0.0014055008
0.0 0.0012610874
0.0 0.26798746
1.0 0.9975013
0.0 0.0010803698
0.0 0.26774228
0.0 0.00077694084
0.0 0.018006124
0.0 0.40998793
0.0 0.49725226
0.0 0.00522255
0.0 0.0012865223
0.0 0.0012638927
0.0 0.24025406
0.0 0.0022174162
0.0 0.0010928509
0.0 0.018006124
0.0 0.0010182376
0.0 0.0010791057
0.0 0.062440615
0.0 0.0022174162
0.0 0.0020062937
1.0 0.9968405
0.0 0.0056288615
0.0 0.9163537
0.0 0.0070674084
0.0 0.0013303048
1.0 0.9970317
1.0 0.9922272
0.0 0.3764699
1.0 0.9928422
0.0 0.0019603113
0.0 0.016216794
0.0 0.2653704
0.0 0.001117971
0.0 0.0010791057
0.0 0.0013303048
0.0 0.0008572829
0.0 0.92102236
0.0 0.0011294838
0.0 0.001430754
0.0 0.0018917972
0.0 0.26774228
0.0 0.0013978307
0.0 0.0009245137
0.0 0.006076192
0.0 0.0015831951
1.0 0.9926796
0.0 0.016216794
0.0 0.9500006
0.0 0.0070674084
0.0 0.0016736279
0.0 0.001430754
0.0 0.0013055184
0.0 0.32846132
1.0 0.9970317
0.0 0.0011294838
0.0 0.006076192
0.0 0.0018343192
0.0 0.3553742
1.0 0.9927476
0.0 0.08710739
0.0 0.0012865223
0.0 0.0018917972
0.0 0.0009447046
0.0 0.00097532495
0.0 0.0874141
0.0 0.2653704
1.0 0.9926796
0.0 0.002131931
0.0 0.0017995242
0.0 0.473469
0.0 0.00083435053
0.0 0.0012865223
0.0 0.0016305014
0.0 0.0010676831
0.0 0.4188068
0.0 0.004755209
0.0 0.016216794
0.0 0.065407075
0.0 0.0020062937
0.0 0.0010676831
0.0 0.016216794
0.0 0.0010182376
0.0 0.0013241627
0.0 0.08785498
1.0 0.9928422
0.0 0.0010902975
0.0 0.0009447046
0.0 0.0020062937
0.0 0.027272422
0.0 0.019175133
0.0 0.26798746
0.0 0.0011121045
0.0 0.9500006
0.0 0.0011294838
0.0 0.32846132
0.0 0.005595789
0.0 0.019175133
0.0 0.017753903
1.0 0.9928422
0.0 0.0013303048
1.0 0.9927476
0.0 0.0011364185
0.0 0.00083435053
1.0 0.9924878
0.0 0.0015831951
0.0 0.0016699703
0.0 0.0874141
0.0 0.0013947184
0.0 0.0010791057
0.0 0.0009256128
0.0 0.0154879335
0.0 0.0013241627
0.0 0.0012138464
0.0 0.017753903
1.0 0.9922875
0.0 0.027272422
0.0 0.0010634825
0.0 0.0014055008
0.0 0.0013518371
0.0 0.00095368794
0.0 0.016216794
0.0 0.002090032
0.0 0.9500006
1.0 0.992788
1.0 0.9934343
0.0 0.33834392
0.0 0.0010038582
0.0 0.0011195051
0.0 0.0017995242
0.0 0.00097532495
0.0 0.4188068
0.0 0.016216794
0.0 0.005595789
0.0 0.2601269
0.0 0.013070102
0.0 0.0012138464
0.0 0.00077694084
0.0 0.060597096
0.0 0.24025406
0.0 0.00096963637
0.0 0.062440615
0.0 0.0012638927
0.0 0.0013055184
0.0 0.0010928509
0.0 0.00522255
0.0 0.0011522416
0.0 0.00095368794
0.0 0.0154879335
0.0 0.24025406
0.0 0.0023130102
0.0 0.0010055093
0.0 0.9296898
0.0 0.0008331875
0.0 0.0056561874
0.0 0.94759023
0.0 0.0070674084
0.0 0.90828913
0.0 0.0009245137
0.0 0.488879
0.0 0.4188068
0.0 0.488879
0.0 0.94070333
0.0 0.08710739
0.0 0.0154879335
1.0 0.99735546
0.0 0.016216794
1.0 0.99748033
0.0 0.0020345033
0.0 0.3553742
0.0 0.013070102
0.0 0.0013978307
0.0 0.005445671
0.0 0.017830359
0.0 0.083511785
0.0 0.0011195051
0.0 0.00522255
1.0 0.9975013
0.0 0.49725226
0.0 0.00077694084
0.0 0.0013567073
1.0 0.992788
0.0 0.22532156
0.0 0.0019567655
0.0 0.0010055093
0.0 0.0010055093
0.0 0.473469
1.0 0.9968405
0.0 0.0154879335
0.0 0.0013055184
1.0 0.9970317
0.0 0.00077694084
0.0 0.001117971
0.0 0.0013303048
0.0 0.013070102
0.0 0.08710739
0.0 0.94759023
0.0 0.9177411
0.0 0.9296898
0.0 0.0014675523
0.0 0.0020345033
0.0 0.24025406
0.0 0.002193524
0.0 0.22532156
1.0 0.9934343
0.0 0.0017995242
0.0 0.0010676831
0.0 0.90828913
0.0 0.001430754
0.0 0.2653704
1.0 0.99618644
0.0 0.22532156
0.0 0.9329416
0.0 0.0015831951
0.0 0.00083435053
0.0 0.017830359
0.0 0.027272422
1.0 0.99618644
0.0 0.2783403
0.0 0.017830359
0.0 0.0874141
0.0 0.018006124
0.0 0.0018917972
0.0 0.0010863821
0.0 0.4432453
0.0 0.33834392
0.0 0.0022174162
0.0 0.002090032
0.0 0.0013518371
1.0 0.9974915
0.0 0.0011195051
0.0 0.062440615
0.0 0.40998793
0.0 0.0008572829
0.0 0.0009245137
0.0 0.0010791057
0.0 0.00097532495
1.0 0.9974414
0.0 0.91786313
0.0 0.0011522416
0.0 0.0011195051
0.0 0.0009245137
0.0 0.0016926989
1.0 0.9922875
0.0 0.0013947184
0.0 0.9177411
0.0 0.0010182376
0.0 0.0010055093
0.0 0.0019567655
1.0 0.9970317
0.0 0.017830359
0.0 0.0013303048
0.0 0.0011294838
0.0 0.41989312
0.0 0.0020345033
0.0 0.41989312
0.0 0.00522255
0.0 0.027272422
0.0 0.0009256128
0.0 0.24025406
0.0 0.0010902975
0.0 0.002476519
0.0 0.0012638927
0.0 0.0010902975
0.0 0.40998793
0.0 0.001117971
0.0 0.0011364185
0.0 0.0010803698
1.0 0.99026906
1.0 0.9974414
0.0 0.9163537
0.0 0.00095368794
0.0 0.0009447046
0.0 0.0010634825
0.0 0.0016926989
0.0 0.002090032
1.0 0.9927476
0.0 0.0019567655
0.0 0.4188068
0.0 0.0013518371
0.0 0.0008572829
0.0 0.017830359
0.0 0.0018917972
0.0 0.002476519
1.0 0.9974915
0.0 0.002476519
0.0 0.0018343192
0.0 0.4432453
0.0 0.005595789
0.0 0.0010634825
0.0 0.0010863821
0.0 0.002131931
0.0 0.0012138464
0.0 0.00082139205
0.0 0.0014055008
1.0 0.9974915
0.0 0.0009256128
0.0 0.0022174162
0.0 0.26798746
0.0 0.0010791057
0.0 0.062440615
0.0 0.08785498
0.0 0.41989312
1.0 0.99748033
0.0 0.0015831951
0.0 0.0009245137
0.0 0.0013241627
0.0 0.0070674084
0.0 0.94759023
0.0 0.0014675523
0.0 0.0054262816
0.0 0.9163537
0.0 0.0016926989
0.0 0.00077694084
0.0 0.0061151814
0.0 0.0009245137
0.0 0.488879
0.0 0.08710739
0.0 0.3553742
0.0 0.0010791057
1.0 0.9975013
0.0 0.018006124
1.0 0.9926796
0.0 0.0019567655
0.0 0.0011262621
0.0 0.26798746
0.0 0.018006124
0.0 0.9177411
0.0 0.91786313
1.0 0.9927476
0.0 0.0013241627
0.0 0.0070674084
0.0 0.0012138464
0.0 0.00082139205
0.0 0.019175133
0.0 0.002090032
1.0 0.9974915
0.0 0.2783403
1.0 0.99618644
0.0 0.94759023
0.0 0.018006124
1.0 0.9968405
0.0 0.2653704
1.0 0.99026906
0.0 0.0020345033
0.0 0.002090032
0.0 0.0010182376
0.0 0.22532156
0.0 0.0009630825
0.0 0.0010055093
1.0 0.9927476
0.0 0.083511785
0.0 0.016216794
1.0 0.9927476
0.0 0.0013567073
0.0 0.0009447046
1.0 0.9973767
1.0 0.99026906
0.0 0.0017303044
0.0 0.083511785
0.0 0.0070674084
0.0 0.0018343192
0.0 0.0013055184
0.0 0.0023130102
0.0 0.0013055184
0.0 0.0017303044
0.0 0.9500006
0.0 0.0013978307
0.0 0.005595789
0.0 0.0012638927
1.0 0.9934343
0.0 0.00077694084
0.0 0.2783403
0.0 0.0010055093
0.0 0.0016699703
0.0 0.0013567073
0.0 0.0013505155
0.0 0.0014675523
0.0 0.00522255
1.0 0.99748033
0.0 0.0014675523
0.0 0.0011195051
0.0 0.0013303048
0.0 0.0070674084
0.0 0.018006124
0.0 0.41989312
0.0 0.0008791252
0.0 0.0013303048
0.0 0.00084894744
0.0 0.0010928509
0.0 0.0012610874
0.0 0.0013567073
0.0 0.92102236
0.0 0.2783403
0.0 0.001117971
0.0 0.0011294838
1.0 0.9927476
0.0 0.2783403
0.0 0.0020345033
0.0 0.0013055184
0.0 0.0013055184
0.0 0.27986172
0.0 0.016022583
0.0 0.0010902975
0.0 0.41989312
