true vs pred:
1.0 0.99350524
1.0 0.99686015
1.0 0.9897731
0.0 0.10651383
1.0 0.9970811
0.0 0.047860153
1.0 0.99815947
1.0 0.9982886
1.0 0.9968784
1.0 0.99697304
1.0 0.9970651
1.0 0.89791834
0.0 0.6828306
1.0 0.9389038
0.0 0.61831695
1.0 0.9339865
1.0 0.9972537
1.0 0.9935509
1.0 0.99820566
1.0 0.9974293
1.0 0.9508776
1.0 0.99546814
0.0 0.027814679
1.0 0.8412877
1.0 0.9950897
1.0 0.97685665
1.0 0.99252105
1.0 0.9978508
1.0 0.9973911
1.0 0.99756134
1.0 0.99007237
1.0 0.99643683
1.0 0.9977677
0.0 0.264703
0.0 0.4002489
1.0 0.8737622
1.0 0.9981577
1.0 0.90586776
1.0 0.99811053
0.0 0.6974979
1.0 0.9940105
1.0 0.99586475
1.0 0.9982274
0.0 0.13450956
1.0 0.98497087
1.0 0.9965933
1.0 0.32607746
1.0 0.5792904
1.0 0.998334
1.0 0.85763127
1.0 0.9981577
1.0 0.99828327
1.0 0.9865997
1.0 0.99726653
0.0 0.2684184
1.0 0.8737917
1.0 0.9490416
1.0 0.9975522
1.0 0.99829537
1.0 0.9970872
1.0 0.99695206
1.0 0.9979962
1.0 0.93052435
1.0 0.9938589
1.0 0.99727505
1.0 0.9976392
1.0 0.9982551
1.0 0.99756134
1.0 0.34676167
1.0 0.9978623
1.0 0.99419725
1.0 0.9983525
1.0 0.9983144
1.0 0.982999
1.0 0.9681373
1.0 0.9756202
1.0 0.99817944
1.0 0.8954329
0.0 0.8247771
1.0 0.9983614
1.0 0.94686335
1.0 0.9962268
1.0 0.9980648
1.0 0.9983204
1.0 0.9765686
1.0 0.99831885
1.0 0.9936538
1.0 0.99684864
1.0 0.9973345
1.0 0.95998704
1.0 0.057031665
1.0 0.9983199
1.0 0.99728084
1.0 0.9971607
1.0 0.9961719
1.0 0.9897664
1.0 0.99807525
1.0 0.9791836
1.0 0.99702615
0.0 0.82759875
1.0 0.9982393
1.0 0.9861881
0.0 0.95850885
1.0 0.9951374
1.0 0.9982572
1.0 0.9983291
0.0 0.12175195
1.0 0.9982693
1.0 0.9981664
1.0 0.963488
1.0 0.99053204
1.0 0.9650482
0.0 0.013901333
1.0 0.9902148
1.0 0.99136204
1.0 0.9970651
1.0 0.9974705
1.0 0.99375725
1.0 0.9981462
1.0 0.3038906
0.0 0.53636277
1.0 0.9972249
1.0 0.99780446
1.0 0.99795437
1.0 0.9982071
1.0 0.9982236
1.0 0.9981664
0.0 0.53900677
1.0 0.99807525
0.0 0.07499242
1.0 0.9927873
1.0 0.9983677
1.0 0.9982041
1.0 0.99738663
1.0 0.7859428
1.0 0.99476564
1.0 0.69408107
0.0 0.5160034
0.0 0.30719873
1.0 0.9978618
1.0 0.72425824
1.0 0.9982229
1.0 0.99349993
1.0 0.99691665
1.0 0.9982151
1.0 0.99748385
1.0 0.9968941
1.0 0.93659025
1.0 0.99419725
1.0 0.99785256
1.0 0.9980557
1.0 0.9969195
1.0 0.9943802
1.0 0.99643373
1.0 0.99823785
0.0 0.043976218
1.0 0.9944323
1.0 0.9983204
1.0 0.9298897
1.0 0.99827397
1.0 0.9892328
1.0 0.993676
1.0 0.9972941
0.0 0.13847113
1.0 0.99731594
1.0 0.99825543
1.0 0.90342176
0.0 0.17348327
1.0 0.995719
1.0 0.99783856
1.0 0.9982072
1.0 0.9980884
1.0 0.99040014
1.0 0.99271035
1.0 0.97557074
1.0 0.99809724
0.0 0.6218511
1.0 0.99820364
1.0 0.99777704
0.0 0.034590364
1.0 0.9982722
1.0 0.99511766
1.0 0.99827373
1.0 0.9952148
1.0 0.99781334
1.0 0.9579421
1.0 0.9983204
1.0 0.9981375
1.0 0.99825305
1.0 0.9981312
0.0 0.012670711
1.0 0.9981376
1.0 0.62105453
1.0 0.9978618
1.0 0.9983535
1.0 0.68848664
1.0 0.99511766
1.0 0.9394206
1.0 0.9854295
1.0 0.99811965
1.0 0.9939014
1.0 0.9649342
0.0 0.44305143
1.0 0.9957065
1.0 0.95747817
1.0 0.99835855
1.0 0.94537574
0.0 0.32079113
0.0 0.640771
1.0 0.99835265
0.0 0.14347298
1.0 0.9947744
1.0 0.99830556
1.0 0.9073255
1.0 0.99824023
1.0 0.9935235
1.0 0.9975853
1.0 0.7225122
1.0 0.9973157
0.0 0.07069894
1.0 0.99820364
1.0 0.99821424
1.0 0.9981384
1.0 0.49737257
1.0 0.99810493
0.0 0.060012165
1.0 0.98348445
1.0 0.99820435
1.0 0.9982274
0.0 0.8258386
