true vs pred:
1.0 0.9971308
1.0 0.9755788
1.0 0.996148
1.0 0.98051983
0.0 0.009834632
0.0 0.07573661
0.0 0.103496835
0.0 0.065362036
1.0 0.9962936
1.0 0.9788824
1.0 0.9905263
1.0 0.98077035
0.0 0.04402733
1.0 0.9949936
1.0 0.99554366
1.0 0.9957118
1.0 0.955755
1.0 0.96400285
0.0 0.07827513
1.0 0.99140465
0.0 0.62550986
1.0 0.9962529
1.0 0.9929931
1.0 0.17436177
0.0 0.3929346
1.0 0.99333847
1.0 0.9967319
1.0 0.9923206
1.0 0.9967244
0.0 0.03183088
0.0 0.013016103
0.0 0.01945389
0.0 0.064184345
1.0 0.85777247
1.0 0.8835011
1.0 0.9476397
0.0 0.030360812
1.0 0.965895
0.0 0.89721006
1.0 0.9968755
0.0 0.16104792
1.0 0.99207276
1.0 0.9938444
1.0 0.9147958
1.0 0.9968907
1.0 0.9866291
1.0 0.9962745
1.0 0.994643
1.0 0.9965258
1.0 0.996799
0.0 0.016751094
1.0 0.9934935
1.0 0.99665594
0.0 0.89470404
1.0 0.96595764
1.0 0.996705
1.0 0.9954205
1.0 0.89430904
1.0 0.9226113
1.0 0.9956683
1.0 0.99608094
0.0 0.07740553
1.0 0.9963677
1.0 0.99579096
0.0 0.06669
0.0 0.016669698
0.0 0.03786376
1.0 0.9516859
1.0 0.99633694
1.0 0.88850796
1.0 0.9164382
0.0 0.082243465
1.0 0.9882564
1.0 0.725687
1.0 0.99579096
1.0 0.98411685
1.0 0.91374934
0.0 0.04684485
1.0 0.99707556
0.0 0.08626755
1.0 0.9928301
1.0 0.99686676
1.0 0.98681194
1.0 0.9943169
0.0 0.01725102
1.0 0.99661
1.0 0.90230405
1.0 0.99450773
1.0 0.5093722
1.0 0.9962745
1.0 0.93959445
1.0 0.9959268
0.0 0.09080676
1.0 0.9967674
1.0 0.64699847
1.0 0.9905132
1.0 0.9959359
1.0 0.99473935
1.0 0.81891555
1.0 0.9949543
1.0 0.99571335
1.0 0.9900884
1.0 0.9964772
1.0 0.950204
1.0 0.9146587
1.0 0.9967874
0.0 0.048389412
1.0 0.9944149
1.0 0.7342049
1.0 0.99467117
0.0 0.03528283
0.0 0.020177413
1.0 0.996799
0.0 0.032095026
1.0 0.9956697
0.0 0.23006025
1.0 0.9964587
1.0 0.99239326
1.0 0.98486036
1.0 0.18738994
1.0 0.9964226
1.0 0.96000475
1.0 0.99653083
0.0 0.85404736
1.0 0.9917434
1.0 0.85586756
0.0 0.1061587
0.0 0.14708659
1.0 0.9880596
1.0 0.9954678
1.0 0.9944455
0.0 0.019284323
1.0 0.9940646
1.0 0.70298105
1.0 0.9953399
1.0 0.9841212
1.0 0.9968636
0.0 0.0108607
1.0 0.94274646
1.0 0.86719805
1.0 0.99436814
1.0 0.99303305
1.0 0.9949738
1.0 0.99594104
1.0 0.9964257
1.0 0.47669286
0.0 0.026587123
1.0 0.84946036
0.0 0.3282092
1.0 0.9939448
1.0 0.9903589
1.0 0.75041527
1.0 0.86819637
1.0 0.8963864
1.0 0.99594104
1.0 0.69981194
1.0 0.8865828
1.0 0.9634072
0.0 0.02240519
1.0 0.85068274
1.0 0.99069995
1.0 0.942193
1.0 0.22739495
1.0 0.9903172
0.0 0.1566399
1.0 0.9861702
1.0 0.9679119
0.0 0.046587415
0.0 0.04135446
1.0 0.9836046
1.0 0.9952678
1.0 0.9957846
0.0 0.64254457
0.0 0.0108607
0.0 0.016966458
0.0 0.11196235
0.0 0.14661105
1.0 0.9964199
1.0 0.9963342
1.0 0.9894174
1.0 0.88263404
1.0 0.9966961
1.0 0.9965771
1.0 0.9751815
1.0 0.72813284
1.0 0.8861547
0.0 0.05517994
0.0 0.021826645
1.0 0.9965744
1.0 0.9965879
1.0 0.9963325
1.0 0.94855577
0.0 0.044977777
1.0 0.9969279
1.0 0.9894393
1.0 0.9722901
1.0 0.98595756
1.0 0.97778124
1.0 0.23570028
1.0 0.9926085
1.0 0.9963432
1.0 0.9968225
0.0 0.029863158
1.0 0.82964396
1.0 0.87155074
1.0 0.9542491
1.0 0.98557276
1.0 0.7872358
0.0 0.013061641
1.0 0.9576255
0.0 0.076116584
1.0 0.59273356
1.0 0.9786522
1.0 0.99048084
1.0 0.99610126
1.0 0.9963291
1.0 0.93002236
1.0 0.9969392
0.0 0.008855227
1.0 0.99312943
1.0 0.9497428
1.0 0.75057906
1.0 0.754824
1.0 0.9962379
1.0 0.9531952
1.0 0.9966484
1.0 0.98945355
1.0 0.89080364
0.0 0.09331158
1.0 0.9853779
