true vs pred:
0.0 0.004346827
1.0 0.9963875
0.0 0.0026495869
0.0 0.06935396
1.0 0.9995882
0.0 0.006487476
0.0 0.22113854
0.0 0.007023318
0.0 0.002328953
0.0 0.28038245
1.0 0.999744
0.0 0.0026266312
0.0 0.0017137717
0.0 0.0020478053
1.0 0.99957246
0.0 0.0022321355
1.0 0.9987117
0.0 0.20473269
0.0 0.021956833
0.0 0.2337158
0.0 0.0026495869
0.0 0.02282298
0.0 0.03137846
0.0 0.0026266312
0.0 0.19077018
1.0 0.9963875
0.0 0.17588721
0.0 0.019889556
0.0 0.9652848
0.0 0.05980165
0.0 0.0034397217
0.0 0.007056234
0.0 0.9733262
0.0 0.02282298
0.0 0.02282298
0.0 0.0020478053
0.0 0.22113854
0.0 0.0025640994
0.0 0.21335493
0.0 0.19691873
0.0 0.0019775275
0.0 0.0071239513
1.0 0.9955304
0.0 0.0019351578
0.0 0.0035012385
0.0 0.0017137717
1.0 0.99958724
0.0 0.2430884
0.0 0.19937356
1.0 0.9997451
0.0 0.019889556
0.0 0.0034397217
0.0 0.0035012385
0.0 0.05930519
0.0 0.00328745
1.0 0.99953854
1.0 0.99957246
0.0 0.0022321355
0.0 0.019889556
0.0 0.9652848
0.0 0.20473269
0.0 0.004054465
0.0 0.0023077566
0.0 0.0026755012
1.0 0.99959034
0.0 0.0767673
0.0 0.0035012385
1.0 0.99897337
1.0 0.996671
0.0 0.0023641202
1.0 0.99974066
1.0 0.99883276
0.0 0.002827423
1.0 0.9995882
1.0 0.99897337
0.0 0.0023641202
0.0 0.0027762372
0.0 0.28038245
1.0 0.996671
0.0 0.03137846
0.0 0.02282298
0.0 0.0071239513
0.0 0.0019775275
0.0 0.021956833
0.0 0.15508553
1.0 0.99974066
0.0 0.002782499
0.0 0.0023641202
0.0 0.6946295
0.0 0.018920634
0.0 0.0024035985
0.0 0.05930519
0.0 0.21011113
0.0 0.0069694333
0.0 0.00328745
0.0 0.0038826282
0.0 0.007023318
0.0 0.0767673
0.0 0.74231726
0.0 0.05980165
0.0 0.9652848
0.0 0.059554875
0.0 0.0034147238
0.0 0.006487476
0.0 0.19372694
0.0 0.2430884
0.0 0.063185334
0.0 0.062286373
0.0 0.7303868
0.0 0.05980165
1.0 0.999749
0.0 0.0026429587
0.0 0.8437778
0.0 0.0019667756
0.0 0.0036613473
0.0 0.7303868
0.0 0.19937356
0.0 0.006841921
1.0 0.9997409
0.0 0.0071239513
1.0 0.9987117
0.0 0.002827423
0.0 0.00328745
0.0 0.297622
0.0 0.0026495869
0.0 0.8437778
0.0 0.007864982
0.0 0.0036744163
1.0 0.99959034
0.0 0.15508553
0.0 0.03137846
0.0 0.09001098
0.0 0.031588107
0.0 0.007864982
0.0 0.019829292
0.0 0.0025640994
0.0 0.0034147238
0.0 0.0019434451
0.0 0.019889556
0.0 0.23093468
0.0 0.004054465
0.0 0.28038245
0.0 0.2430884
1.0 0.9996076
0.0 0.0027389314
1.0 0.99901783
0.0 0.002782499
0.0 0.2240291
1.0 0.9991295
0.0 0.063185334
0.0 0.0026755012
0.0 0.22113854
0.0 0.17588721
1.0 0.9963875
1.0 0.9988569
0.0 0.0025640994
0.0 0.9652848
0.0 0.2058565
0.0 0.97740775
0.0 0.0069694333
0.0 0.007056234
0.0 0.004054465
0.0 0.9762523
0.0 0.0036744163
0.0 0.0026755012
0.0 0.0035012385
0.0 0.002136771
0.0 0.0025640994
0.0 0.0025640994
0.0 0.2430884
0.0 0.0034147238
0.0 0.21011113
0.0 0.0026755012
0.0 0.74231726
1.0 0.99883276
1.0 0.99959034
1.0 0.99697435
0.0 0.22113854
1.0 0.9997253
0.0 0.0026755012
0.0 0.063185334
1.0 0.99958724
0.0 0.0034397217
0.0 0.0025640994
1.0 0.9968562
0.0 0.0019434451
1.0 0.9962547
0.0 0.0019351578
0.0 0.0033291674
1.0 0.9997507
1.0 0.99953854
0.0 0.2058565
1.0 0.9963875
1.0 0.999749
0.0 0.018920634
0.0 0.09001098
0.0 0.031588107
0.0 0.0027389314
0.0 0.74231726
0.0 0.974051
0.0 0.07101975
0.0 0.7895904
0.0 0.002136771
0.0 0.021956833
1.0 0.9995882
0.0 0.2240291
1.0 0.99958223
0.0 0.7303868
0.0 0.062286373
0.0 0.019829292
0.0 0.0025640994
0.0 0.28038245
0.0 0.7303868
1.0 0.9964371
1.0 0.999744
0.0 0.019989794
0.0 0.019829292
0.0 0.0023077566
0.0 0.0027762372
1.0 0.9989479
0.0 0.062286373
0.0 0.005939391
0.0 0.0023641202
0.0 0.04202868
0.0 0.19372694
1.0 0.9988618
1.0 0.99953854
0.0 0.006487476
0.0 0.0069694333
0.0 0.0020478053
0.0 0.00680235
0.0 0.00680235
0.0 0.021760054
0.0 0.19372694
0.0 0.9733262
1.0 0.9995844
1.0 0.9997409
0.0 0.021778626
0.0 0.0017137717
1.0 0.99958724
0.0 0.0023077566
0.0 0.8338534
0.0 0.17588721
0.0 0.007056234
1.0 0.99972814
1.0 0.9988569
0.0 0.19937356
0.0 0.0020478053
0.0 0.0767673
0.0 0.0767673
0.0 0.02282298
0.0 0.21011113
0.0 0.004346827
1.0 0.9955304
1.0 0.9997409
1.0 0.9997409
1.0 0.99897337
0.0 0.002827423
0.0 0.28038245
0.0 0.9652848
0.0 0.006487476
0.0 0.21011113
0.0 0.0024771153
0.0 0.97362673
0.0 0.021760054
0.0 0.23093468
1.0 0.9966564
0.0 0.0024035985
0.0 0.004054465
0.0 0.9669056
0.0 0.0019434451
1.0 0.9997409
0.0 0.06935396
0.0 0.007056234
0.0 0.19691873
0.0 0.004054465
0.0 0.2430884
0.0 0.7303868
0.0 0.00680235
0.0 0.02282298
1.0 0.99906033
0.0 0.002618489
0.0 0.006841921
0.0 0.019889556
0.0 0.00680235
0.0 0.0027762372
0.0 0.002328953
1.0 0.99958724
0.0 0.0026429587
0.0 0.19937356
1.0 0.99887055
0.0 0.23093468
1.0 0.99953854
0.0 0.07101975
0.0 0.002136771
0.0 0.021760054
1.0 0.9997451
0.0 0.002136771
0.0 0.9752667
0.0 0.007056234
0.0 0.2240291
0.0 0.0026429587
1.0 0.9988569
0.0 0.0022321355
1.0 0.99883276
0.0 0.00328745
0.0 0.19937356
0.0 0.17588721
0.0 0.0033291674
0.0 0.0025640994
0.0 0.0017137717
0.0 0.062286373
1.0 0.9997507
0.0 0.297622
0.0 0.7895904
1.0 0.999744
0.0 0.0767673
0.0 0.002782499
0.0 0.0068879477
1.0 0.99607784
0.0 0.02282298
0.0 0.09001098
0.0 0.20379482
1.0 0.999585
0.0 0.9660782
1.0 0.9995882
1.0 0.9997451
0.0 0.9762523
0.0 0.9733262
0.0 0.0026495869
1.0 0.9995844
0.0 0.21335493
0.0 0.0027762372
1.0 0.9997253
0.0 0.2430884
1.0 0.9955304
0.0 0.7303868
0.0 0.97362673
1.0 0.9997453
0.0 0.002827423
0.0 0.063185334
0.0 0.74231726
0.0 0.0034397217
0.0 0.04202868
1.0 0.99969923
1.0 0.9987117
0.0 0.0022321355
0.0 0.2058565
0.0 0.002782499
0.0 0.00680235
1.0 0.99607784
0.0 0.07101975
0.0 0.063185334
0.0 0.0027389314
0.0 0.0023641202
0.0 0.0038826282
0.0 0.021760054
1.0 0.99897337
1.0 0.9997453
0.0 0.007864982
0.0 0.021778626
0.0 0.974051
0.0 0.97603196
0.0 0.21220693
1.0 0.99959034
0.0 0.0019667756
1.0 0.9997253
0.0 0.9669056
0.0 0.2430884
0.0 0.07101975
0.0 0.002136771
0.0 0.006841921
0.0 0.00328745
0.0 0.07101975
0.0 0.0069694333
1.0 0.9995844
0.0 0.002827423
1.0 0.9989479
1.0 0.9996076
1.0 0.9968562
1.0 0.9997453
0.0 0.002782499
0.0 0.19937356
0.0 0.019889556
0.0 0.0024771153
0.0 0.07101975
0.0 0.17588721
1.0 0.9968562
1.0 0.9997451
0.0 0.03137846
1.0 0.999744
0.0 0.0023641202
0.0 0.0024771153
1.0 0.99887055
0.0 0.7912859
0.0 0.018920634
0.0 0.062286373
0.0 0.2430884
0.0 0.002827423
0.0 0.0019351578
0.0 0.0068879477
1.0 0.9991295
1.0 0.9997253
1.0 0.9997453
0.0 0.0019667756
0.0 0.004346827
1.0 0.99959034
0.0 0.0024886348
0.0 0.74231726
0.0 0.0069694333
0.0 0.0033291674
0.0 0.7760176
1.0 0.99953854
1.0 0.99953854
1.0 0.99957246
1.0 0.9996076
1.0 0.9991295
1.0 0.9997409
0.0 0.7554377
0.0 0.0019775275
0.0 0.0020478053
0.0 0.7895904
0.0 0.062286373
1.0 0.9966564
0.0 0.00328745
0.0 0.007023318
0.0 0.974051
0.0 0.9752667
1.0 0.99887055
0.0 0.02282298
0.0 0.0025640994
0.0 0.19372694
0.0 0.0025640994
1.0 0.99969923
0.0 0.2430884
0.0 0.063185334
0.0 0.2337158
0.0 0.05930519
0.0 0.002618489
0.0 0.06935396
0.0 0.04202868
0.0 0.9762523
1.0 0.99972814
0.0 0.063185334
0.0 0.22113854
1.0 0.99958724
0.0 0.007023318
0.0 0.17588721
0.0 0.17588721
0.0 0.05930519
0.0 0.8437778
0.0 0.007864982
0.0 0.006841921
0.0 0.0036744163
0.0 0.0034397217
0.0 0.0019351578
0.0 0.004346827
0.0 0.19937356
0.0 0.19372694
1.0 0.9997409
0.0 0.0020478053
0.0 0.0017137717
0.0 0.031588107
0.0 0.22113854
0.0 0.0027762372
0.0 0.0019351578
0.0 0.0033291674
0.0 0.2430884
0.0 0.0024886348
1.0 0.9988569
1.0 0.99901783
1.0 0.9997409
1.0 0.99883276
0.0 0.0036744163
0.0 0.007056234
0.0 0.0019775275
0.0 0.7912859
0.0 0.002827423
1.0 0.9968562
0.0 0.0024886348
0.0 0.0026755012
0.0 0.062286373
0.0 0.7895904
1.0 0.9964371
1.0 0.9987117
0.0 0.20379482
0.0 0.97362673
0.0 0.0069694333
0.0 0.006487476
1.0 0.9991295
1.0 0.9995844
0.0 0.04202868
0.0 0.0031736768
0.0 0.2337158
0.0 0.0026266312
0.0 0.19691873
1.0 0.999585
0.0 0.2337158
0.0 0.22113854
1.0 0.9969105
0.0 0.7895904
0.0 0.0036744163
1.0 0.99958724
0.0 0.007864982
0.0 0.2307279
0.0 0.21011113
0.0 0.19372694
0.0 0.23093468
0.0 0.0026429587
0.0 0.059554875
0.0 0.019989794
0.0 0.97362673
0.0 0.19372694
0.0 0.19372694
0.0 0.2337158
1.0 0.9991295
0.0 0.02282298
0.0 0.09001098
0.0 0.0038826282
0.0 0.03137846
