true vs pred:
1.0 0.99660814
1.0 0.96848285
0.0 0.08668549
0.0 0.003046628
1.0 0.9991498
1.0 0.99543047
1.0 0.9963977
1.0 0.9989372
1.0 0.96015024
1.0 0.99194324
1.0 0.9989323
1.0 0.9986438
1.0 0.99719316
0.0 0.059840165
0.0 0.0025519438
0.0 0.7305324
0.0 0.5772773
1.0 0.99354595
1.0 0.6949007
1.0 0.9975904
0.0 0.059544187
1.0 0.9780009
1.0 0.96877724
1.0 0.9970783
1.0 0.9985208
0.0 0.004090909
0.0 0.0013652588
1.0 0.9988784
0.0 0.0019860656
0.0 0.0016498702
1.0 0.7484329
1.0 0.99906904
0.0 0.0033152874
0.0 0.28107738
1.0 0.99860305
1.0 0.9986738
0.0 0.1230543
1.0 0.9991868
1.0 0.99907804
1.0 0.9975478
0.0 0.009880392
1.0 0.99719954
1.0 0.98754066
1.0 0.997271
1.0 0.998879
1.0 0.99914014
0.0 0.0019268043
1.0 0.9965473
1.0 0.9972663
1.0 0.9983181
0.0 0.93928987
0.0 0.8462835
1.0 0.99896395
0.0 0.0026060033
1.0 0.9982102
0.0 0.02176844
0.0 0.08918993
1.0 0.9990891
1.0 0.9985904
0.0 0.0037340913
1.0 0.88970524
1.0 0.99890685
1.0 0.96760356
1.0 0.9889475
0.0 0.0024891319
1.0 0.9986148
1.0 0.9050008
1.0 0.9016565
1.0 0.99675304
0.0 0.0024891319
1.0 0.9975625
1.0 0.99540114
1.0 0.940791
1.0 0.572923
1.0 0.9990392
1.0 0.9985196
1.0 0.9974037
0.0 0.0019614862
1.0 0.99866784
1.0 0.994334
1.0 0.99339783
1.0 0.99456584
1.0 0.9977391
1.0 0.94034225
1.0 0.6261675
0.0 0.0030974976
0.0 0.0012725991
0.0 0.0021575985
0.0 0.0019881176
1.0 0.99555534
1.0 0.9988354
1.0 0.9990043
0.0 0.023467263
1.0 0.9990252
1.0 0.9990429
1.0 0.99888057
1.0 0.9990859
1.0 0.9991891
1.0 0.9843507
1.0 0.99905366
1.0 0.9907713
1.0 0.9964126
1.0 0.9989812
1.0 0.9418936
0.0 0.06433667
1.0 0.9986016
1.0 0.9986494
1.0 0.999201
1.0 0.99773467
1.0 0.94533706
1.0 0.98924106
0.0 0.50844884
0.0 0.0048308815
0.0 0.0035683569
1.0 0.96495885
1.0 0.99837106
1.0 0.8753273
1.0 0.9850417
1.0 0.99127555
1.0 0.99828905
1.0 0.9982516
1.0 0.99916565
0.0 0.02530746
1.0 0.98853356
1.0 0.8434244
1.0 0.99885917
0.0 0.002381895
1.0 0.99891305
0.0 0.0016163968
1.0 0.9984812
0.0 0.0016172897
0.0 0.002318017
0.0 0.018162185
1.0 0.9900866
1.0 0.9989079
1.0 0.9925781
0.0 0.021175204
1.0 0.9984426
1.0 0.9975672
1.0 0.5057359
1.0 0.998184
0.0 0.57457846
1.0 0.99111825
1.0 0.9986118
1.0 0.99914885
1.0 0.94502956
1.0 0.9980862
1.0 0.9879071
1.0 0.99863416
0.0 0.0019881176
1.0 0.9991154
0.0 0.0029061863
1.0 0.9990252
1.0 0.9985354
1.0 0.9968732
1.0 0.98902905
0.0 0.0032457646
1.0 0.8933644
0.0 0.002912415
1.0 0.98701173
1.0 0.9986357
0.0 0.019964
1.0 0.7982167
0.0 0.028119456
0.0 0.6636927
0.0 0.03199479
1.0 0.9990853
1.0 0.99908125
1.0 0.93574965
1.0 0.9989478
0.0 0.0029668952
1.0 0.99866354
1.0 0.99740833
0.0 0.008708009
1.0 0.9916794
1.0 0.9048651
0.0 0.016545571
1.0 0.9910535
0.0 0.8973251
1.0 0.99917245
1.0 0.9940341
1.0 0.99140805
0.0 0.054788593
0.0 0.54064906
1.0 0.9847245
0.0 0.09512406
1.0 0.99652463
0.0 0.6147441
1.0 0.9876106
0.0 0.02232207
1.0 0.9642958
1.0 0.998013
1.0 0.9939758
1.0 0.99864453
1.0 0.9910375
1.0 0.9922724
1.0 0.99816185
0.0 0.002801974
0.0 0.31347108
1.0 0.9337894
1.0 0.9975914
0.0 0.0016498702
1.0 0.9982547
0.0 0.003705429
0.0 0.0017578036
1.0 0.8411266
0.0 0.021695489
0.0 0.0020313205
1.0 0.99139225
1.0 0.9978387
0.0 0.006626671
0.0 0.052501887
1.0 0.99909484
0.0 0.5973919
1.0 0.9970783
1.0 0.99027795
0.0 0.06308135
1.0 0.9976464
1.0 0.8737755
0.0 0.4179009
0.0 0.0016163968
1.0 0.7982167
1.0 0.9990043
0.0 0.0030383943
1.0 0.8278017
0.0 0.9754875
1.0 0.9949077
1.0 0.9970289
1.0 0.99830353
1.0 0.9987986
