true vs pred:
0.0 0.0013920339
1.0 0.99891865
1.0 0.9989557
1.0 0.99903536
0.0 0.0013121795
0.0 0.56621176
1.0 0.096598424
0.0 0.0019301865
1.0 0.99817324
0.0 0.0015812584
1.0 0.9944804
1.0 0.99890816
1.0 0.99720925
0.0 0.0031614364
0.0 0.0011038234
0.0 0.003901023
0.0 0.0012746316
1.0 0.99909735
0.0 0.0027202736
0.0 0.0020826696
0.0 0.0012124879
1.0 0.9988721
1.0 0.9990577
1.0 0.93315554
1.0 0.9980628
0.0 0.011600424
0.0 0.0015709559
1.0 0.9990332
1.0 0.99800235
0.0 0.011362342
1.0 0.93589294
1.0 0.9973449
1.0 0.9984836
0.0 0.0022248123
1.0 0.9824578
0.0 0.36520982
1.0 0.99861765
0.0 0.004130542
0.0 0.0011038234
1.0 0.99892515
1.0 0.9966522
1.0 0.86475843
0.0 0.005428655
1.0 0.99888915
1.0 0.9984274
1.0 0.998126
1.0 0.9981559
1.0 0.99816483
1.0 0.99850166
1.0 0.99811697
1.0 0.9989454
1.0 0.99888915
0.0 0.7523574
0.0 0.0017690118
0.0 0.0025524937
0.0 0.0016051709
1.0 0.99873966
1.0 0.99740785
1.0 0.9984024
1.0 0.9743593
1.0 0.9972277
1.0 0.79498774
0.0 0.005930319
1.0 0.9988751
0.0 0.0012403292
0.0 0.0010747572
1.0 0.94471955
0.0 0.0011248748
0.0 0.0016121623
0.0 0.0029770061
0.0 0.3614205
0.0 0.00108792
1.0 0.8591569
1.0 0.998992
0.0 0.09910179
1.0 0.9861449
1.0 0.99907994
1.0 0.8414965
1.0 0.9986866
0.0 0.0012646067
1.0 0.9987948
1.0 0.99483275
1.0 0.9988951
0.0 0.8734124
1.0 0.9990903
0.0 0.0019266339
1.0 0.9939361
1.0 0.99888974
1.0 0.9989441
1.0 0.99447966
0.0 0.0025367455
1.0 0.99908376
0.0 0.0036361248
1.0 0.99897635
0.0 0.0012902557
0.0 0.0018734355
1.0 0.9989506
1.0 0.9988439
0.0 0.0012777093
1.0 0.98087937
1.0 0.999047
1.0 0.99300754
1.0 0.9988506
0.0 0.0017437397
1.0 0.99907446
0.0 0.0029566274
0.0 0.007393521
1.0 0.9988362
0.0 0.0017690118
0.0 0.006723403
1.0 0.99803776
1.0 0.97411186
1.0 0.4205091
1.0 0.99648666
0.0 0.07324868
0.0 0.04867112
0.0 0.0020483572
1.0 0.9990722
1.0 0.99886274
1.0 0.9987362
1.0 0.9983253
0.0 0.053578693
1.0 0.9984395
0.0 0.008461363
0.0 0.0010931107
0.0 0.0011239423
0.0 0.0011038234
0.0 0.0033737123
1.0 0.9982627
1.0 0.92743665
0.0 0.19078492
0.0 0.0016813675
1.0 0.10509882
1.0 0.11353654
1.0 0.9990237
1.0 0.9989008
1.0 0.99905413
1.0 0.9980716
1.0 0.99874216
1.0 0.9982881
1.0 0.998833
1.0 0.9991277
0.0 0.0023031565
1.0 0.8568516
0.0 0.010979308
1.0 0.9988673
1.0 0.9987857
1.0 0.99844545
1.0 0.991905
1.0 0.9964245
0.0 0.0015767524
0.0 0.0010680077
0.0 0.004022971
1.0 0.9964696
0.0 0.0032588635
1.0 0.7953981
1.0 0.99784184
1.0 0.99672383
1.0 0.9988237
1.0 0.9989498
1.0 0.9987469
1.0 0.82699794
1.0 0.99694073
1.0 0.99230605
0.0 0.02003666
0.0 0.0012752515
1.0 0.9990314
0.0 0.0010541466
1.0 0.99894613
0.0 0.0014665889
0.0 0.0016507596
0.0 0.0015279235
1.0 0.99875057
1.0 0.13759424
0.0 0.0018441692
0.0 0.0012420535
1.0 0.99905306
0.0 0.019772341
1.0 0.9499026
1.0 0.99879104
0.0 0.0020195271
1.0 0.99699306
1.0 0.99890184
1.0 0.9988446
1.0 0.9981061
1.0 0.99843854
0.0 0.022764571
0.0 0.014173679
0.0 0.003300552
1.0 0.9976839
0.0 0.0013379228
1.0 0.09725593
0.0 0.752664
1.0 0.99880576
1.0 0.9986889
0.0 0.002661705
1.0 0.99796236
0.0 0.0019113017
0.0 0.007865782
1.0 0.99888927
1.0 0.5474112
0.0 0.0019487304
1.0 0.8854481
1.0 0.9974107
0.0 0.001404645
1.0 0.7950114
0.0 0.3746246
0.0 0.0022248123
0.0 0.47924492
0.0 0.0011095537
0.0 0.15668924
1.0 0.99888843
0.0 0.0014295357
0.0 0.0034204714
1.0 0.9248148
0.0 0.81496704
1.0 0.99837685
1.0 0.9832162
1.0 0.9990965
1.0 0.99755496
1.0 0.98103184
0.0 0.91964287
0.0 0.0027452412
1.0 0.9979101
1.0 0.96375376
1.0 0.99792707
1.0 0.9922564
0.0 0.007865782
0.0 0.0012562638
1.0 0.97617644
