true vs pred:
0.0 0.02181821
1.0 0.99878246
0.0 0.008698148
0.0 0.0137144225
1.0 0.9987728
1.0 0.9988696
0.0 0.2713345
1.0 0.9989042
1.0 0.991507
1.0 0.9981901
1.0 0.9983853
1.0 0.99849737
1.0 0.99891746
1.0 0.15574692
1.0 0.9985475
0.0 0.6489736
1.0 0.9988148
0.0 0.003029449
1.0 0.99873537
1.0 0.99867153
1.0 0.9989421
1.0 0.9988028
1.0 0.99869776
0.0 0.04787681
1.0 0.9989147
1.0 0.9857077
1.0 0.99885714
1.0 0.99744284
1.0 0.9989417
1.0 0.99556476
1.0 0.99843186
1.0 0.9980981
0.0 0.44515663
0.0 0.026327915
0.0 0.15009423
1.0 0.99891317
1.0 0.998569
1.0 0.9987741
1.0 0.99888545
1.0 0.9976972
1.0 0.9875466
0.0 0.4317276
1.0 0.99885714
1.0 0.98808575
1.0 0.99850535
1.0 0.9988116
1.0 0.9873176
1.0 0.17835921
1.0 0.9983413
1.0 0.987478
0.0 0.033634126
1.0 0.99556476
1.0 0.99861324
1.0 0.9985642
0.0 0.53607327
1.0 0.9988902
0.0 0.16498926
1.0 0.9982578
1.0 0.99873
1.0 0.7783117
1.0 0.99775225
0.0 0.42285213
1.0 0.99793977
1.0 0.9983016
1.0 0.9986532
1.0 0.99789894
0.0 0.3013868
1.0 0.998901
1.0 0.99622464
1.0 0.9989116
0.0 0.003913522
1.0 0.9987627
0.0 0.059361424
0.0 0.0040781456
0.0 0.08062532
1.0 0.9984785
1.0 0.99308264
1.0 0.8383473
1.0 0.99668664
1.0 0.9987494
1.0 0.9981218
1.0 0.99890125
1.0 0.9954894
1.0 0.99848926
0.0 0.22997221
1.0 0.9989334
1.0 0.99876475
1.0 0.9985353
1.0 0.99653435
0.0 0.049612004
1.0 0.99894637
1.0 0.99803835
1.0 0.97751415
1.0 0.99768496
0.0 0.116136834
1.0 0.9986198
1.0 0.99885666
1.0 0.9988972
1.0 0.9987557
0.0 0.0024998768
1.0 0.99854505
1.0 0.99549
1.0 0.99165744
1.0 0.99814355
0.0 0.9767114
1.0 0.9980123
1.0 0.99740285
1.0 0.88620526
1.0 0.99488443
1.0 0.9987942
0.0 0.8673892
1.0 0.99871576
0.0 0.38624224
1.0 0.9813694
1.0 0.56118023
1.0 0.998862
1.0 0.99884975
1.0 0.9986755
1.0 0.9989085
1.0 0.9983791
1.0 0.9865954
1.0 0.99639314
1.0 0.99877733
1.0 0.9977375
0.0 0.012483008
0.0 0.0024302525
1.0 0.23063122
1.0 0.9981633
0.0 0.10786453
1.0 0.99829024
1.0 0.99762684
1.0 0.99890006
1.0 0.99747735
1.0 0.99830484
1.0 0.99887484
1.0 0.9968424
1.0 0.9987281
1.0 0.99746597
1.0 0.99773324
1.0 0.99838424
1.0 0.99866223
1.0 0.99885523
1.0 0.9984218
1.0 0.7814232
0.0 0.52984744
1.0 0.99881077
1.0 0.9988815
1.0 0.9987809
1.0 0.99890304
1.0 0.99164397
1.0 0.9803443
1.0 0.99522996
1.0 0.9940532
1.0 0.26408982
1.0 0.99890494
1.0 0.99889827
1.0 0.99814916
1.0 0.99820745
1.0 0.9987286
1.0 0.9987639
1.0 0.9988379
1.0 0.9953981
1.0 0.9988662
1.0 0.99882215
1.0 0.99801
1.0 0.99889827
1.0 0.9985403
1.0 0.9987721
1.0 0.9986142
1.0 0.983889
1.0 0.9987218
1.0 0.9898442
1.0 0.99221486
1.0 0.9988954
0.0 0.46731004
1.0 0.9803443
1.0 0.9988129
1.0 0.5451984
0.0 0.081796594
1.0 0.99750036
1.0 0.9988997
1.0 0.99877733
1.0 0.99764913
1.0 0.9984847
1.0 0.9988545
1.0 0.23456489
0.0 0.19641052
0.0 0.00969087
1.0 0.99834347
1.0 0.9988809
0.0 0.21883799
1.0 0.99869245
1.0 0.76636523
1.0 0.9911445
1.0 0.9989078
1.0 0.9988311
1.0 0.99883765
1.0 0.99864036
1.0 0.9912286
1.0 0.99752754
1.0 0.99866927
1.0 0.9987551
0.0 0.010067754
1.0 0.9961332
1.0 0.99877924
1.0 0.9988961
1.0 0.99321026
1.0 0.4236122
1.0 0.99890053
1.0 0.99645245
1.0 0.99377656
1.0 0.99895006
1.0 0.9972619
1.0 0.9987239
1.0 0.99726534
1.0 0.9978527
1.0 0.9986432
1.0 0.9987307
1.0 0.95746845
1.0 0.99878424
0.0 0.00428109
1.0 0.99057674
1.0 0.99880147
1.0 0.9989473
1.0 0.9975604
1.0 0.9989002
0.0 0.049506184
1.0 0.99887294
1.0 0.9987123
1.0 0.9987206
