true vs pred:
1.0 0.9987123
0.0 0.2810063
1.0 0.9950498
1.0 0.9988323
1.0 0.99896896
1.0 0.99869114
1.0 0.9989827
1.0 0.998171
1.0 0.9988508
1.0 0.9989786
1.0 0.9990639
1.0 0.99840194
1.0 0.9981767
1.0 0.99811304
1.0 0.99880373
1.0 0.99892634
1.0 0.9888903
0.0 0.045265343
1.0 0.9988618
0.0 0.004779929
1.0 0.9979006
1.0 0.99899143
1.0 0.9985322
1.0 0.99024546
1.0 0.99871373
1.0 0.8375231
1.0 0.08688098
1.0 0.9990759
1.0 0.9990539
1.0 0.99901164
1.0 0.9948762
1.0 0.9987948
1.0 0.9989796
1.0 0.99857545
1.0 0.9985978
1.0 0.99887925
1.0 0.9990429
1.0 0.998928
1.0 0.9921836
1.0 0.99170905
0.0 0.02870249
1.0 0.9957237
1.0 0.99778533
1.0 0.99203
1.0 0.99697864
1.0 0.998889
1.0 0.99779654
1.0 0.23307273
1.0 0.98151094
1.0 0.9828215
1.0 0.9990114
1.0 0.99894434
1.0 0.998885
1.0 0.9985869
1.0 0.99865854
1.0 0.89879364
0.0 0.010749767
1.0 0.99837863
1.0 0.9986608
1.0 0.9986765
1.0 0.997717
0.0 0.0052559962
1.0 0.9990816
1.0 0.9965546
1.0 0.9990521
1.0 0.998973
1.0 0.99902105
1.0 0.99871373
1.0 0.9984206
1.0 0.9989078
1.0 0.9952087
1.0 0.99455005
1.0 0.9990609
1.0 0.99682355
1.0 0.99905556
1.0 0.96958077
1.0 0.998993
1.0 0.9984687
1.0 0.99540555
1.0 0.9941816
0.0 0.1063229
1.0 0.9990958
1.0 0.9990128
1.0 0.9987307
1.0 0.99905926
1.0 0.99891615
0.0 0.17745513
1.0 0.9987708
1.0 0.99841106
1.0 0.99896574
1.0 0.9989421
1.0 0.94979197
1.0 0.9989936
1.0 0.99841106
1.0 0.9986009
1.0 0.99870765
1.0 0.998754
1.0 0.95375437
1.0 0.9935034
1.0 0.9990497
1.0 0.98649025
1.0 0.7907163
1.0 0.9989452
1.0 0.9991008
1.0 0.9990363
1.0 0.9990069
0.0 0.0053808023
1.0 0.9972197
0.0 0.0020264622
1.0 0.998953
1.0 0.9990845
1.0 0.9990408
1.0 0.9953347
1.0 0.9872457
1.0 0.9987984
1.0 0.9990226
1.0 0.999076
1.0 0.9989507
1.0 0.9991165
1.0 0.998137
1.0 0.9990237
1.0 0.99898416
1.0 0.9990706
1.0 0.99890006
1.0 0.30278212
1.0 0.9975383
1.0 0.9987398
0.0 0.086120345
1.0 0.99861276
1.0 0.99898845
1.0 0.99823916
1.0 0.998804
1.0 0.89844793
1.0 0.998558
1.0 0.9990521
1.0 0.99858224
1.0 0.4981367
1.0 0.99085665
1.0 0.99805814
1.0 0.99891126
1.0 0.9165653
1.0 0.99830306
1.0 0.937089
1.0 0.9983668
0.0 0.053904638
1.0 0.998679
0.0 0.007939072
1.0 0.9966748
1.0 0.99907506
1.0 0.75199556
1.0 0.9991054
1.0 0.9989819
1.0 0.99910957
1.0 0.99785125
1.0 0.9990484
1.0 0.9972276
1.0 0.99906594
1.0 0.9989832
1.0 0.9990264
0.0 0.0076864976
1.0 0.99887174
0.0 0.05696382
1.0 0.25209448
1.0 0.9989667
1.0 0.9989698
0.0 0.17188141
1.0 0.9990741
1.0 0.9948695
1.0 0.99855477
1.0 0.99901545
1.0 0.998858
1.0 0.99904114
1.0 0.97307885
1.0 0.9988281
0.0 0.23017691
1.0 0.99889934
0.0 0.012202883
1.0 0.9990658
1.0 0.99842036
1.0 0.9991165
1.0 0.99890757
1.0 0.99898547
1.0 0.33804187
1.0 0.9990478
1.0 0.63367844
1.0 0.9990802
1.0 0.9985846
1.0 0.9990969
1.0 0.99857545
1.0 0.9987074
1.0 0.99856395
1.0 0.694615
0.0 0.85795885
0.0 0.11408775
1.0 0.99899894
1.0 0.99891186
1.0 0.9989141
1.0 0.9991085
1.0 0.99861157
1.0 0.9949116
0.0 0.35374248
1.0 0.9990802
1.0 0.87944555
1.0 0.99894613
1.0 0.9990816
1.0 0.99851316
1.0 0.67407733
1.0 0.9988086
1.0 0.9855356
0.0 0.022066446
1.0 0.9985065
1.0 0.99886036
1.0 0.9988655
1.0 0.6906605
1.0 0.9990125
0.0 0.42930093
1.0 0.9986835
1.0 0.99896955
1.0 0.9933982
1.0 0.9978636
0.0 0.9305767
1.0 0.995424
1.0 0.9984446
1.0 0.9990114
1.0 0.99866545
0.0 0.13489506
1.0 0.9990325
1.0 0.9964218
1.0 0.99902105
0.0 0.0074610775
