true vs pred:
1.0 0.9989895
1.0 0.9970726
1.0 0.9928456
1.0 0.9992718
1.0 0.9989791
1.0 0.99913824
1.0 0.9989901
1.0 0.9990277
1.0 0.9986719
1.0 0.99898094
1.0 0.9930721
1.0 0.97881114
1.0 0.9992337
1.0 0.999252
1.0 0.87987787
1.0 0.9991667
1.0 0.9971788
1.0 0.75310016
1.0 0.9989573
1.0 0.99692696
1.0 0.9988147
1.0 0.9989992
1.0 0.9885726
1.0 0.9992557
1.0 0.9989254
1.0 0.9978459
1.0 0.99701416
1.0 0.99842924
1.0 0.99856144
0.0 0.8290446
1.0 0.99920315
1.0 0.8682889
0.0 0.27235594
1.0 0.99903476
1.0 0.9992804
1.0 0.99919945
1.0 0.999231
0.0 0.0009779824
1.0 0.9965378
0.0 0.0022581888
1.0 0.999273
1.0 0.9992699
1.0 0.99920315
1.0 0.9962549
1.0 0.8919467
1.0 0.9987269
1.0 0.99913883
1.0 0.9992762
1.0 0.9992386
1.0 0.99928904
1.0 0.99627256
1.0 0.9992192
1.0 0.99918073
1.0 0.9991732
1.0 0.9991308
0.0 0.08654926
1.0 0.9964545
1.0 0.99682283
1.0 0.85809577
1.0 0.9989465
1.0 0.99927825
1.0 0.99576145
1.0 0.99899656
0.0 0.21545076
1.0 0.99774504
1.0 0.9992099
1.0 0.9966509
1.0 0.85163766
0.0 0.29467598
1.0 0.994402
1.0 0.99909306
1.0 0.98281324
1.0 0.9987697
0.0 0.011382483
1.0 0.99901235
0.0 0.06100664
1.0 0.9987815
0.0 0.006716369
1.0 0.9962031
1.0 0.9991881
0.0 0.2536347
1.0 0.99926406
1.0 0.9990663
1.0 0.9992742
1.0 0.99684674
1.0 0.9989667
1.0 0.9966717
1.0 0.9992086
1.0 0.9992505
1.0 0.99918646
0.0 0.03784578
1.0 0.9991811
0.0 0.0026023386
0.0 0.0021200287
1.0 0.9991416
1.0 0.9992235
0.0 0.18197563
1.0 0.9992619
1.0 0.9959454
1.0 0.99772555
1.0 0.9990232
1.0 0.9982999
1.0 0.99925417
0.0 0.9439936
1.0 0.99857557
1.0 0.62909603
1.0 0.9992347
0.0 0.0012192542
1.0 0.99918526
1.0 0.99896574
1.0 0.99928504
1.0 0.9989962
1.0 0.99908817
0.0 0.020956201
1.0 0.9992798
1.0 0.99769175
1.0 0.99920005
1.0 0.99864835
1.0 0.99927455
1.0 0.996363
1.0 0.99848926
1.0 0.99838805
0.0 0.35426983
0.0 0.0021495987
0.0 0.0750463
1.0 0.9992305
1.0 0.9989993
1.0 0.9991411
1.0 0.99923825
1.0 0.99898607
1.0 0.975091
0.0 0.8482396
1.0 0.9992132
1.0 0.9973978
1.0 0.9989992
1.0 0.9991749
1.0 0.9940183
1.0 0.9079935
1.0 0.99864596
1.0 0.9769224
0.0 0.045021776
1.0 0.9963611
1.0 0.99913895
1.0 0.99879044
0.0 0.010227283
1.0 0.9992347
0.0 0.86566
1.0 0.99822205
1.0 0.99904996
1.0 0.9855661
1.0 0.998348
0.0 0.050024766
1.0 0.99898
1.0 0.9983386
1.0 0.9989806
1.0 0.9979582
0.0 0.24014756
1.0 0.999252
1.0 0.990576
1.0 0.99924207
0.0 0.0016852489
1.0 0.99905676
0.0 0.01783308
0.0 0.0017701236
0.0 0.01818555
1.0 0.9988213
1.0 0.9854506
1.0 0.9408713
1.0 0.9985267
1.0 0.99865794
1.0 0.998348
1.0 0.99924076
1.0 0.9980299
1.0 0.99896014
0.0 0.01751672
1.0 0.9992762
1.0 0.9988919
1.0 0.99864954
1.0 0.99491876
0.0 0.03135888
1.0 0.9992742
1.0 0.9988576
1.0 0.99545395
1.0 0.99898964
0.0 0.10251567
1.0 0.9988199
1.0 0.99927837
1.0 0.9992551
1.0 0.99919254
0.0 0.0025344118
1.0 0.99643636
1.0 0.99603134
1.0 0.99416035
1.0 0.9987815
0.0 0.05916103
1.0 0.9991105
1.0 0.99806374
1.0 0.9908215
1.0 0.99798787
1.0 0.9991273
0.0 0.10918112
1.0 0.9985506
0.0 0.9874329
1.0 0.28790948
1.0 0.9860253
1.0 0.9991321
1.0 0.9992557
1.0 0.9986908
1.0 0.9992442
1.0 0.9981865
1.0 0.99641067
1.0 0.9987828
1.0 0.99915683
1.0 0.9835067
0.0 0.017907161
0.0 0.0020349855
1.0 0.5506078
1.0 0.99858046
0.0 0.02032851
1.0 0.9987503
1.0 0.9982608
1.0 0.99925977
1.0 0.9987871
1.0 0.9971788
1.0 0.99925333
1.0 0.9983376
1.0 0.999015
1.0 0.99889815
1.0 0.9784725
1.0 0.99729794
