true vs pred:
1.0 0.96607155
1.0 0.9920719
1.0 0.98461056
1.0 0.99877995
1.0 0.97901934
1.0 0.99624616
0.0 0.0021811363
1.0 0.7640131
1.0 0.64969164
1.0 0.99886227
0.0 0.0029877836
1.0 0.99296206
1.0 0.97754526
0.0 0.0023349416
1.0 0.99874216
1.0 0.9989378
0.0 0.0012495392
1.0 0.32840684
0.0 0.0016815132
0.0 0.0018800702
1.0 0.9982768
0.0 0.0021553002
1.0 0.9989427
1.0 0.738647
1.0 0.99516857
0.0 0.267226
0.0 0.034963112
0.0 0.0015095738
1.0 0.9986577
1.0 0.9988199
1.0 0.999009
0.0 0.0029877836
1.0 0.98461056
1.0 0.9932024
0.0 0.002050404
1.0 0.99531555
0.0 0.001778736
1.0 0.9548541
1.0 0.9983981
1.0 0.99629825
0.0 0.013329149
0.0 0.0014049974
0.0 0.0034178456
0.0 0.0023375947
1.0 0.99904567
0.0 0.019709835
0.0 0.1192969
0.0 0.002037565
1.0 0.9986712
1.0 0.99892384
0.0 0.67318857
1.0 0.99773514
1.0 0.7640131
0.0 0.009743149
1.0 0.99899787
1.0 0.99619305
1.0 0.5253737
1.0 0.99676776
1.0 0.9917961
1.0 0.99753076
0.0 0.044790316
1.0 0.8844022
1.0 0.9940799
1.0 0.998243
0.0 0.14684218
0.0 0.0014049974
1.0 0.99872917
1.0 0.9934042
0.0 0.44840738
0.0 0.0034750488
1.0 0.9989587
1.0 0.99689204
1.0 0.9963457
1.0 0.99862313
1.0 0.9948827
1.0 0.99708647
1.0 0.9987348
1.0 0.99888545
1.0 0.99862707
0.0 0.25550166
0.0 0.0018771726
0.0 0.0066024354
0.0 0.005060877
1.0 0.9981224
1.0 0.9800653
1.0 0.9977283
0.0 0.7118108
1.0 0.99410903
1.0 0.5791417
0.0 0.28575942
1.0 0.99871826
0.0 0.0016065303
0.0 0.0012316376
1.0 0.9966529
0.0 0.0014122408
0.0 0.0017517919
0.0 0.013131939
1.0 0.9945294
0.0 0.0014937546
1.0 0.47641498
1.0 0.99891937
1.0 0.9580122
0.0 0.781828
1.0 0.99905604
1.0 0.99757046
1.0 0.9980671
0.0 0.0019553804
1.0 0.9984023
1.0 0.982404
1.0 0.9987924
1.0 0.99612385
1.0 0.9990534
0.0 0.0019585348
1.0 0.99524623
1.0 0.99856853
1.0 0.998789
1.0 0.9812695
0.0 0.0066024354
1.0 0.9990269
0.0 0.0034178456
1.0 0.9987733
0.0 0.0021495179
0.0 0.0030030394
1.0 0.9989519
1.0 0.99873716
0.0 0.0022392438
1.0 0.9263684
1.0 0.9989786
1.0 0.9737717
1.0 0.9981146
0.0 0.0018771726
1.0 0.99899524
0.0 0.024944711
0.0 0.25775856
1.0 0.9983681
0.0 0.0018750919
1.0 0.5917058
1.0 0.99721414
1.0 0.88448316
1.0 0.40172055
1.0 0.9984242
1.0 0.9768435
0.0 0.9515379
0.0 0.0021193943
1.0 0.9990012
1.0 0.99848664
1.0 0.99805295
1.0 0.99689627
0.0 0.9515379
1.0 0.99782735
0.0 0.09252696
0.0 0.0014221891
0.0 0.0012495392
0.0 0.0014049974
0.0 0.0027695522
1.0 0.99752694
1.0 0.9966529
1.0 0.99526477
0.0 0.005514512
1.0 0.9931599
1.0 0.9940235
1.0 0.99898773
1.0 0.99889684
1.0 0.99904114
1.0 0.9951521
1.0 0.99883443
1.0 0.9971355
1.0 0.9982849
1.0 0.99907684
0.0 0.04668424
0.0 0.31571046
1.0 0.7599165
1.0 0.9986719
1.0 0.9989618
1.0 0.9983815
1.0 0.9678027
1.0 0.994584
0.0 0.0062788157
0.0 0.0014410093
0.0 0.002905645
1.0 0.9863301
0.0 0.38091466
1.0 0.75763434
1.0 0.99384683
1.0 0.99348736
1.0 0.99867624
1.0 0.9986916
1.0 0.9989285
1.0 0.15340403
1.0 0.9933421
1.0 0.9303489
1.0 0.9344011
0.0 0.0016621224
1.0 0.9989837
0.0 0.001260998
1.0 0.9988335
0.0 0.0014545718
0.0 0.0019569444
0.0 0.002862756
1.0 0.99776626
1.0 0.98951435
0.0 0.05413293
0.0 0.0026680594
1.0 0.99897087
1.0 0.7953054
1.0 0.7431502
1.0 0.99849546
0.0 0.006560332
1.0 0.99268746
1.0 0.9987841
1.0 0.9989158
1.0 0.9948314
1.0 0.9974402
0.0 0.511041
1.0 0.65952295
0.0 0.002872606
1.0 0.9986784
0.0 0.0017031034
1.0 0.9931599
1.0 0.99470747
1.0 0.9983822
1.0 0.9980269
0.0 0.0027681394
1.0 0.9929732
0.0 0.0020269146
0.0 0.16446623
1.0 0.9987417
0.0 0.09196548
0.0 0.016970605
0.0 0.16771753
