true vs pred:
1.0 0.9999553
1.0 0.99838436
1.0 0.99997437
1.0 0.99990475
1.0 0.99986005
1.0 0.99986255
1.0 0.99994946
1.0 0.9998541
1.0 0.99996793
1.0 0.9999658
1.0 0.999736
1.0 0.99990475
1.0 0.99996233
1.0 0.9982462
1.0 0.99984825
1.0 0.9995277
1.0 0.99929154
1.0 0.9999682
1.0 0.99995244
1.0 0.99986255
1.0 0.9999671
1.0 0.9999763
1.0 0.99969244
1.0 0.9999751
1.0 0.99996424
1.0 0.9998592
1.0 0.99996924
1.0 0.9999671
1.0 0.99969244
1.0 0.999879
1.0 0.9999558
1.0 0.9999763
1.0 0.9998915
1.0 0.99990547
1.0 0.9998888
1.0 0.9995011
1.0 0.9999068
1.0 0.9985501
1.0 0.9999751
1.0 0.9998435
1.0 0.99969244
1.0 0.999961
1.0 0.99990237
1.0 0.9997298
1.0 0.99994946
1.0 0.9999547
1.0 0.9999018
1.0 0.9998541
1.0 0.99986494
1.0 0.999892
1.0 0.99995244
1.0 0.99995935
1.0 0.99995124
1.0 0.99996233
1.0 0.9999502
1.0 0.99986994
1.0 0.99989617
1.0 0.99773383
1.0 0.9999553
1.0 0.9999504
1.0 0.99995244
1.0 0.9999615
1.0 0.99995124
1.0 0.99997497
1.0 0.9998628
1.0 0.9999603
1.0 0.9997532
1.0 0.9998338
1.0 0.9999615
1.0 0.99838436
1.0 0.9998871
1.0 0.9999732
1.0 0.9998888
1.0 0.9999666
1.0 0.9998592
1.0 0.9998541
1.0 0.99761534
1.0 0.9998486
1.0 0.9999603
1.0 0.99989474
1.0 0.9998727
1.0 0.9999682
1.0 0.9985501
1.0 0.9998915
1.0 0.999954
1.0 0.99990726
1.0 0.99989474
1.0 0.9999107
1.0 0.9998411
1.0 0.99986994
1.0 0.99940145
1.0 0.99990475
1.0 0.99995506
1.0 0.99984825
1.0 0.9999558
1.0 0.9999553
1.0 0.99996734
1.0 0.999782
1.0 0.9999671
1.0 0.9998435
1.0 0.9981693
1.0 0.99996793
1.0 0.9999504
1.0 0.99929154
1.0 0.99779785
1.0 0.9999541
1.0 0.9999769
1.0 0.99996567
1.0 0.9998411
1.0 0.99996233
1.0 0.999954
1.0 0.9999608
1.0 0.9999018
1.0 0.99990296
1.0 0.99984825
1.0 0.99996233
1.0 0.9998727
1.0 0.99929154
1.0 0.99986255
1.0 0.9994111
1.0 0.9998411
1.0 0.9998411
1.0 0.9999553
1.0 0.99986994
1.0 0.9999547
1.0 0.99929154
1.0 0.99995935
1.0 0.99996424
1.0 0.9999682
1.0 0.9999769
1.0 0.99779785
1.0 0.99997485
1.0 0.99929154
1.0 0.9999504
1.0 0.9999684
1.0 0.99986005
1.0 0.9998411
1.0 0.99997747
1.0 0.99940145
1.0 0.99997675
1.0 0.9994789
1.0 0.9998616
1.0 0.9999747
1.0 0.99996793
1.0 0.999954
1.0 0.9999769
1.0 0.99997497
1.0 0.99990237
1.0 0.999954
1.0 0.99990726
1.0 0.999782
1.0 0.99995935
1.0 0.9999634
1.0 0.99994993
1.0 0.99995816
1.0 0.9994111
1.0 0.9999068
1.0 0.99996924
1.0 0.9981693
1.0 0.9999683
1.0 0.9999615
1.0 0.99995244
1.0 0.9999107
1.0 0.9998411
1.0 0.9999558
1.0 0.9999615
1.0 0.99997604
1.0 0.99997544
1.0 0.99990296
1.0 0.9999107
1.0 0.9995277
1.0 0.999879
1.0 0.9999654
1.0 0.99995244
1.0 0.99990094
1.0 0.99969244
1.0 0.9999541
1.0 0.99773383
1.0 0.9999666
1.0 0.99996793
1.0 0.99989617
1.0 0.9999018
1.0 0.99951243
1.0 0.9998927
1.0 0.9998927
1.0 0.99989927
1.0 0.99773383
1.0 0.99996173
1.0 0.999967
1.0 0.9999732
1.0 0.99990964
1.0 0.9995443
1.0 0.9999684
1.0 0.9995277
1.0 0.999961
1.0 0.9999541
1.0 0.99990296
1.0 0.9999753
1.0 0.99996567
1.0 0.99838436
1.0 0.99951243
1.0 0.99995244
1.0 0.99995244
1.0 0.99990547
1.0 0.9999547
1.0 0.99986255
1.0 0.9999771
1.0 0.9999732
1.0 0.9999732
1.0 0.9999671
1.0 0.9998592
1.0 0.9999558
1.0 0.99996233
1.0 0.99989617
1.0 0.9999547
1.0 0.9997367
1.0 0.9999628
1.0 0.99989927
1.0 0.99995506
1.0 0.99997675
1.0 0.9997298
1.0 0.99984825
1.0 0.9999609
1.0 0.99940145
1.0 0.9999732
1.0 0.9999498
1.0 0.99990296
1.0 0.9999546
1.0 0.99984825
1.0 0.9999553
1.0 0.9999615
1.0 0.9998927
1.0 0.99990547
1.0 0.99996746
1.0 0.99966633
1.0 0.9998871
1.0 0.99990475
1.0 0.9998927
1.0 0.999879
1.0 0.9995647
1.0 0.9999684
1.0 0.9998628
1.0 0.99838436
1.0 0.99996734
1.0 0.99995506
1.0 0.99996793
1.0 0.99994993
1.0 0.9994111
1.0 0.99989927
1.0 0.99997437
1.0 0.9994111
1.0 0.99996245
1.0 0.99990296
1.0 0.9981693
1.0 0.9998628
1.0 0.99996567
1.0 0.999736
1.0 0.99996424
1.0 0.9998541
1.0 0.99838436
1.0 0.9999541
1.0 0.9998616
1.0 0.9998411
1.0 0.9995443
1.0 0.99995244
1.0 0.9999747
1.0 0.99761534
1.0 0.99995816
1.0 0.99997544
1.0 0.99995244
1.0 0.9998435
1.0 0.9998914
1.0 0.99997723
1.0 0.99990547
1.0 0.999954
1.0 0.9999546
1.0 0.9999676
1.0 0.99996257
1.0 0.99996924
1.0 0.99997437
1.0 0.99996233
1.0 0.99996173
1.0 0.9998486
1.0 0.999967
1.0 0.9983663
1.0 0.999879
1.0 0.99997485
1.0 0.9999553
1.0 0.9999771
1.0 0.9999615
1.0 0.9999628
1.0 0.9999751
1.0 0.9998592
1.0 0.9999504
1.0 0.99995935
1.0 0.99986005
1.0 0.9999541
1.0 0.99997425
1.0 0.9999666
1.0 0.999736
1.0 0.999954
1.0 0.9998435
1.0 0.9998927
1.0 0.99997723
1.0 0.99994993
1.0 0.9999504
1.0 0.999782
1.0 0.99969244
1.0 0.99986494
1.0 0.99989927
1.0 0.9999671
1.0 0.9999751
1.0 0.99989474
1.0 0.99990964
1.0 0.9999634
1.0 0.99996185
1.0 0.99995685
1.0 0.9999682
1.0 0.9997532
1.0 0.99997485
1.0 0.9999609
1.0 0.9999553
1.0 0.99994993
1.0 0.9994111
1.0 0.9998871
1.0 0.9998541
1.0 0.99994993
1.0 0.9999018
1.0 0.999967
1.0 0.9998592
1.0 0.9999654
1.0 0.99996734
1.0 0.99997747
1.0 0.9999751
1.0 0.9998435
1.0 0.99838436
1.0 0.99990475
1.0 0.9997367
1.0 0.99994993
1.0 0.9999541
1.0 0.99997747
1.0 0.99997437
1.0 0.9998915
1.0 0.99997544
1.0 0.99969244
1.0 0.9997367
1.0 0.99996734
1.0 0.9999602
1.0 0.99990237
1.0 0.99995244
1.0 0.9999553
1.0 0.9998592
1.0 0.9994789
1.0 0.9998914
1.0 0.99996793
1.0 0.99997485
1.0 0.9999751
1.0 0.9997532
1.0 0.99986255
1.0 0.9999682
1.0 0.99972576
1.0 0.99995935
1.0 0.9999018
1.0 0.9998616
1.0 0.9999604
1.0 0.99996793
1.0 0.99996793
1.0 0.9999658
1.0 0.99996734
1.0 0.99996793
1.0 0.9999732
1.0 0.9999596
1.0 0.9995011
1.0 0.99951243
1.0 0.99995816
1.0 0.99995244
1.0 0.99997675
1.0 0.9998541
1.0 0.999892
1.0 0.9999634
1.0 0.99996245
1.0 0.99996734
1.0 0.99990547
1.0 0.9998411
1.0 0.99773383
1.0 0.9998411
1.0 0.99997425
1.0 0.9999553
1.0 0.9999504
1.0 0.998331
1.0 0.99994946
1.0 0.99966633
1.0 0.9999498
1.0 0.9999541
1.0 0.99996233
1.0 0.9999753
1.0 0.9999504
1.0 0.99779785
1.0 0.9999684
1.0 0.999892
1.0 0.9999541
1.0 0.9999541
1.0 0.99994946
1.0 0.9999603
1.0 0.99989474
1.0 0.9998871
1.0 0.9998727
1.0 0.99986005
1.0 0.9994789
1.0 0.99986255
1.0 0.99838436
1.0 0.99773383
1.0 0.9999732
1.0 0.99951243
1.0 0.9995443
1.0 0.99990726
1.0 0.99779785
1.0 0.999879
1.0 0.9994789
1.0 0.9998616
1.0 0.9999553
1.0 0.99972576
1.0 0.99996567
1.0 0.9999671
1.0 0.9999732
1.0 0.99996424
1.0 0.9998727
1.0 0.99990296
1.0 0.9995011
1.0 0.9999602
1.0 0.9998592
1.0 0.99997747
1.0 0.99972576
1.0 0.99929154
1.0 0.99995244
1.0 0.99995816
1.0 0.99997604
1.0 0.9999666
1.0 0.9999546
1.0 0.9999628
1.0 0.9999018
1.0 0.99989617
1.0 0.99996793
1.0 0.999967
1.0 0.9999541
1.0 0.9998266
1.0 0.998331
1.0 0.99982387
1.0 0.9999546
1.0 0.9999676
1.0 0.998331
1.0 0.99779785
1.0 0.9999769
1.0 0.99995816
1.0 0.9998727
1.0 0.9999684
1.0 0.99989474
1.0 0.99995244
1.0 0.9999547
1.0 0.99773383
1.0 0.99995506
1.0 0.9998628
1.0 0.9999502
1.0 0.99990296
1.0 0.9999628
1.0 0.99773383
1.0 0.99773383
1.0 0.998331
1.0 0.99996793
1.0 0.99990547
1.0 0.999954
1.0 0.99986494
1.0 0.9998915
1.0 0.99990547
1.0 0.99994946
1.0 0.99995816
1.0 0.99995244
1.0 0.99996173
1.0 0.99996233
1.0 0.99990726
1.0 0.9997198
1.0 0.9999763
1.0 0.9998888
1.0 0.9999769
1.0 0.99996793
1.0 0.99995244
1.0 0.9999666
1.0 0.99997604
1.0 0.99995244
1.0 0.9999751
1.0 0.99779785
1.0 0.99996257
1.0 0.99996924
1.0 0.99997485
1.0 0.99989474
1.0 0.9999769
1.0 0.9999608
1.0 0.9999732
1.0 0.99996185
1.0 0.99997747
1.0 0.99996173
1.0 0.9999596
1.0 0.99997425
1.0 0.999892
1.0 0.99996245
1.0 0.9985501
1.0 0.9981693
1.0 0.9999658
1.0 0.99951243
1.0 0.9995647
1.0 0.9999541
1.0 0.99997544
1.0 0.9999634
1.0 0.99996734
1.0 0.99997437
1.0 0.9997532
1.0 0.9998486
1.0 0.99997425
1.0 0.9994789
1.0 0.99995244
