true vs pred:
1.0 0.99348664
1.0 0.98874503
1.0 0.99546164
1.0 0.8196557
1.0 0.63982594
1.0 0.99443626
1.0 0.1636746
1.0 0.99548966
1.0 0.99160415
0.0 0.6404835
0.0 0.113692
1.0 0.9933321
1.0 0.8847655
0.0 0.13214406
1.0 0.9896932
1.0 0.92187256
0.0 0.53067493
1.0 0.88808036
1.0 0.98375446
1.0 0.9958098
1.0 0.9954183
1.0 0.74882406
1.0 0.9938081
0.0 0.67779756
1.0 0.84233963
1.0 0.9950434
1.0 0.8087681
1.0 0.9234002
1.0 0.98796463
0.0 0.6991311
1.0 0.9645654
1.0 0.99473625
1.0 0.90013623
1.0 0.9953785
1.0 0.9662387
1.0 0.77237654
0.0 0.3084768
1.0 0.99104065
1.0 0.9934221
1.0 0.9725869
1.0 0.8316156
1.0 0.95521975
0.0 0.90297276
1.0 0.9939189
1.0 0.989755
1.0 0.9957146
1.0 0.99239314
1.0 0.61558986
1.0 0.9890258
1.0 0.10199743
1.0 0.6083567
0.0 0.31678137
1.0 0.9942362
1.0 0.98641497
1.0 0.95045465
1.0 0.9858386
1.0 0.8028434
1.0 0.9964115
1.0 0.99343663
1.0 0.99511516
0.0 0.4259383
1.0 0.6043083
0.0 0.37706423
1.0 0.94790214
1.0 0.9958169
1.0 0.9953329
1.0 0.9537781
1.0 0.74645704
1.0 0.9948502
1.0 0.99292326
0.0 0.6087774
1.0 0.68821096
1.0 0.9956317
0.0 0.90211153
1.0 0.9953745
1.0 0.9014076
1.0 0.9896718
1.0 0.9857684
1.0 0.68877655
0.0 0.2502869
1.0 0.43518308
1.0 0.9823313
1.0 0.98750496
1.0 0.8544017
1.0 0.71196616
1.0 0.95938396
1.0 0.62089187
1.0 0.80610603
1.0 0.9448724
1.0 0.94816273
1.0 0.91650337
1.0 0.19798684
1.0 0.98917204
1.0 0.995478
1.0 0.9958145
1.0 0.66975206
0.0 0.18188725
1.0 0.9401297
0.0 0.1561599
1.0 0.77028304
0.0 0.72995883
1.0 0.99567175
1.0 0.9664243
1.0 0.99442357
1.0 0.99099743
1.0 0.9929852
1.0 0.99195135
1.0 0.9557071
1.0 0.994073
1.0 0.99483997
1.0 0.99376994
0.0 0.5071253
1.0 0.8797105
1.0 0.9951485
1.0 0.28082734
1.0 0.9733661
1.0 0.99531364
1.0 0.8039668
1.0 0.99473625
0.0 0.90817845
1.0 0.6634345
1.0 0.8862099
1.0 0.9949037
1.0 0.93108255
1.0 0.9797782
1.0 0.9404192
1.0 0.8733392
1.0 0.7135245
0.0 0.21580312
1.0 0.995478
1.0 0.8773854
1.0 0.94984853
1.0 0.42767546
1.0 0.99545586
1.0 0.99501544
1.0 0.96584153
1.0 0.9507162
1.0 0.9864944
0.0 0.6912149
1.0 0.9497041
0.0 0.8705162
1.0 0.1768159
1.0 0.9892721
1.0 0.7124019
1.0 0.99563146
1.0 0.99133885
1.0 0.9184936
1.0 0.98929197
1.0 0.9953042
1.0 0.81799936
1.0 0.80467474
0.0 0.50125676
1.0 0.975222
1.0 0.99394083
1.0 0.9949091
1.0 0.98312205
1.0 0.8321825
0.0 0.31954592
1.0 0.812143
1.0 0.7808644
1.0 0.9949091
0.0 0.4685479
1.0 0.984048
1.0 0.9943599
1.0 0.98836714
1.0 0.98641497
1.0 0.9876973
1.0 0.6675929
1.0 0.9929852
1.0 0.9954581
1.0 0.99528617
1.0 0.9963941
1.0 0.99567884
1.0 0.9372006
1.0 0.8894755
1.0 0.97950476
0.0 0.36054957
1.0 0.915651
1.0 0.87311566
1.0 0.74067265
1.0 0.7355158
1.0 0.9956873
0.0 0.16115786
1.0 0.99632
1.0 0.9168482
1.0 0.98607427
1.0 0.9603648
0.0 0.24257258
0.0 0.74415094
1.0 0.99575305
1.0 0.9953929
1.0 0.9831876
0.0 0.767899
1.0 0.99596405
0.0 0.67025
0.0 0.57171154
1.0 0.90768415
1.0 0.95882607
1.0 0.7752192
1.0 0.99042904
0.0 0.2604334
1.0 0.8125824
0.0 0.592751
1.0 0.99554884
1.0 0.9905646
0.0 0.8190382
1.0 0.9941426
0.0 0.735142
1.0 0.9725869
1.0 0.9943293
1.0 0.99293435
1.0 0.8423851
1.0 0.99594647
1.0 0.99595803
1.0 0.9920353
1.0 0.8640615
1.0 0.9955065
0.0 0.528683
1.0 0.8887387
1.0 0.9929531
1.0 0.9111239
1.0 0.9436402
1.0 0.94051856
1.0 0.25768247
1.0 0.9465689
1.0 0.9958865
1.0 0.99632
1.0 0.9876973
1.0 0.9629583
1.0 0.9671747
