true vs pred:
1.0 0.8278275
1.0 0.9081263
0.0 0.41370362
1.0 0.9948809
1.0 0.99740523
1.0 0.99674016
1.0 0.9970489
1.0 0.7320188
0.0 0.035337925
1.0 0.99681515
1.0 0.9967841
1.0 0.9898733
0.0 0.77934635
1.0 0.9742348
1.0 0.9641622
0.0 0.9498979
1.0 0.71706635
1.0 0.9973404
1.0 0.86212337
1.0 0.2955376
0.0 0.91438705
1.0 0.99229187
1.0 0.982139
0.0 0.03735077
1.0 0.7892701
1.0 0.9974903
1.0 0.9970831
1.0 0.9958301
0.0 0.18604732
1.0 0.99702555
1.0 0.8257313
1.0 0.9684028
1.0 0.9955857
1.0 0.9967045
1.0 0.76354414
1.0 0.9958383
1.0 0.9939865
1.0 0.8236433
1.0 0.9652421
0.0 0.6132019
0.0 0.06976831
1.0 0.99623764
1.0 0.7678875
1.0 0.9844243
1.0 0.99635965
1.0 0.5328809
1.0 0.99676126
1.0 0.9836
1.0 0.99634886
1.0 0.9970431
1.0 0.9957207
1.0 0.36718416
1.0 0.96742934
0.0 0.052293517
1.0 0.7161133
1.0 0.99586415
1.0 0.7943202
0.0 0.71955335
0.0 0.3633487
1.0 0.9956262
0.0 0.07119022
1.0 0.99744946
0.0 0.9458774
1.0 0.9961294
0.0 0.9456909
1.0 0.99555874
1.0 0.97861725
0.0 0.05397966
1.0 0.9970805
1.0 0.997008
1.0 0.985824
1.0 0.49242988
1.0 0.9051477
1.0 0.99727184
1.0 0.9854569
1.0 0.9971718
1.0 0.85378104
1.0 0.9841345
0.0 0.048168235
1.0 0.987993
1.0 0.9932715
1.0 0.97865796
1.0 0.99302226
1.0 0.685109
1.0 0.99698097
1.0 0.99705243
1.0 0.98341864
1.0 0.99733585
1.0 0.99699473
1.0 0.97716856
0.0 0.1383964
1.0 0.9960601
1.0 0.9955428
0.0 0.49428612
1.0 0.91144973
1.0 0.99479455
1.0 0.9969637
1.0 0.9817108
1.0 0.8492285
1.0 0.9941689
1.0 0.9936358
1.0 0.97968787
0.0 0.37982795
1.0 0.99623054
1.0 0.9973838
1.0 0.9964132
0.0 0.3471792
1.0 0.48512194
1.0 0.99522865
0.0 0.35114893
0.0 0.3815548
1.0 0.98861957
1.0 0.9972772
1.0 0.9972089
1.0 0.9969553
1.0 0.9887283
1.0 0.99588263
1.0 0.8949606
0.0 0.045572013
1.0 0.88925505
0.0 0.48574835
1.0 0.99684614
1.0 0.99586415
1.0 0.9952425
1.0 0.90815276
1.0 0.99600095
1.0 0.7678875
1.0 0.9970898
1.0 0.99687624
1.0 0.99681515
0.0 0.94837457
1.0 0.8797546
1.0 0.37185532
1.0 0.93269724
0.0 0.17867832
1.0 0.78860015
0.0 0.42884615
1.0 0.99597234
1.0 0.99422646
1.0 0.9740034
1.0 0.9936359
0.0 0.5235945
1.0 0.99722326
1.0 0.99628145
1.0 0.9969806
1.0 0.7753024
1.0 0.73693824
1.0 0.9974571
1.0 0.98254955
1.0 0.9737039
1.0 0.9968741
1.0 0.977815
0.0 0.046733968
1.0 0.8534942
1.0 0.97968787
1.0 0.99650925
1.0 0.9951527
1.0 0.9893412
1.0 0.9920746
1.0 0.9968792
0.0 0.11173481
0.0 0.10878272
1.0 0.99695563
1.0 0.99329704
0.0 0.21703137
1.0 0.9910517
1.0 0.21571758
1.0 0.9608626
0.0 0.3235349
1.0 0.99357516
1.0 0.99501795
1.0 0.9781064
0.0 0.38681695
1.0 0.9974624
0.0 0.32974595
1.0 0.9757308
1.0 0.9974657
1.0 0.9971986
0.0 0.7477127
0.0 0.79120606
0.0 0.5498349
1.0 0.9974579
1.0 0.99719113
1.0 0.9957995
1.0 0.9064781
1.0 0.8793506
1.0 0.97468776
1.0 0.6801471
0.0 0.88249665
0.0 0.18637034
1.0 0.57389414
1.0 0.9951256
1.0 0.97588646
1.0 0.9638193
1.0 0.99682593
1.0 0.9583763
1.0 0.9701315
0.0 0.78869057
0.0 0.7279436
1.0 0.995239
1.0 0.98894846
1.0 0.55107737
1.0 0.8602822
1.0 0.99597234
0.0 0.04251232
1.0 0.9968836
1.0 0.9967045
1.0 0.68875396
1.0 0.99584657
1.0 0.9867557
1.0 0.9963972
1.0 0.7600775
1.0 0.9971596
1.0 0.9942899
1.0 0.99441504
0.0 0.043325137
1.0 0.98783815
1.0 0.9972819
1.0 0.9944418
1.0 0.99714345
1.0 0.9052746
1.0 0.9706078
1.0 0.9960962
1.0 0.73516613
1.0 0.9969536
1.0 0.82942206
0.0 0.10030586
1.0 0.9807504
0.0 0.028597457
1.0 0.9973152
