true vs pred:
1.0 0.953702
1.0 0.78398067
1.0 0.988535
0.0 0.85512686
1.0 0.9954496
1.0 0.98434216
1.0 0.99761426
1.0 0.9947773
1.0 0.69236
1.0 0.99172455
0.0 0.080663055
1.0 0.83977795
0.0 0.17907374
1.0 0.9956565
1.0 0.98271954
1.0 0.9142286
1.0 0.9773842
1.0 0.9758
1.0 0.99774665
1.0 0.9940202
1.0 0.996887
0.0 0.46176714
1.0 0.66214186
0.0 0.06706414
1.0 0.96138585
1.0 0.9974606
1.0 0.99687624
1.0 0.9914385
1.0 0.9051797
1.0 0.9969812
1.0 0.99642795
0.0 0.79693097
1.0 0.82216096
1.0 0.9973127
1.0 0.9231676
1.0 0.99695957
1.0 0.9469714
1.0 0.9897509
1.0 0.98271954
1.0 0.93579096
0.0 0.16222213
1.0 0.25587916
1.0 0.9866747
1.0 0.9898929
1.0 0.95664907
1.0 0.8385466
1.0 0.96370006
1.0 0.8719621
1.0 0.92696685
1.0 0.86419564
1.0 0.9471303
1.0 0.97985935
1.0 0.094401464
1.0 0.99232304
1.0 0.99686
1.0 0.9973533
1.0 0.90449584
0.0 0.045080885
1.0 0.98757416
0.0 0.048165765
1.0 0.7804515
0.0 0.8540842
1.0 0.9971846
1.0 0.99022955
1.0 0.9967429
1.0 0.9910546
1.0 0.9956599
1.0 0.99357927
1.0 0.92385304
1.0 0.99636394
1.0 0.99734324
1.0 0.99480444
0.0 0.3033811
1.0 0.664303
1.0 0.9971078
1.0 0.21880986
1.0 0.9861544
1.0 0.9972963
1.0 0.85987717
1.0 0.99636626
0.0 0.87908995
1.0 0.7113134
1.0 0.97972304
1.0 0.9962515
1.0 0.9547236
1.0 0.9749844
1.0 0.96483874
1.0 0.93929714
1.0 0.77786714
0.0 0.12628956
1.0 0.9968143
1.0 0.89748317
1.0 0.92055184
1.0 0.3186115
1.0 0.9966883
1.0 0.996467
1.0 0.97343665
1.0 0.9831891
1.0 0.9787058
0.0 0.56172526
1.0 0.9671044
0.0 0.90718687
1.0 0.09180207
1.0 0.99242663
1.0 0.6296172
1.0 0.99730694
1.0 0.9882321
1.0 0.9642469
1.0 0.99232304
1.0 0.9972874
1.0 0.8740679
1.0 0.8889537
0.0 0.40526673
1.0 0.9662207
1.0 0.9964336
1.0 0.9960968
1.0 0.96652824
1.0 0.6148548
0.0 0.17610998
1.0 0.95008993
1.0 0.9307294
1.0 0.996188
0.0 0.2779212
1.0 0.9764965
1.0 0.9956741
1.0 0.9816875
1.0 0.98271954
1.0 0.9868132
1.0 0.6877186
1.0 0.99568
1.0 0.99731594
1.0 0.9969908
1.0 0.9971902
1.0 0.99760795
1.0 0.98854876
1.0 0.98928005
1.0 0.9882421
0.0 0.5157464
1.0 0.9571787
1.0 0.957529
1.0 0.7476213
1.0 0.8283275
1.0 0.99726844
0.0 0.038963437
1.0 0.9974656
1.0 0.9842598
1.0 0.99186605
1.0 0.95544755
0.0 0.10403942
0.0 0.83005977
1.0 0.99731195
1.0 0.9966017
1.0 0.98603743
0.0 0.7913263
1.0 0.9973659
0.0 0.5478738
0.0 0.71408594
1.0 0.9615525
1.0 0.9881665
1.0 0.93757874
1.0 0.99078196
0.0 0.15041085
1.0 0.9009214
0.0 0.56248546
1.0 0.9973078
1.0 0.99273914
0.0 0.65955704
1.0 0.99635017
0.0 0.6110861
1.0 0.95638144
1.0 0.996082
1.0 0.9955259
1.0 0.92775935
1.0 0.9974304
1.0 0.99734515
1.0 0.99322104
1.0 0.66436476
1.0 0.9972343
0.0 0.52829003
1.0 0.9709583
1.0 0.9958407
1.0 0.97345686
1.0 0.9790619
1.0 0.98966
1.0 0.16546185
1.0 0.981062
1.0 0.9975132
1.0 0.99753964
1.0 0.98715127
1.0 0.9865631
1.0 0.96634185
1.0 0.99721646
1.0 0.99719596
1.0 0.96015584
0.0 0.26127347
1.0 0.9716916
0.0 0.08561552
1.0 0.91496134
1.0 0.99680424
1.0 0.9909474
0.0 0.045937844
1.0 0.9967591
0.0 0.16661407
0.0 0.023508769
1.0 0.9964594
1.0 0.9972959
1.0 0.99704164
1.0 0.9973127
1.0 0.99701226
1.0 0.994843
1.0 0.99713767
1.0 0.87840676
1.0 0.9937372
1.0 0.9968172
1.0 0.9442979
1.0 0.20341444
1.0 0.69548076
0.0 0.20503932
1.0 0.9351378
1.0 0.86625963
1.0 0.83645713
1.0 0.31681082
1.0 0.99707425
1.0 0.8334681
0.0 0.053643305
1.0 0.85305876
0.0 0.22280902
1.0 0.99680424
1.0 0.99664176
1.0 0.950996
