true vs pred:
1.0 0.97961754
1.0 0.99933225
1.0 0.99946314
1.0 0.9993573
0.0 0.0005379156
1.0 0.8696209
0.0 0.0007311423
1.0 0.9994324
1.0 0.99831295
1.0 0.99931204
1.0 0.99962425
1.0 0.73870105
1.0 0.993185
1.0 0.99955577
1.0 0.9995896
0.0 0.00090664864
1.0 0.99911946
1.0 0.999569
1.0 0.999551
1.0 0.99918526
1.0 0.999585
1.0 0.9996407
0.0 0.44790718
1.0 0.9954
0.0 0.0035960383
0.0 0.0049371137
1.0 0.9990381
1.0 0.9835813
1.0 0.99945325
0.0 0.0658913
0.0 0.0007770983
0.0 0.0012467466
1.0 0.9995105
1.0 0.99962413
1.0 0.99950624
1.0 0.9135109
1.0 0.9597931
1.0 0.9984805
0.0 0.0008270942
1.0 0.9989831
1.0 0.9996356
1.0 0.9995134
1.0 0.9994634
1.0 0.9989116
1.0 0.99961805
1.0 0.9996309
1.0 0.9939194
1.0 0.9916466
1.0 0.9995989
1.0 0.9460776
1.0 0.9996371
1.0 0.9987828
1.0 0.9995982
0.0 0.0658913
1.0 0.99931073
0.0 0.75555944
0.0 0.0015409521
0.0 0.001865274
1.0 0.9995596
1.0 0.99879384
1.0 0.9977477
1.0 0.99960405
1.0 0.9889135
1.0 0.9990627
1.0 0.99938035
1.0 0.99916816
1.0 0.99894387
0.0 0.00093732314
0.0 0.005478888
1.0 0.9995455
1.0 0.99958175
1.0 0.99871516
0.0 0.002843264
1.0 0.9995216
0.0 0.0008757635
1.0 0.99207205
1.0 0.9767511
1.0 0.99963427
1.0 0.9995492
1.0 0.99895334
0.0 0.22234757
1.0 0.9996282
0.0 0.04641634
0.0 0.00053669163
1.0 0.99958116
1.0 0.99962354
1.0 0.99833125
0.0 0.0059473016
1.0 0.9987129
1.0 0.99964166
0.0 0.0013454369
1.0 0.99959606
1.0 0.9996226
1.0 0.99824655
1.0 0.99940336
1.0 0.9990416
1.0 0.9913635
1.0 0.99915826
1.0 0.9995994
1.0 0.9992693
0.0 0.0007601547
1.0 0.99910223
1.0 0.9984022
1.0 0.9968772
0.0 0.0067143235
1.0 0.9995295
1.0 0.9995689
0.0 0.0007433114
1.0 0.9932768
1.0 0.99948186
1.0 0.9992918
1.0 0.99961805
1.0 0.99953616
0.0 0.0011732567
1.0 0.6105886
1.0 0.99955684
1.0 0.92735815
1.0 0.7634701
0.0 0.005695637
1.0 0.99829465
1.0 0.9996306
1.0 0.99956363
1.0 0.9990194
0.0 0.005478888
1.0 0.999634
1.0 0.9974995
1.0 0.9421038
1.0 0.9709453
1.0 0.99962795
1.0 0.99962485
1.0 0.99957174
0.0 0.000544046
1.0 0.99470127
0.0 0.019536527
1.0 0.99803513
1.0 0.9669516
1.0 0.99958616
0.0 0.21588455
1.0 0.9994942
1.0 0.8740336
0.0 0.0005379156
0.0 0.0658913
0.0 0.00078879984
1.0 0.99807584
1.0 0.9996282
1.0 0.99962103
1.0 0.99932015
1.0 0.999635
1.0 0.9996407
1.0 0.9994246
1.0 0.99954337
1.0 0.9996075
0.0 0.6411082
1.0 0.99960726
1.0 0.9994141
1.0 0.9979292
1.0 0.9992299
1.0 0.9995989
0.0 0.0006985668
1.0 0.99961746
1.0 0.99951935
1.0 0.9996418
1.0 0.999116
0.0 0.8074737
1.0 0.80829316
1.0 0.99958366
1.0 0.9967524
0.0 0.0016410991
1.0 0.77311695
1.0 0.99963665
0.0 0.08913668
1.0 0.74994487
1.0 0.976508
1.0 0.99951994
1.0 0.99925524
1.0 0.99962866
0.0 0.00088735117
1.0 0.9656513
0.0 0.078144826
1.0 0.99963474
0.0 0.006974342
1.0 0.99928755
0.0 0.23040943
1.0 0.93742675
0.0 0.0008127197
0.0 0.003856532
1.0 0.98233795
1.0 0.9991635
1.0 0.99963796
1.0 0.9996207
1.0 0.9961565
1.0 0.99140793
1.0 0.9996308
0.0 0.4847093
1.0 0.9991954
1.0 0.9994498
1.0 0.98601854
1.0 0.999527
1.0 0.99958867
1.0 0.7568292
1.0 0.9994295
1.0 0.9996389
1.0 0.9996222
0.0 0.00078879984
1.0 0.99952126
0.0 0.0011352414
1.0 0.9996346
1.0 0.9996363
1.0 0.99877566
0.0 0.37147564
0.0 0.00094915566
0.0 0.030651808
0.0 0.00063216884
1.0 0.9996
1.0 0.9995728
0.0 0.0009090777
1.0 0.99959487
0.0 0.0014908755
0.0 0.002415296
1.0 0.9994228
1.0 0.9996221
1.0 0.9996371
1.0 0.9996006
1.0 0.99963295
1.0 0.99804354
1.0 0.9996339
1.0 0.9964461
1.0 0.9908897
1.0 0.99960476
1.0 0.9874128
