true vs pred:
0.0 0.02981244
1.0 0.9126774
1.0 0.9939323
1.0 0.97488356
1.0 0.99819916
1.0 0.9920873
1.0 0.98043054
0.0 0.8883442
1.0 0.90495586
0.0 0.01646643
1.0 0.84360564
1.0 0.993272
1.0 0.9813052
1.0 0.99083203
1.0 0.9969529
1.0 0.9923999
0.0 0.184915
1.0 0.99809164
1.0 0.9969748
1.0 0.99696106
1.0 0.9982412
0.0 0.03705439
1.0 0.9976647
0.0 0.06360578
1.0 0.9715551
1.0 0.9972234
1.0 0.9921312
1.0 0.99832696
1.0 0.99371547
1.0 0.9866085
1.0 0.70064956
1.0 0.9971433
1.0 0.6023435
1.0 0.99562305
1.0 0.9977316
1.0 0.98440045
1.0 0.99108
0.0 0.0657559
1.0 0.9869844
0.0 0.7400886
1.0 0.25204027
1.0 0.06552055
1.0 0.995365
1.0 0.99777836
1.0 0.7658664
1.0 0.75729394
1.0 0.7970813
1.0 0.98971164
1.0 0.9971455
1.0 0.9963058
1.0 0.9979188
0.0 0.04659438
1.0 0.99827135
1.0 0.9969764
0.0 0.7250605
0.0 0.0074092187
1.0 0.9916905
1.0 0.99158454
0.0 0.052998174
0.0 0.051783703
1.0 0.9908166
1.0 0.9218222
1.0 0.99001276
1.0 0.95762616
0.0 0.07631007
1.0 0.9977544
1.0 0.99758756
0.0 0.14210077
1.0 0.9976814
1.0 0.9974963
1.0 0.7791719
1.0 0.16836591
1.0 0.99565095
1.0 0.7366141
1.0 0.14276318
0.0 0.19912687
1.0 0.9977622
1.0 0.9590202
1.0 0.60100955
1.0 0.99420244
1.0 0.6866732
1.0 0.99773204
0.0 0.04468931
1.0 0.9970095
1.0 0.9969014
1.0 0.9912397
1.0 0.8972472
1.0 0.95634294
1.0 0.9649093
1.0 0.96604496
1.0 0.99764746
1.0 0.9976876
1.0 0.99707115
1.0 0.9510876
0.0 0.02252211
1.0 0.33707848
1.0 0.9977976
1.0 0.9977629
1.0 0.9981577
1.0 0.99702543
1.0 0.9063469
0.0 0.033122364
1.0 0.9956359
1.0 0.99590576
1.0 0.993808
1.0 0.96322674
0.0 0.03850097
1.0 0.986285
0.0 0.038533136
1.0 0.9429395
1.0 0.9972518
1.0 0.9534076
1.0 0.7702107
1.0 0.96846765
1.0 0.99747294
1.0 0.99222445
0.0 0.043643583
1.0 0.86272055
1.0 0.99832875
1.0 0.99696726
1.0 0.9590202
0.0 0.0065901405
1.0 0.99604684
1.0 0.9885439
0.0 0.044805028
1.0 0.9788624
1.0 0.99512595
1.0 0.98476577
1.0 0.9905599
1.0 0.48441872
1.0 0.8672124
1.0 0.9909054
0.0 0.009909992
0.0 0.09745849
1.0 0.9979664
0.0 0.018287146
0.0 0.13646384
1.0 0.9907347
1.0 0.9602147
1.0 0.9970114
1.0 0.98955804
1.0 0.99809307
1.0 0.9972047
1.0 0.99791104
1.0 0.46249896
1.0 0.992859
0.0 0.044884287
1.0 0.9024139
1.0 0.955251
1.0 0.97630084
0.0 0.017872194
1.0 0.3031984
1.0 0.9905131
0.0 0.15357798
1.0 0.99691147
0.0 0.011109596
1.0 0.9981964
0.0 0.041329168
1.0 0.9980354
1.0 0.99269474
0.0 0.050261676
1.0 0.99684757
1.0 0.9976386
1.0 0.9967495
1.0 0.92567074
1.0 0.968101
1.0 0.9969952
1.0 0.9953526
1.0 0.9976285
1.0 0.87911034
0.0 0.13646384
0.0 0.03551117
0.0 0.16857985
1.0 0.8324311
1.0 0.99380726
0.0 0.5949816
1.0 0.94793785
1.0 0.99767154
1.0 0.9976775
0.0 0.2085918
1.0 0.997735
1.0 0.9958631
1.0 0.99626476
0.0 0.5510601
1.0 0.9906222
1.0 0.92205423
0.0 0.010633155
0.0 0.037969217
1.0 0.9979432
1.0 0.99513215
1.0 0.9926737
1.0 0.92848206
1.0 0.89439744
1.0 0.66585386
0.0 0.12821944
0.0 0.015506311
1.0 0.99803096
1.0 0.99776447
1.0 0.9981623
0.0 0.008479865
0.0 0.011535097
1.0 0.7701754
0.0 0.008479865
0.0 0.01606825
0.0 0.04425883
1.0 0.9969892
1.0 0.9971048
1.0 0.9933827
1.0 0.9928479
1.0 0.9978515
1.0 0.9863983
0.0 0.066830434
0.0 0.02252211
0.0 0.85327846
1.0 0.99513215
1.0 0.95508915
1.0 0.9977709
1.0 0.98615485
1.0 0.99420244
0.0 0.016796503
1.0 0.99684757
1.0 0.9981067
1.0 0.9958132
0.0 0.01057021
1.0 0.93367255
1.0 0.7318049
1.0 0.9904703
0.0 0.09075514
0.0 0.018761348
1.0 0.8348922
