true vs pred:
1.0 0.99982065
1.0 0.99984026
1.0 0.9996568
1.0 0.9208981
1.0 0.99962306
1.0 0.98908055
1.0 0.9998466
1.0 0.9998591
1.0 0.99876213
1.0 0.9877846
1.0 0.98678243
1.0 0.9998416
1.0 0.9962782
1.0 0.99985063
1.0 0.9307225
1.0 0.99974257
1.0 0.9137558
1.0 0.9989316
1.0 0.9997553
1.0 0.999739
1.0 0.99876213
1.0 0.93813366
1.0 0.9998795
1.0 0.9998448
1.0 0.9997389
1.0 0.9998553
1.0 0.99983096
1.0 0.9994235
1.0 0.9996475
1.0 0.9998499
1.0 0.9997553
1.0 0.9997553
1.0 0.98678243
1.0 0.9208981
1.0 0.998803
1.0 0.92555135
1.0 0.999848
1.0 0.98692375
1.0 0.99961674
1.0 0.9998778
1.0 0.9865545
1.0 0.9993759
1.0 0.9877846
1.0 0.9998424
1.0 0.9998447
1.0 0.9392521
1.0 0.9998567
1.0 0.9997389
1.0 0.9994235
1.0 0.9993759
1.0 0.9998288
1.0 0.9988943
1.0 0.9998411
1.0 0.9998416
1.0 0.9962782
1.0 0.9997389
1.0 0.9998553
1.0 0.9307225
1.0 0.9992743
1.0 0.9889136
1.0 0.9798733
1.0 0.99984133
1.0 0.99982506
1.0 0.9993759
1.0 0.99985063
1.0 0.9998796
1.0 0.9958097
1.0 0.999858
1.0 0.9998493
1.0 0.99911386
1.0 0.99984026
1.0 0.99985063
1.0 0.9958097
1.0 0.9994124
1.0 0.9998466
1.0 0.9998796
1.0 0.999739
1.0 0.9997553
1.0 0.99961674
1.0 0.98692375
1.0 0.99974257
1.0 0.95072514
1.0 0.999858
1.0 0.9989673
1.0 0.9958097
1.0 0.99985266
1.0 0.9997551
1.0 0.99617565
1.0 0.9998288
1.0 0.9998447
1.0 0.99963665
1.0 0.9988943
1.0 0.9993831
1.0 0.99962306
1.0 0.99982506
1.0 0.9998553
1.0 0.99983096
1.0 0.9998553
1.0 0.99982566
1.0 0.99935836
1.0 0.9996568
1.0 0.89025986
1.0 0.9998447
1.0 0.99983513
1.0 0.9998248
1.0 0.99985754
1.0 0.99983096
1.0 0.9998559
1.0 0.9989311
1.0 0.999856
1.0 0.997323
1.0 0.9992393
1.0 0.99985754
1.0 0.9392521
1.0 0.9996307
1.0 0.99985456
1.0 0.99961674
1.0 0.99985063
1.0 0.99911386
1.0 0.9988943
1.0 0.90340084
1.0 0.9989316
1.0 0.999856
1.0 0.99964714
1.0 0.9994041
1.0 0.99984133
1.0 0.95072514
1.0 0.999739
1.0 0.99983764
1.0 0.99975413
1.0 0.99964714
1.0 0.99975604
1.0 0.998803
1.0 0.99935836
1.0 0.98182976
1.0 0.9997389
1.0 0.999845
1.0 0.9992743
1.0 0.9998466
1.0 0.9998447
1.0 0.99983895
1.0 0.9971921
1.0 0.9998505
1.0 0.9989673
1.0 0.9235571
1.0 0.99985147
1.0 0.99983513
1.0 0.9798733
1.0 0.9208981
1.0 0.9998448
1.0 0.9998795
1.0 0.99985206
1.0 0.998803
1.0 0.9998553
1.0 0.9998454
1.0 0.99985397
1.0 0.99963665
1.0 0.9996475
1.0 0.9992743
1.0 0.99985623
1.0 0.9994041
1.0 0.9798733
1.0 0.9993759
1.0 0.9794143
1.0 0.998803
1.0 0.998803
1.0 0.9998447
1.0 0.99935836
1.0 0.9998447
1.0 0.9798733
1.0 0.9998553
1.0 0.9998493
1.0 0.99984133
1.0 0.9998771
1.0 0.9208981
1.0 0.9998543
1.0 0.9798733
1.0 0.99983513
1.0 0.9998424
1.0 0.9994235
1.0 0.998803
1.0 0.99987864
1.0 0.98182976
1.0 0.9998815
1.0 0.9865545
1.0 0.99893564
1.0 0.9998534
1.0 0.9998411
1.0 0.9998454
1.0 0.9998795
1.0 0.9998559
1.0 0.9997551
1.0 0.99983764
1.0 0.99975413
1.0 0.9971921
1.0 0.9998553
1.0 0.9998561
1.0 0.99982846
1.0 0.99985445
1.0 0.9794143
1.0 0.99974257
1.0 0.99984026
1.0 0.9235571
1.0 0.9998361
1.0 0.99985754
1.0 0.9998248
1.0 0.99975604
1.0 0.998803
1.0 0.9998466
1.0 0.99985754
1.0 0.999879
1.0 0.9998591
1.0 0.9997609
1.0 0.99975604
1.0 0.9889136
1.0 0.9994124
1.0 0.9998456
1.0 0.9998248
1.0 0.9996549
1.0 0.9958097
1.0 0.9998318
1.0 0.89025986
1.0 0.999848
1.0 0.9998411
1.0 0.9996568
1.0 0.99963665
1.0 0.98678243
1.0 0.9996455
1.0 0.9996455
1.0 0.9997391
1.0 0.89025986
1.0 0.9998499
1.0 0.9998394
1.0 0.99985456
1.0 0.9997464
1.0 0.9877846
1.0 0.9998424
1.0 0.9889136
1.0 0.9998536
1.0 0.9998448
1.0 0.9996475
1.0 0.9998592
1.0 0.99985206
1.0 0.9392521
1.0 0.98678243
1.0 0.99982506
1.0 0.99982506
1.0 0.9997553
1.0 0.9998447
1.0 0.99933964
1.0 0.9998778
1.0 0.99985456
1.0 0.99985456
1.0 0.99985063
1.0 0.99911386
1.0 0.9998466
1.0 0.9998553
1.0 0.9996568
1.0 0.9998447
1.0 0.99634737
1.0 0.99985206
1.0 0.9997391
1.0 0.999845
1.0 0.99988043
1.0 0.99617565
1.0 0.9992743
1.0 0.99985206
1.0 0.98182976
1.0 0.99985456
1.0 0.99982065
1.0 0.9996475
1.0 0.999848
1.0 0.9992743
1.0 0.9998447
1.0 0.99985754
1.0 0.9996455
1.0 0.9997553
1.0 0.9998534
1.0 0.99542964
1.0 0.9996307
1.0 0.9997389
1.0 0.9996455
1.0 0.9994124
1.0 0.98908055
1.0 0.9998424
1.0 0.9989311
1.0 0.9392521
1.0 0.9998516
1.0 0.999845
1.0 0.9998411
1.0 0.99982846
1.0 0.9794143
1.0 0.9997391
1.0 0.9998567
1.0 0.9794143
1.0 0.9998547
1.0 0.9996475
1.0 0.9235571
1.0 0.9989311
1.0 0.99985206
1.0 0.9962782
1.0 0.9998493
1.0 0.9988943
1.0 0.9392521
1.0 0.9998448
1.0 0.99893564
1.0 0.998803
1.0 0.9877846
1.0 0.9998248
1.0 0.9998534
1.0 0.90340084
1.0 0.99985445
1.0 0.9998591
1.0 0.99982506
1.0 0.9989673
1.0 0.9996001
1.0 0.99987864
1.0 0.9997553
1.0 0.99983764
1.0 0.9998462
1.0 0.9998381
1.0 0.9998512
1.0 0.99984026
1.0 0.9998567
1.0 0.99985623
1.0 0.9998499
1.0 0.9989316
1.0 0.9998394
1.0 0.92555135
1.0 0.9994124
1.0 0.9998543
1.0 0.9998447
1.0 0.9998778
1.0 0.99985754
1.0 0.99985206
1.0 0.99985504
1.0 0.99911386
1.0 0.99983513
1.0 0.9998553
1.0 0.9994235
1.0 0.9998318
1.0 0.9998541
1.0 0.99985063
1.0 0.9962782
1.0 0.9998454
1.0 0.9989673
1.0 0.9996455
1.0 0.99987864
1.0 0.99982846
1.0 0.99983513
1.0 0.9971921
1.0 0.9958097
1.0 0.9993831
1.0 0.9997391
1.0 0.99985063
1.0 0.99985504
1.0 0.99964714
1.0 0.9997464
1.0 0.9998561
1.0 0.9998549
1.0 0.9998499
1.0 0.99984133
1.0 0.997323
1.0 0.9998543
1.0 0.99985206
1.0 0.9998447
1.0 0.99982846
1.0 0.9794143
1.0 0.9996307
1.0 0.9988943
1.0 0.99982846
1.0 0.99963665
1.0 0.9998394
1.0 0.99911386
1.0 0.9998456
1.0 0.99983895
1.0 0.99987864
1.0 0.99985504
1.0 0.9989673
1.0 0.9392521
1.0 0.9997389
1.0 0.99634737
1.0 0.99982846
1.0 0.9998448
1.0 0.99987864
1.0 0.9998567
1.0 0.999739
1.0 0.9998591
1.0 0.9958097
1.0 0.99634737
1.0 0.9998516
1.0 0.99985623
1.0 0.9997551
1.0 0.9998248
1.0 0.9998447
1.0 0.99911386
1.0 0.9865545
1.0 0.9996001
1.0 0.99985147
1.0 0.9998543
1.0 0.99985504
1.0 0.997323
1.0 0.99933964
1.0 0.99984133
1.0 0.9970974
1.0 0.9998553
1.0 0.99963665
1.0 0.99893564
1.0 0.999856
1.0 0.9998411
1.0 0.9998411
1.0 0.9998416
1.0 0.99983895
1.0 0.99985147
1.0 0.99985456
1.0 0.9998529
1.0 0.98692375
1.0 0.98678243
1.0 0.99985445
1.0 0.9998248
1.0 0.99988043
1.0 0.9988943
1.0 0.99962306
1.0 0.9998561
1.0 0.9998547
1.0 0.9998516
1.0 0.9997553
1.0 0.998803
1.0 0.89025986
1.0 0.998803
1.0 0.9998541
1.0 0.9998447
1.0 0.99983513
1.0 0.9137558
1.0 0.9998288
1.0 0.99542964
1.0 0.99982065
1.0 0.9998318
1.0 0.99985623
1.0 0.9998592
1.0 0.99983513
1.0 0.9208981
1.0 0.9998424
1.0 0.99962306
1.0 0.9998448
1.0 0.9998448
1.0 0.9998288
1.0 0.999856
1.0 0.99964714
1.0 0.9996307
1.0 0.9994041
1.0 0.9994235
1.0 0.9865545
1.0 0.99933964
1.0 0.9392521
1.0 0.89025986
1.0 0.99985456
1.0 0.98678243
1.0 0.9877846
1.0 0.99975413
1.0 0.9208981
1.0 0.9994124
1.0 0.9865545
1.0 0.99893564
1.0 0.9998447
1.0 0.9970974
1.0 0.99985206
1.0 0.9998505
1.0 0.99985456
1.0 0.9998493
1.0 0.9994041
1.0 0.9996475
1.0 0.98692375
1.0 0.99985623
1.0 0.99911386
1.0 0.99987864
1.0 0.9970974
1.0 0.9798733
1.0 0.9998248
1.0 0.99985445
1.0 0.999879
1.0 0.99985063
1.0 0.9998462
1.0 0.99985206
1.0 0.99963665
1.0 0.9996568
1.0 0.99985147
1.0 0.9998394
1.0 0.9998318
1.0 0.99855155
1.0 0.9137558
1.0 0.99876213
1.0 0.999848
1.0 0.9998381
1.0 0.9137558
1.0 0.9208981
1.0 0.99987996
1.0 0.99985445
1.0 0.9994041
1.0 0.9998424
1.0 0.99964714
1.0 0.9998443
1.0 0.9998447
1.0 0.89025986
1.0 0.999845
1.0 0.9989311
1.0 0.99982566
1.0 0.9997609
1.0 0.99985206
1.0 0.89025986
1.0 0.89025986
1.0 0.9137558
1.0 0.99985147
1.0 0.9997553
1.0 0.99983764
1.0 0.9993831
1.0 0.999739
1.0 0.9997553
1.0 0.9998288
1.0 0.99985445
