true vs pred:
1.0 0.9839406
1.0 0.9988117
0.0 0.094905585
0.0 0.08701226
1.0 0.9833997
1.0 0.9973137
1.0 0.9988117
1.0 0.99913305
1.0 0.9836981
1.0 0.9581359
1.0 0.99799204
0.0 0.105787165
1.0 0.9967024
0.0 0.18694852
1.0 0.9978352
1.0 0.9589016
1.0 0.99841607
1.0 0.99659026
1.0 0.98299843
1.0 0.8408813
1.0 0.9514235
1.0 0.99659294
0.0 0.3090309
1.0 0.9581359
1.0 0.99799204
1.0 0.98589087
1.0 0.99690825
1.0 0.98299843
0.0 0.1689037
1.0 0.9786213
1.0 0.98695976
0.0 0.09238094
1.0 0.9982351
1.0 0.9969887
0.0 0.06770784
1.0 0.9973335
1.0 0.98605275
1.0 0.8440813
1.0 0.8408813
1.0 0.9988288
1.0 0.9988288
1.0 0.99731714
1.0 0.9975043
1.0 0.9971204
0.0 0.08281117
1.0 0.9969887
1.0 0.99793774
0.0 0.3090309
0.0 0.16477479
1.0 0.9980736
0.0 0.101657964
1.0 0.94350386
1.0 0.9973335
1.0 0.98695976
1.0 0.99907494
1.0 0.9847328
1.0 0.9972614
1.0 0.9581359
1.0 0.853124
0.0 0.16477479
1.0 0.8314062
1.0 0.99659026
1.0 0.99720085
1.0 0.9984188
1.0 0.9602949
1.0 0.9526414
1.0 0.98299843
1.0 0.9981589
1.0 0.99877197
1.0 0.9581359
1.0 0.9982351
1.0 0.9850162
1.0 0.9990344
0.0 0.31944278
0.0 0.07763251
1.0 0.99896145
1.0 0.99721587
1.0 0.9849139
1.0 0.99793774
1.0 0.9581359
1.0 0.86386657
1.0 0.95999444
1.0 0.9989761
1.0 0.99635494
1.0 0.99865437
1.0 0.9982351
1.0 0.99865437
1.0 0.9973477
0.0 0.16477479
0.0 0.09484617
1.0 0.9983442
1.0 0.9974027
1.0 0.9991009
1.0 0.9987165
0.0 0.33941072
1.0 0.997175
1.0 0.9983442
1.0 0.9978352
1.0 0.99773884
0.0 0.09751099
1.0 0.9514235
1.0 0.853124
0.0 0.3090309
1.0 0.99793774
1.0 0.9969078
1.0 0.9969207
1.0 0.9978352
1.0 0.98573446
1.0 0.9981528
1.0 0.8408813
0.0 0.14066963
0.0 0.3090309
1.0 0.86386657
1.0 0.95588535
0.0 0.06770784
1.0 0.9526414
1.0 0.99896145
1.0 0.98181146
1.0 0.99702233
0.0 0.10172015
1.0 0.8314062
1.0 0.99799204
1.0 0.99858725
0.0 0.09484617
1.0 0.89286995
1.0 0.9602949
1.0 0.9836981
1.0 0.9964535
1.0 0.9514235
1.0 0.99659294
1.0 0.9835602
1.0 0.98589087
1.0 0.85469836
0.0 0.06770784
1.0 0.85469836
1.0 0.9969207
1.0 0.9990344
0.0 0.07321406
1.0 0.9589016
1.0 0.95588535
1.0 0.9982351
1.0 0.9989761
0.0 0.094905585
1.0 0.99858725
1.0 0.99858725
1.0 0.9987016
1.0 0.99773884
1.0 0.99649364
1.0 0.9984188
1.0 0.9990816
0.0 0.3647569
0.0 0.105787165
1.0 0.99865437
0.0 0.30833656
1.0 0.99793774
1.0 0.95659095
1.0 0.9514235
1.0 0.9981589
1.0 0.9969887
0.0 0.3090309
1.0 0.85429615
1.0 0.98703617
0.0 0.34997493
1.0 0.9786213
1.0 0.9839406
1.0 0.9988117
1.0 0.9978855
0.0 0.1689037
0.0 0.15299828
0.0 0.34658337
1.0 0.997175
0.0 0.105787165
1.0 0.9967024
1.0 0.9969887
0.0 0.1689037
1.0 0.99865437
0.0 0.34997493
0.0 0.30833656
1.0 0.98695976
1.0 0.98703617
0.0 0.10172015
0.0 0.09484617
0.0 0.087780155
1.0 0.9981528
1.0 0.9981456
1.0 0.9978397
1.0 0.99702233
1.0 0.9983442
1.0 0.98265666
1.0 0.9973477
1.0 0.9988117
1.0 0.99720085
0.0 0.30833656
0.0 0.1756268
1.0 0.9973137
1.0 0.9964271
1.0 0.99690825
1.0 0.99744725
1.0 0.9975043
1.0 0.997698
1.0 0.9977597
1.0 0.9977597
1.0 0.9964271
1.0 0.850755
1.0 0.9980411
1.0 0.99720085
0.0 0.09238094
1.0 0.9971204
1.0 0.98605275
1.0 0.9973335
1.0 0.86386657
0.0 0.087780155
0.0 0.18694852
1.0 0.98573446
1.0 0.9838987
1.0 0.98354477
1.0 0.99773884
1.0 0.9974027
1.0 0.85429615
1.0 0.9978352
1.0 0.9990816
0.0 0.33411208
1.0 0.99907494
0.0 0.087780155
1.0 0.98605275
1.0 0.9980288
1.0 0.99702233
1.0 0.9980736
0.0 0.16477479
1.0 0.9838987
0.0 0.31944278
1.0 0.98573446
1.0 0.9990344
1.0 0.9985268
1.0 0.9980736
1.0 0.99659294
0.0 0.33535856
1.0 0.95318115
0.0 0.15902187
1.0 0.9786213
1.0 0.99877197
1.0 0.9974027
1.0 0.99793774
0.0 0.08052179
1.0 0.99913305
0.0 0.31944278
1.0 0.85429615
1.0 0.9974027
1.0 0.98573446
1.0 0.99898
1.0 0.9973477
1.0 0.8314062
1.0 0.99659294
1.0 0.99649364
1.0 0.98695976
1.0 0.98605275
1.0 0.8314062
1.0 0.99690825
0.0 0.33941072
1.0 0.99793774
1.0 0.9978397
0.0 0.08701226
1.0 0.99896145
1.0 0.9987165
1.0 0.9971204
1.0 0.9990344
0.0 0.16477479
1.0 0.99690825
0.0 0.1756268
1.0 0.9990344
1.0 0.99868315
1.0 0.99659026
1.0 0.99877197
1.0 0.95318115
1.0 0.9985268
1.0 0.98573446
1.0 0.9980173
0.0 0.34997493
0.0 0.33411208
1.0 0.9980411
1.0 0.99659026
0.0 0.08281117
1.0 0.9514235
1.0 0.98649096
1.0 0.99635494
1.0 0.99868315
1.0 0.9836981
1.0 0.85429615
1.0 0.94350386
1.0 0.98181146
1.0 0.9602949
1.0 0.9838987
1.0 0.9973477
1.0 0.9838987
1.0 0.9981456
0.0 0.3647569
1.0 0.98605275
0.0 0.31944278
0.0 0.09751099
0.0 0.094905585
1.0 0.99690825
0.0 0.09484617
1.0 0.9970927
0.0 0.07763251
1.0 0.9850162
1.0 0.98589087
0.0 0.18694852
1.0 0.9581359
1.0 0.98573446
1.0 0.9967685
1.0 0.99841607
1.0 0.9838987
1.0 0.9974027
0.0 0.14066963
1.0 0.85658526
1.0 0.9514235
0.0 0.15299828
1.0 0.9589016
1.0 0.8314062
1.0 0.9978855
1.0 0.95659095
1.0 0.9975043
1.0 0.99635494
1.0 0.99877197
1.0 0.8408813
0.0 0.08052179
1.0 0.9964535
1.0 0.99647516
1.0 0.9978855
0.0 0.34658337
1.0 0.9981528
1.0 0.98265666
1.0 0.9982351
1.0 0.9969207
1.0 0.9981456
1.0 0.9990816
1.0 0.9981589
1.0 0.9514235
1.0 0.9983442
1.0 0.85469836
1.0 0.9987016
1.0 0.99690825
1.0 0.9581359
1.0 0.99647516
0.0 0.3647569
1.0 0.9602949
1.0 0.99793774
1.0 0.99793774
1.0 0.9602949
1.0 0.9964535
1.0 0.99647516
1.0 0.9990344
1.0 0.98589087
1.0 0.9977597
1.0 0.9969078
1.0 0.9990344
1.0 0.99907494
1.0 0.99702233
0.0 0.09484617
0.0 0.09341632
1.0 0.99877197
1.0 0.99907494
1.0 0.9964535
1.0 0.99635494
1.0 0.9988117
1.0 0.9990344
1.0 0.9973477
1.0 0.85658526
1.0 0.9984188
0.0 0.06770784
1.0 0.9973477
1.0 0.99690825
1.0 0.98354477
1.0 0.9971204
0.0 0.08701226
0.0 0.09341632
1.0 0.9981456
1.0 0.9978352
1.0 0.9990816
1.0 0.9835602
1.0 0.9836981
1.0 0.99720085
1.0 0.99659026
1.0 0.98573446
1.0 0.9980736
1.0 0.9972614
1.0 0.9980173
1.0 0.99913305
1.0 0.98703617
0.0 0.3647569
0.0 0.09341632
1.0 0.8314062
1.0 0.95588535
1.0 0.98299843
1.0 0.85429615
1.0 0.9786213
1.0 0.9836981
0.0 0.1689037
0.0 0.094905585
1.0 0.99898
1.0 0.98265666
0.0 0.34997493
0.0 0.071973555
0.0 0.094905585
1.0 0.9589016
1.0 0.9850162
0.0 0.094905585
1.0 0.89286995
1.0 0.9969078
1.0 0.9981589
0.0 0.31944278
1.0 0.9589016
0.0 0.14409377
1.0 0.9981456
1.0 0.9981589
1.0 0.9987165
0.0 0.101657964
1.0 0.9974027
0.0 0.30833656
1.0 0.9838987
0.0 0.105787165
1.0 0.9981589
1.0 0.99841607
1.0 0.85429615
1.0 0.99896145
1.0 0.94350386
1.0 0.9786213
0.0 0.105787165
1.0 0.9977597
1.0 0.9970927
0.0 0.06770784
0.0 0.08281117
1.0 0.9978397
1.0 0.9581359
0.0 0.09484617
1.0 0.9838987
1.0 0.98265666
1.0 0.98589087
1.0 0.95588535
0.0 0.33411208
0.0 0.07763251
0.0 0.30833656
1.0 0.9835602
1.0 0.99647516
1.0 0.99647516
1.0 0.9981528
0.0 0.3090309
0.0 0.1756268
0.0 0.3647569
0.0 0.087780155
0.0 0.086965755
0.0 0.3647569
1.0 0.9987016
1.0 0.9975043
1.0 0.98703617
1.0 0.99877197
1.0 0.9964535
0.0 0.3090309
1.0 0.9973137
1.0 0.99635494
1.0 0.99865437
1.0 0.9971204
1.0 0.9526414
1.0 0.997698
1.0 0.99869686
1.0 0.85429615
0.0 0.105787165
1.0 0.99913305
1.0 0.98354477
1.0 0.997175
1.0 0.9981456
1.0 0.99722505
1.0 0.9967685
1.0 0.85658526
0.0 0.08052179
1.0 0.9991009
1.0 0.9988117
0.0 0.33535856
0.0 0.086965755
1.0 0.9847328
1.0 0.9988117
1.0 0.9981528
1.0 0.9974027
0.0 0.15299828
1.0 0.9980411
1.0 0.98695976
1.0 0.9980288
1.0 0.9581359
0.0 0.10172015
0.0 0.077069454
1.0 0.9514235
1.0 0.9977597
0.0 0.094905585
1.0 0.9973477
0.0 0.15798706
1.0 0.85469836
0.0 0.11936629
1.0 0.9980173
1.0 0.8440813
1.0 0.9989761
1.0 0.9988117
0.0 0.0613744
1.0 0.99898
1.0 0.99773884
0.0 0.16477479
0.0 0.14409377
1.0 0.9967685
1.0 0.9985268
1.0 0.9850162
1.0 0.9964271
1.0 0.9981589
1.0 0.9969887
1.0 0.9969887
1.0 0.9974027
1.0 0.9980736
1.0 0.99647516
1.0 0.9988288
1.0 0.99799204
1.0 0.9969078
0.0 0.15798706
