true vs pred:
0.0 0.0016568839
1.0 0.9986965
1.0 0.9987419
1.0 0.99894017
0.0 0.002906692
1.0 0.60357577
1.0 0.877905
0.0 0.0017717168
1.0 0.9970298
0.0 0.0017911104
1.0 0.98163754
1.0 0.9987174
1.0 0.9953023
0.0 0.0059439763
0.0 0.0016087866
0.0 0.003519473
0.0 0.0023735373
1.0 0.99900156
0.0 0.008890132
0.0 0.051641762
0.0 0.0018480364
1.0 0.9985734
1.0 0.99890816
1.0 0.92303354
1.0 0.9957445
0.0 0.070562474
0.0 0.004569429
1.0 0.9989078
1.0 0.99642146
0.0 0.07941123
1.0 0.96908766
1.0 0.99390996
1.0 0.9979686
0.0 0.005102304
1.0 0.83364964
1.0 0.6074232
1.0 0.9980781
0.0 0.02905574
0.0 0.0016087866
1.0 0.9987451
1.0 0.99468493
0.0 0.7690686
0.0 0.00319103
1.0 0.9987949
1.0 0.99769944
1.0 0.99653864
1.0 0.9982109
1.0 0.99615806
1.0 0.99771404
1.0 0.9985709
1.0 0.99873203
1.0 0.99869245
0.0 0.39508474
0.0 0.0020165988
0.0 0.0043690666
0.0 0.002407506
1.0 0.998166
1.0 0.9921407
1.0 0.99788374
0.0 0.96425337
1.0 0.99596477
1.0 0.37264875
0.0 0.023935637
1.0 0.99873847
0.0 0.0015379223
0.0 0.0013306456
1.0 0.9649845
0.0 0.0016197283
0.0 0.0017885157
0.0 0.0061221397
1.0 0.8139086
0.0 0.0014380655
1.0 0.7375099
1.0 0.9988788
1.0 0.6499866
0.0 0.92993265
1.0 0.9989773
1.0 0.97997504
1.0 0.99827886
0.0 0.0018890541
1.0 0.99852437
1.0 0.9911384
1.0 0.998779
1.0 0.96919876
1.0 0.9989864
0.0 0.0021892784
1.0 0.9945832
1.0 0.99867165
1.0 0.9987282
1.0 0.99316674
0.0 0.0042717946
1.0 0.998976
0.0 0.0033157018
1.0 0.99874485
0.0 0.0018316974
0.0 0.002681242
1.0 0.99885786
1.0 0.9985701
0.0 0.0023650178
1.0 0.97945374
1.0 0.99891806
1.0 0.93283707
1.0 0.99839586
0.0 0.0019772602
1.0 0.9989524
0.0 0.004682891
0.0 0.022311684
1.0 0.99852955
0.0 0.0020165988
0.0 0.03434794
1.0 0.9961766
1.0 0.83253485
1.0 0.1961475
1.0 0.9977609
0.0 0.60715145
0.0 0.37257785
0.0 0.0026963442
1.0 0.998953
1.0 0.99862313
1.0 0.998343
1.0 0.9973373
0.0 0.39649662
1.0 0.9978734
0.0 0.01350572
0.0 0.0015143141
0.0 0.001386349
0.0 0.0016087866
0.0 0.0033519573
1.0 0.99753654
1.0 0.9537232
1.0 0.7692116
0.0 0.0026754988
1.0 0.90484214
1.0 0.8915343
1.0 0.99892336
1.0 0.99872005
1.0 0.998949
1.0 0.9953269
1.0 0.99867356
1.0 0.9973571
1.0 0.99853826
1.0 0.9990376
0.0 0.005593629
1.0 0.50913095
0.0 0.1825195
1.0 0.998628
1.0 0.99874073
1.0 0.9983115
1.0 0.97771525
1.0 0.9962475
0.0 0.002317954
0.0 0.0015146119
0.0 0.0027047985
1.0 0.97641844
0.0 0.035643246
1.0 0.7424947
1.0 0.9952413
1.0 0.9959435
1.0 0.99867046
1.0 0.99873346
1.0 0.9986914
1.0 0.38295513
1.0 0.996391
1.0 0.95422757
1.0 0.28587535
0.0 0.0015664243
1.0 0.9989303
0.0 0.0012674864
1.0 0.99873716
0.0 0.0017574806
0.0 0.0019569125
0.0 0.0022711793
1.0 0.99848735
1.0 0.8736153
0.0 0.007419666
0.0 0.0024782112
1.0 0.998922
0.0 0.1924161
1.0 0.938458
1.0 0.9984542
0.0 0.005138117
1.0 0.9956927
1.0 0.9986513
1.0 0.9987091
1.0 0.9959948
1.0 0.9969277
0.0 0.07137339
0.0 0.25533178
0.0 0.0033377619
1.0 0.998304
0.0 0.0017562129
1.0 0.9063907
1.0 0.9558169
1.0 0.9982987
1.0 0.99836904
0.0 0.0028005394
1.0 0.9965713
0.0 0.0024531574
0.0 0.017674573
1.0 0.99865866
0.0 0.22523081
0.0 0.004007061
0.0 0.76496476
1.0 0.9947009
0.0 0.0029737598
1.0 0.9746333
1.0 0.6151148
0.0 0.005102304
1.0 0.7229468
0.0 0.0015011252
1.0 0.6702657
1.0 0.9985844
0.0 0.0021391648
0.0 0.0056333467
1.0 0.5603052
0.0 0.19729799
1.0 0.99727577
1.0 0.89229393
1.0 0.9989987
1.0 0.9969357
1.0 0.97311914
0.0 0.63746786
0.0 0.0038535255
1.0 0.99659485
0.0 0.85190535
1.0 0.9963295
1.0 0.966847
0.0 0.017674573
0.0 0.0018726314
1.0 0.9839813
