true vs pred:
1.0 0.99853647
0.0 0.0020730183
1.0 0.99872005
1.0 0.9939573
1.0 0.9988355
1.0 0.9979577
1.0 0.9993073
0.0 0.0015708684
1.0 0.9971105
1.0 0.99865437
1.0 0.9990074
1.0 0.96943665
0.0 0.021691827
1.0 0.9992623
0.0 0.0023379629
1.0 0.99909234
0.0 0.0056925723
0.0 0.003961091
1.0 0.9992391
1.0 0.9990013
0.0 0.0017726109
1.0 0.80916214
1.0 0.9992404
1.0 0.9826972
1.0 0.99805045
0.0 0.0016462659
1.0 0.99921036
0.0 0.85316026
1.0 0.19932954
1.0 0.9984407
0.0 0.0016462659
1.0 0.9736308
1.0 0.9975756
1.0 0.97232753
1.0 0.41358048
1.0 0.999003
1.0 0.9963205
1.0 0.9788986
0.0 0.0014861723
1.0 0.9992173
1.0 0.99791294
1.0 0.99806124
1.0 0.99737656
1.0 0.9740208
1.0 0.99569064
0.0 0.032522056
0.0 0.0013714149
0.0 0.0009790335
0.0 0.0010633721
0.0 0.0021257398
1.0 0.997477
1.0 0.99897397
1.0 0.9985891
0.0 0.01783029
1.0 0.99853325
1.0 0.9987425
1.0 0.99925107
1.0 0.99911195
1.0 0.99932015
1.0 0.99633634
1.0 0.9991571
1.0 0.9968142
1.0 0.99846625
1.0 0.9993154
0.0 0.74272525
0.0 0.18032767
1.0 0.98445636
1.0 0.99904007
1.0 0.99929094
1.0 0.99841547
1.0 0.9370013
1.0 0.99566984
0.0 0.0266855
0.0 0.0015902277
0.0 0.0025813105
1.0 0.9851326
1.0 0.7459714
1.0 0.7977397
1.0 0.9938407
1.0 0.9947161
1.0 0.9988813
1.0 0.9988908
1.0 0.9992719
0.0 0.1273027
1.0 0.993682
1.0 0.8837199
1.0 0.9933288
0.0 0.0018281848
1.0 0.9992311
0.0 0.0011007232
1.0 0.99900633
0.0 0.0011472885
0.0 0.0018090223
0.0 0.003775532
1.0 0.99517727
1.0 0.99730504
1.0 0.32346997
0.0 0.003763463
1.0 0.9991677
1.0 0.985595
1.0 0.8161074
1.0 0.99881077
0.0 0.021344112
1.0 0.99395716
1.0 0.9989912
1.0 0.9991874
1.0 0.99280655
1.0 0.99855584
1.0 0.8963142
1.0 0.988388
0.0 0.0021257398
1.0 0.99909425
0.0 0.0012194007
1.0 0.99859744
1.0 0.99779236
1.0 0.9984269
1.0 0.9972922
0.0 0.0021142182
1.0 0.97893083
0.0 0.0014285089
1.0 0.847323
1.0 0.9990447
0.0 0.054834478
0.0 0.07632325
0.0 0.20642774
1.0 0.9332835
0.0 0.008976381
1.0 0.9989139
1.0 0.9982723
0.0 0.74501467
1.0 0.9981669
0.0 0.0015920595
1.0 0.9986141
1.0 0.9988549
0.0 0.0032043883
0.0 0.7890213
1.0 0.8663244
0.0 0.079655915
1.0 0.9964747
1.0 0.8860024
1.0 0.99931514
1.0 0.99374276
1.0 0.979452
0.0 0.20289531
0.0 0.057688378
1.0 0.9939131
0.0 0.12886746
1.0 0.997551
1.0 0.858242
1.0 0.847323
0.0 0.004056505
1.0 0.89949256
1.0 0.9988971
0.0 0.91986936
1.0 0.99911386
1.0 0.99636674
1.0 0.9957802
1.0 0.998725
0.0 0.0023379629
0.0 0.0650494
1.0 0.97905743
1.0 0.8718986
0.0 0.0014286954
1.0 0.7459714
0.0 0.0020047983
0.0 0.0011180391
0.0 0.09970722
0.0 0.003763463
0.0 0.0021488788
1.0 0.9948027
1.0 0.99882823
0.0 0.0022915036
0.0 0.08970493
1.0 0.9989435
1.0 0.5817582
1.0 0.7543822
1.0 0.6543256
0.0 0.53953
1.0 0.99901164
1.0 0.969132
0.0 0.0266855
0.0 0.0011246792
0.0 0.07632325
1.0 0.99854714
0.0 0.002167427
1.0 0.96683663
0.0 0.2551612
1.0 0.99700314
1.0 0.99820733
1.0 0.9693987
1.0 0.99916446
0.0 0.0009377317
0.0 0.0035350227
1.0 0.9980636
1.0 0.99873227
1.0 0.9987882
1.0 0.99822026
1.0 0.9991308
0.0 0.7678524
1.0 0.9781359
1.0 0.9984774
1.0 0.99600095
0.0 0.0014857202
0.0 0.0037815936
0.0 0.0015740342
1.0 0.99580884
1.0 0.9953962
1.0 0.99842227
0.0 0.0022859832
0.0 0.002139403
0.0 0.7423529
1.0 0.9987436
1.0 0.9933293
1.0 0.9934321
0.0 0.13277802
0.0 0.0016808257
0.0 0.002123517
0.0 0.0013765005
1.0 0.99872166
0.0 0.002218086
0.0 0.0071946974
0.0 0.13375978
0.0 0.058702394
1.0 0.9992592
0.0 0.05598136
1.0 0.99760866
1.0 0.9975575
0.0 0.008122742
0.0 0.0014593223
1.0 0.9919264
