true vs pred:
1.0 0.99404114
1.0 0.99945754
0.0 0.0013114705
1.0 0.9994979
1.0 0.9991037
1.0 0.9995127
1.0 0.99712604
0.0 0.31780198
1.0 0.80457646
1.0 0.9994822
1.0 0.9990397
0.0 0.053746413
1.0 0.42615226
1.0 0.99950564
0.0 0.6260137
1.0 0.8027814
1.0 0.99345535
1.0 0.9992285
1.0 0.99441767
1.0 0.99947196
0.0 0.0014443225
1.0 0.9934475
0.0 0.3416887
1.0 0.9995104
1.0 0.13539787
1.0 0.9967989
1.0 0.90833604
0.0 0.8906323
0.0 0.0021207128
0.0 0.8998414
1.0 0.99828786
1.0 0.9981237
1.0 0.9995134
1.0 0.9994979
1.0 0.9981838
1.0 0.9063252
1.0 0.9994698
0.0 0.69089425
1.0 0.9953761
1.0 0.9993019
1.0 0.9959864
1.0 0.9991621
1.0 0.9994369
1.0 0.4322195
1.0 0.99865425
1.0 0.99948275
1.0 0.9995016
0.0 0.0015069334
1.0 0.99942076
0.0 0.015218999
1.0 0.9995022
1.0 0.99948406
1.0 0.99818087
0.0 0.36845872
0.0 0.0030910154
0.0 0.0395573
0.0 0.0020010676
1.0 0.99948055
1.0 0.9993131
0.0 0.0022806418
1.0 0.9994773
0.0 0.0028004996
0.0 0.0045840056
1.0 0.99937844
1.0 0.99951315
1.0 0.9995115
1.0 0.99945754
1.0 0.99951625
1.0 0.99848074
1.0 0.9994444
1.0 0.99409336
1.0 0.99618405
1.0 0.9994892
1.0 0.983881
0.0 0.00493483
1.0 0.97484756
0.0 0.0049949232
1.0 0.99853945
1.0 0.9991648
1.0 0.99154705
0.0 0.0023562463
1.0 0.99936324
1.0 0.93504494
0.0 0.001212738
1.0 0.9901586
0.0 0.05632219
1.0 0.9994808
1.0 0.99933416
1.0 0.9991208
1.0 0.99845994
1.0 0.99946636
1.0 0.99190325
1.0 0.79759955
1.0 0.998694
1.0 0.9735595
0.0 0.001882659
1.0 0.9993642
0.0 0.5081869
1.0 0.9994374
0.0 0.001083834
1.0 0.9995065
1.0 0.9980611
0.0 0.029403672
1.0 0.99947256
1.0 0.9981838
0.0 0.02131925
1.0 0.9780407
1.0 0.9760745
1.0 0.9991375
0.0 0.008128257
1.0 0.99951243
0.0 0.052466948
1.0 0.99951375
1.0 0.99934334
0.0 0.0025136503
1.0 0.86518
0.0 0.005570932
1.0 0.99947053
1.0 0.8676224
1.0 0.99947196
1.0 0.99951017
1.0 0.9980057
0.0 0.09635674
1.0 0.9994234
1.0 0.99442875
1.0 0.99618953
1.0 0.999521
1.0 0.996774
0.0 0.004168882
1.0 0.99798214
1.0 0.9995167
1.0 0.99951434
1.0 0.99886
1.0 0.99857557
1.0 0.9992902
1.0 0.99949193
1.0 0.99764293
1.0 0.9977456
1.0 0.99135244
1.0 0.9853542
1.0 0.99936587
1.0 0.9990683
1.0 0.9891544
1.0 0.992297
1.0 0.67542946
0.0 0.0008325688
1.0 0.98209965
1.0 0.9994923
1.0 0.9665324
1.0 0.9965251
1.0 0.9995104
1.0 0.999463
1.0 0.113902025
1.0 0.9981166
1.0 0.97849214
1.0 0.9972452
0.0 0.044477757
1.0 0.9989526
1.0 0.999458
1.0 0.9993622
1.0 0.999476
1.0 0.9989722
1.0 0.9988944
0.0 0.008379415
1.0 0.99919313
0.0 0.0012268586
1.0 0.93417734
1.0 0.99942327
1.0 0.98222786
1.0 0.9989349
1.0 0.99950814
1.0 0.9981061
0.0 0.012044503
1.0 0.9994893
1.0 0.994484
1.0 0.9995153
1.0 0.99936384
0.0 0.015218999
1.0 0.9989562
0.0 0.048758842
1.0 0.94008565
1.0 0.9994667
1.0 0.99030787
1.0 0.99927527
1.0 0.99945647
1.0 0.9981133
1.0 0.9989604
1.0 0.99948275
1.0 0.9984779
1.0 0.99919957
1.0 0.99944454
1.0 0.998708
1.0 0.9994295
0.0 0.009260227
1.0 0.9994555
0.0 0.22654505
1.0 0.99618405
1.0 0.9892811
1.0 0.9990872
1.0 0.9995147
1.0 0.99763155
1.0 0.6855356
1.0 0.9991375
1.0 0.96682626
1.0 0.9984164
1.0 0.99951255
1.0 0.99940205
1.0 0.56224436
1.0 0.99951255
1.0 0.9967373
0.0 0.46855375
0.0 0.0014056894
1.0 0.99618894
1.0 0.9994295
0.0 0.0424289
1.0 0.95465803
1.0 0.9991689
1.0 0.99848443
1.0 0.99943393
1.0 0.99924576
0.0 0.0014467974
1.0 0.99948514
1.0 0.99950016
1.0 0.9783629
1.0 0.9994449
1.0 0.999516
1.0 0.45646396
1.0 0.95584387
1.0 0.99812216
1.0 0.96667653
