true vs pred:
0.0 0.6686166
1.0 0.9302645
1.0 0.996834
1.0 0.9973947
1.0 0.9447507
1.0 0.99874204
1.0 0.998458
1.0 0.9955172
1.0 0.9162141
1.0 0.99872345
0.0 0.26458725
1.0 0.9696573
1.0 0.9980077
1.0 0.9962369
1.0 0.99526924
1.0 0.9953791
1.0 0.26295742
1.0 0.997352
1.0 0.9987431
1.0 0.99865794
1.0 0.9870918
1.0 0.9949391
1.0 0.9529763
1.0 0.99835277
1.0 0.998722
1.0 0.9928302
0.0 0.367361
1.0 0.9678527
0.0 0.009063046
1.0 0.772466
1.0 0.9974572
1.0 0.9976507
0.0 0.02153158
1.0 0.99812096
0.0 0.0465666
0.0 0.006104701
1.0 0.99727184
1.0 0.9986021
1.0 0.99852777
1.0 0.9984224
1.0 0.99861884
1.0 0.9953107
1.0 0.9983191
1.0 0.9474137
1.0 0.9953805
1.0 0.99796546
1.0 0.9876459
1.0 0.03751214
1.0 0.9901814
0.0 0.025004173
1.0 0.9811493
1.0 0.9929119
1.0 0.975978
1.0 0.07802183
1.0 0.9985758
1.0 0.8602048
0.0 0.011543145
1.0 0.95573497
0.0 0.1317064
1.0 0.99751425
1.0 0.9980982
1.0 0.99776804
1.0 0.99052435
1.0 0.9983368
1.0 0.93496805
1.0 0.5311789
1.0 0.9958347
1.0 0.9836016
1.0 0.95543385
1.0 0.9982451
0.0 0.025663214
1.0 0.99783736
1.0 0.846218
1.0 0.998741
1.0 0.99794716
1.0 0.97690374
1.0 0.99812096
1.0 0.9950854
1.0 0.9933348
1.0 0.77245826
1.0 0.9699224
1.0 0.9974673
1.0 0.021393288
1.0 0.9985876
0.0 0.51820904
1.0 0.99856406
1.0 0.99661297
0.0 0.050366145
1.0 0.19893882
0.0 0.010599693
1.0 0.9986457
1.0 0.997373
1.0 0.9979984
1.0 0.9985191
1.0 0.9979354
0.0 0.09761925
1.0 0.9982109
1.0 0.9961403
1.0 0.9689451
1.0 0.99880695
1.0 0.9569955
1.0 0.9569335
1.0 0.9954122
1.0 0.9986338
1.0 0.9985501
1.0 0.9978114
1.0 0.9956293
1.0 0.9981706
1.0 0.99784875
1.0 0.61775
1.0 0.97222316
1.0 0.9911499
1.0 0.996558
1.0 0.99795204
1.0 0.9979752
0.0 0.3612829
1.0 0.9752533
0.0 0.15847853
1.0 0.4137618
1.0 0.9964529
1.0 0.9980007
1.0 0.96499413
1.0 0.90638953
1.0 0.99878484
1.0 0.99876225
1.0 0.9917937
1.0 0.99794716
1.0 0.9974975
1.0 0.99096644
1.0 0.9893861
1.0 0.99841535
1.0 0.9972512
1.0 0.9985599
1.0 0.99534386
1.0 0.9909691
1.0 0.99729013
0.0 0.037187126
1.0 0.99693054
1.0 0.7868176
1.0 0.89169717
1.0 0.99859947
1.0 0.73473907
1.0 0.99480647
1.0 0.99871385
1.0 0.993137
0.0 0.05229118
1.0 0.99762255
1.0 0.9210505
1.0 0.99867463
1.0 0.9966355
1.0 0.9420742
1.0 0.9813649
1.0 0.99029434
0.0 0.19742408
1.0 0.9987244
1.0 0.40800217
1.0 0.99526465
1.0 0.9972512
1.0 0.9921537
1.0 0.9980987
1.0 0.9987312
1.0 0.99753284
1.0 0.99817324
1.0 0.9959902
1.0 0.9952472
1.0 0.9969125
1.0 0.9557304
1.0 0.99824643
0.0 0.030630004
1.0 0.9952512
1.0 0.11588332
1.0 0.9509331
1.0 0.99867153
1.0 0.9977608
0.0 0.44127372
1.0 0.99769586
1.0 0.95714355
1.0 0.99588865
1.0 0.9986105
1.0 0.9977748
1.0 0.99590033
1.0 0.998026
1.0 0.8811826
0.0 0.54962873
1.0 0.8059316
1.0 0.85000557
1.0 0.9972485
1.0 0.99029434
1.0 0.9975013
1.0 0.99745387
1.0 0.9952937
1.0 0.9967129
1.0 0.99764687
0.0 0.00468521
1.0 0.998061
1.0 0.9988213
1.0 0.9963952
1.0 0.9983191
1.0 0.99861884
1.0 0.4174654
1.0 0.8407418
1.0 0.9338901
0.0 0.78654766
1.0 0.99808013
1.0 0.99072874
1.0 0.9986695
1.0 0.9977469
1.0 0.955035
1.0 0.9085591
0.0 0.33336776
1.0 0.99802434
0.0 0.02193751
1.0 0.9988244
1.0 0.9977169
1.0 0.9955913
1.0 0.66463655
1.0 0.99740016
1.0 0.98868984
0.0 0.2120145
1.0 0.99828374
1.0 0.99835277
1.0 0.9979196
1.0 0.9128852
1.0 0.99384415
0.0 0.31995055
1.0 0.99303573
1.0 0.99875
1.0 0.99820614
1.0 0.9983967
1.0 0.86392266
