true vs pred:
1.0 0.9105247
1.0 0.8467697
0.0 0.47088832
1.0 0.9980374
1.0 0.9986638
1.0 0.9981875
1.0 0.9986154
1.0 0.77490675
0.0 0.0053390255
1.0 0.9985262
1.0 0.9985719
1.0 0.99791664
0.0 0.8711464
1.0 0.9897106
1.0 0.98744327
0.0 0.9560171
1.0 0.86619544
1.0 0.99880075
1.0 0.8939388
1.0 0.37175328
0.0 0.4232247
1.0 0.99780935
1.0 0.98805296
0.0 0.006151925
1.0 0.98319525
1.0 0.998793
1.0 0.9986243
1.0 0.9982718
0.0 0.015603527
1.0 0.99875295
1.0 0.92770725
1.0 0.9757766
1.0 0.9982845
1.0 0.9985745
1.0 0.8138828
1.0 0.99830914
1.0 0.99757713
1.0 0.9565284
1.0 0.99460465
0.0 0.012137253
0.0 0.01884152
1.0 0.9982516
0.0 0.5696512
1.0 0.9892826
1.0 0.99830616
1.0 0.1883992
1.0 0.99841404
1.0 0.9961569
1.0 0.9975618
1.0 0.9985757
1.0 0.9982912
1.0 0.55809605
1.0 0.8869684
0.0 0.018639177
1.0 0.9630157
1.0 0.99846363
1.0 0.8593952
0.0 0.054199986
0.0 0.49719286
1.0 0.99822074
0.0 0.020678038
1.0 0.9988193
0.0 0.89125663
1.0 0.9976017
0.0 0.95145947
1.0 0.9978077
1.0 0.9950637
0.0 0.023313276
1.0 0.99858713
1.0 0.99842834
1.0 0.9778853
1.0 0.22057466
1.0 0.95896745
1.0 0.9987103
1.0 0.9943032
1.0 0.9986072
1.0 0.9690973
1.0 0.9892001
0.0 0.0054200394
1.0 0.9970619
1.0 0.99743724
1.0 0.986067
1.0 0.99694246
1.0 0.85415715
1.0 0.9984158
1.0 0.99861014
1.0 0.98310375
1.0 0.9987197
1.0 0.9987476
1.0 0.98861605
0.0 0.077208966
1.0 0.998475
1.0 0.9985185
0.0 0.11727721
1.0 0.97361594
1.0 0.996781
1.0 0.9986753
1.0 0.9924373
1.0 0.9649636
1.0 0.99809057
1.0 0.99775237
1.0 0.9875494
0.0 0.033671554
1.0 0.9979633
1.0 0.9986564
1.0 0.9984767
0.0 0.031827256
0.0 0.05906727
1.0 0.9982126
0.0 0.03033573
0.0 0.035160534
1.0 0.9962121
1.0 0.99876153
1.0 0.99867994
1.0 0.9986518
1.0 0.99761164
1.0 0.99810374
1.0 0.9865773
0.0 0.010129795
1.0 0.7733864
0.0 0.29066706
1.0 0.99865496
1.0 0.99846363
1.0 0.99726605
1.0 0.941624
1.0 0.9982492
0.0 0.5696512
1.0 0.99860376
1.0 0.9980963
1.0 0.9985262
0.0 0.9123665
1.0 0.9866572
1.0 0.73736787
1.0 0.97472477
0.0 0.051184986
0.0 0.5854503
0.0 0.3134952
1.0 0.9980963
1.0 0.9981159
1.0 0.98304635
1.0 0.997769
0.0 0.121368214
1.0 0.9987379
1.0 0.99856085
1.0 0.9986291
1.0 0.9275832
0.0 0.6666769
1.0 0.9987375
1.0 0.9938945
1.0 0.99467707
1.0 0.99852824
0.0 0.99078536
0.0 0.006004199
1.0 0.8317157
1.0 0.9875494
1.0 0.99839103
1.0 0.99832076
1.0 0.99529994
1.0 0.9951277
1.0 0.99850285
0.0 0.15140626
0.0 0.009741204
1.0 0.9986487
1.0 0.9970208
0.0 0.05019848
1.0 0.99655557
1.0 0.29719287
1.0 0.9855075
0.0 0.022589637
1.0 0.99749583
1.0 0.9979797
0.0 0.9914274
0.0 0.9255912
1.0 0.99881977
0.0 0.027072638
1.0 0.82305706
1.0 0.9987502
1.0 0.998618
0.0 0.937198
0.0 0.54692566
1.0 0.27484024
1.0 0.9987393
1.0 0.99862874
1.0 0.9985024
1.0 0.96975034
1.0 0.8146475
1.0 0.8206689
1.0 0.92984664
0.0 0.16188473
0.0 0.054840434
1.0 0.8455715
1.0 0.9983291
1.0 0.9944166
1.0 0.9832833
1.0 0.9985305
1.0 0.9886741
1.0 0.99548954
0.0 0.9141305
0.0 0.06569526
1.0 0.99822336
1.0 0.9964528
1.0 0.90364075
0.0 0.5295137
1.0 0.9980963
0.0 0.0058929343
1.0 0.99849606
1.0 0.9985745
1.0 0.84195733
1.0 0.99736327
1.0 0.9926859
1.0 0.9985051
1.0 0.9353521
1.0 0.9986047
1.0 0.9980927
1.0 0.9978515
0.0 0.022069411
1.0 0.9946861
1.0 0.99878365
1.0 0.99789906
1.0 0.99861264
1.0 0.9481293
1.0 0.9948231
1.0 0.9981458
0.0 0.6877512
1.0 0.998558
1.0 0.94469637
0.0 0.075148776
1.0 0.9907103
0.0 0.0043460536
1.0 0.9986474
