true vs pred:
1.0 0.99450386
0.0 0.39633748
1.0 0.995271
1.0 0.9766297
1.0 0.99639326
1.0 0.9969969
1.0 0.9982663
0.0 0.007843741
1.0 0.9748287
1.0 0.9959728
1.0 0.99605525
0.0 0.91684777
1.0 0.77206624
1.0 0.9978567
0.0 0.007756733
1.0 0.9960891
0.0 0.30144778
0.0 0.23744734
1.0 0.9978715
1.0 0.9942812
0.0 0.024316503
1.0 0.8452265
1.0 0.9976222
1.0 0.8110034
1.0 0.9897271
0.0 0.012140947
1.0 0.9979347
1.0 0.98061
1.0 0.96496683
1.0 0.9932018
0.0 0.012140947
1.0 0.99289227
1.0 0.9676215
1.0 0.71319103
1.0 0.07291092
1.0 0.99769175
1.0 0.99378467
1.0 0.9953296
0.0 0.012462886
1.0 0.99790984
0.0 0.99179345
1.0 0.99197537
1.0 0.971339
1.0 0.9951408
1.0 0.97738475
1.0 0.9427008
0.0 0.010683069
0.0 0.0046759318
0.0 0.017562266
0.0 0.009627058
1.0 0.9752574
1.0 0.99700886
1.0 0.9964263
0.0 0.39815375
1.0 0.9965358
1.0 0.9964619
1.0 0.9978796
1.0 0.99717146
1.0 0.9982539
1.0 0.94172126
1.0 0.9976947
1.0 0.97072417
1.0 0.9914731
1.0 0.99827886
1.0 0.9515298
0.0 0.14563304
1.0 0.99226767
1.0 0.99520004
1.0 0.9981706
1.0 0.9945766
1.0 0.6040098
1.0 0.9807015
1.0 0.5082306
0.0 0.01808151
0.0 0.017356282
1.0 0.85689807
1.0 0.99257976
1.0 0.5356303
1.0 0.90731627
1.0 0.9759905
1.0 0.99636793
1.0 0.9953832
1.0 0.9980876
0.0 0.067398205
1.0 0.97245085
1.0 0.5182001
1.0 0.99638003
0.0 0.012172101
1.0 0.99801695
0.0 0.007068493
1.0 0.99707806
0.0 0.0066801384
0.0 0.01325204
0.0 0.08008605
1.0 0.98524344
1.0 0.9965126
1.0 0.9147585
0.0 0.4072127
1.0 0.9977047
1.0 0.9946725
1.0 0.52373725
1.0 0.99379313
0.0 0.7225202
1.0 0.9241854
1.0 0.9948355
1.0 0.99787104
1.0 0.9650525
1.0 0.9893856
1.0 0.9928953
1.0 0.99287766
0.0 0.009627058
1.0 0.997879
0.0 0.017475434
1.0 0.9966453
1.0 0.99716526
1.0 0.9913186
1.0 0.98695624
0.0 0.012875627
1.0 0.94055784
0.0 0.014326656
1.0 0.98459595
1.0 0.9957553
0.0 0.05864099
1.0 0.7505122
0.0 0.121332645
0.0 0.64338475
1.0 0.35654032
1.0 0.9970573
1.0 0.9969144
1.0 0.95251435
1.0 0.99610007
0.0 0.28756964
1.0 0.99642307
1.0 0.99489284
0.0 0.04115777
1.0 0.9795949
1.0 0.6190712
0.0 0.08416615
1.0 0.96843845
0.0 0.2443146
1.0 0.9982845
1.0 0.9478345
1.0 0.81731874
0.0 0.11977655
1.0 0.68524826
1.0 0.93413544
0.0 0.11442709
1.0 0.9635608
0.0 0.5728649
1.0 0.98459595
0.0 0.12706047
1.0 0.5618605
1.0 0.995817
1.0 0.9766526
1.0 0.99705935
1.0 0.98415285
1.0 0.976393
1.0 0.99499196
0.0 0.007756733
1.0 0.9298558
1.0 0.9548522
1.0 0.9941778
0.0 0.005538376
1.0 0.99257976
0.0 0.076005444
0.0 0.015188435
1.0 0.8004173
0.0 0.4072127
0.0 0.0116363885
1.0 0.98388094
1.0 0.99313194
0.0 0.105182596
0.0 0.15151006
1.0 0.9971367
0.0 0.17297053
1.0 0.9835654
1.0 0.9878015
0.0 0.231982
1.0 0.9961636
0.0 0.63560706
1.0 0.5082306
0.0 0.0071871704
1.0 0.7505122
1.0 0.9963649
0.0 0.018949486
1.0 0.7296617
1.0 0.95056814
1.0 0.9809746
1.0 0.9933751
1.0 0.9914368
1.0 0.9968304
0.0 0.0048649716
0.0 0.37911946
1.0 0.99598795
1.0 0.9968346
1.0 0.99235827
1.0 0.9868153
1.0 0.9967098
1.0 0.97758144
1.0 0.916003
1.0 0.9793093
1.0 0.9589041
0.0 0.01509515
0.0 0.22701468
0.0 0.01699587
1.0 0.9432024
1.0 0.9730837
1.0 0.995142
0.0 0.006517295
0.0 0.017577708
1.0 0.9775245
1.0 0.9932395
1.0 0.9812548
1.0 0.9963741
1.0 0.9657538
0.0 0.010553875
0.0 0.0788108
0.0 0.00915548
1.0 0.9922035
0.0 0.01417184
0.0 0.48058724
1.0 0.95359075
1.0 0.69030225
1.0 0.9981029
1.0 0.9580779
1.0 0.99091995
1.0 0.97896075
0.0 0.34285095
0.0 0.012365265
1.0 0.92172384
