true vs pred:
1.0 0.98792577
1.0 0.9999728
1.0 0.99995494
1.0 0.9987392
1.0 0.9999851
1.0 0.9999505
1.0 0.99998486
1.0 0.98792577
1.0 0.99997294
1.0 0.9999732
1.0 0.9999554
1.0 0.9999813
1.0 0.999969
1.0 0.9999379
1.0 0.9999794
1.0 0.9997094
1.0 0.9999329
1.0 0.99972266
1.0 0.99998426
1.0 0.9999633
1.0 0.99998
1.0 0.99998295
1.0 0.99998033
1.0 0.9996778
1.0 0.9991736
1.0 0.99998
1.0 0.99998426
1.0 0.9999821
1.0 0.99998224
1.0 0.9999851
1.0 0.9999782
1.0 0.99997497
1.0 0.9999813
1.0 0.99097145
1.0 0.9999776
1.0 0.999979
1.0 0.9999505
1.0 0.9999614
1.0 0.99998033
1.0 0.9999324
1.0 0.99998224
1.0 0.9999614
1.0 0.9999747
1.0 0.9999269
1.0 0.9999269
1.0 0.9998828
1.0 0.99996185
1.0 0.9999336
1.0 0.9999789
1.0 0.99967587
1.0 0.99967587
1.0 0.9999784
1.0 0.9869977
1.0 0.9999591
1.0 0.9999728
1.0 0.99998057
1.0 0.99990094
1.0 0.99996245
1.0 0.99995935
1.0 0.99996114
1.0 0.9999753
1.0 0.99097145
1.0 0.9999782
1.0 0.9998808
1.0 0.9997316
1.0 0.9999391
1.0 0.99995995
1.0 0.99972266
1.0 0.9999794
1.0 0.99998426
1.0 0.9997054
1.0 0.9999709
1.0 0.9991736
1.0 0.99967587
1.0 0.99995935
1.0 0.99997866
1.0 0.99998486
1.0 0.9998733
1.0 0.9999589
1.0 0.99998
1.0 0.9999269
1.0 0.9999794
1.0 0.99998033
1.0 0.99912804
1.0 0.999972
1.0 0.9999838
1.0 0.999012
1.0 0.99998
1.0 0.9998733
1.0 0.9999831
1.0 0.9999821
1.0 0.999984
1.0 0.9999747
1.0 0.99998105
1.0 0.99995923
1.0 0.9999802
1.0 0.9998771
1.0 0.99995494
1.0 0.9999554
1.0 0.99998057
1.0 0.9999329
1.0 0.9999547
1.0 0.9998771
1.0 0.9999747
1.0 0.99997866
1.0 0.99972266
1.0 0.9987972
1.0 0.9999528
1.0 0.9998777
1.0 0.99997497
1.0 0.9999614
1.0 0.9987972
1.0 0.99997497
1.0 0.999984
1.0 0.9884388
1.0 0.9999528
1.0 0.9999566
1.0 0.9999558
1.0 0.9997316
1.0 0.9999728
1.0 0.99997497
1.0 0.9999336
1.0 0.9902194
1.0 0.99995494
1.0 0.98561656
1.0 0.9999831
1.0 0.9998828
1.0 0.9999591
1.0 0.9998808
1.0 0.9999324
1.0 0.9999776
1.0 0.9987972
1.0 0.99998
1.0 0.9999728
1.0 0.99995923
1.0 0.9997316
1.0 0.9999269
1.0 0.99988735
1.0 0.99995875
1.0 0.99998105
1.0 0.9902194
1.0 0.98561656
1.0 0.99997485
1.0 0.99996114
1.0 0.99998224
1.0 0.9999747
1.0 0.99996245
1.0 0.99998105
1.0 0.99998295
1.0 0.99997306
1.0 0.9999324
1.0 0.99906343
1.0 0.99988914
1.0 0.9902879
1.0 0.99995995
1.0 0.99998
1.0 0.9999831
1.0 0.9999782
1.0 0.99998224
1.0 0.9999776
1.0 0.9987972
1.0 0.9996778
1.0 0.99997807
1.0 0.99998534
1.0 0.99998295
1.0 0.9999831
1.0 0.9999615
1.0 0.9999838
1.0 0.9999566
1.0 0.99998033
1.0 0.99912804
1.0 0.9999391
1.0 0.999969
1.0 0.99998033
1.0 0.9999813
1.0 0.99998224
1.0 0.9999838
1.0 0.9999615
1.0 0.9999523
1.0 0.9998808
1.0 0.99995875
1.0 0.999974
1.0 0.9998809
1.0 0.9999391
1.0 0.9987739
1.0 0.9902194
1.0 0.99998057
1.0 0.9999614
1.0 0.99997795
1.0 0.9999615
1.0 0.9999789
1.0 0.9999776
1.0 0.99998105
1.0 0.9999571
1.0 0.9902194
1.0 0.999972
1.0 0.9999751
1.0 0.99996114
1.0 0.9999602
1.0 0.99998426
1.0 0.9999558
1.0 0.99998486
1.0 0.9998771
1.0 0.99995494
1.0 0.9999505
1.0 0.9999784
1.0 0.99995923
1.0 0.9999616
1.0 0.9999776
1.0 0.99995875
1.0 0.99997485
1.0 0.9999851
1.0 0.9999751
1.0 0.9987457
1.0 0.9999784
1.0 0.9999732
1.0 0.9999567
1.0 0.99997306
1.0 0.9999685
1.0 0.9999831
1.0 0.9999589
1.0 0.9987392
1.0 0.9999615
1.0 0.9999591
1.0 0.9999615
1.0 0.9902194
1.0 0.9998771
1.0 0.99967587
1.0 0.9991736
1.0 0.9999306
1.0 0.9884388
1.0 0.99912804
1.0 0.9999329
1.0 0.9998828
1.0 0.99997187
1.0 0.9999732
1.0 0.9999751
1.0 0.99998486
1.0 0.9999336
1.0 0.99997485
1.0 0.9999505
1.0 0.9999547
1.0 0.99998534
1.0 0.99996114
1.0 0.99998295
1.0 0.9999856
1.0 0.9999306
1.0 0.99998057
1.0 0.99988914
1.0 0.9999709
1.0 0.9999615
1.0 0.9999633
1.0 0.9999709
1.0 0.9999567
1.0 0.9987457
1.0 0.9999794
1.0 0.999979
1.0 0.9997316
1.0 0.9999566
1.0 0.9892141
1.0 0.9999765
1.0 0.99995494
1.0 0.99995995
1.0 0.99997187
1.0 0.9987972
1.0 0.99990094
1.0 0.99995744
1.0 0.9987739
1.0 0.9999558
1.0 0.99998116
1.0 0.9892141
1.0 0.9999589
1.0 0.99998033
1.0 0.9997054
1.0 0.9999802
1.0 0.9999709
1.0 0.99998
1.0 0.9999747
1.0 0.99996233
1.0 0.99008685
1.0 0.9999709
1.0 0.99997187
1.0 0.99995494
1.0 0.99998057
1.0 0.9999566
1.0 0.99906343
1.0 0.99998033
1.0 0.99996245
1.0 0.99997294
1.0 0.9999821
1.0 0.9999794
1.0 0.98561656
1.0 0.9902194
1.0 0.9999614
1.0 0.9999528
1.0 0.99988735
1.0 0.99997497
1.0 0.99997497
1.0 0.9999784
1.0 0.9997094
1.0 0.9892141
1.0 0.9999776
1.0 0.99972266
1.0 0.9902194
1.0 0.99996233
1.0 0.99997866
1.0 0.9999269
1.0 0.9999808
1.0 0.999972
1.0 0.9999813
1.0 0.99998295
1.0 0.9999615
1.0 0.9999808
1.0 0.9999558
1.0 0.9999602
1.0 0.99997807
1.0 0.99097145
1.0 0.9999614
1.0 0.9999523
1.0 0.9999547
1.0 0.9900074
1.0 0.99997866
1.0 0.9999782
1.0 0.99998033
1.0 0.999969
1.0 0.9999614
1.0 0.99997497
1.0 0.99998224
1.0 0.99997795
1.0 0.9902879
1.0 0.9999615
1.0 0.9999813
1.0 0.99997497
1.0 0.9999505
1.0 0.99988735
1.0 0.9998808
1.0 0.9999505
1.0 0.99998295
1.0 0.9999802
1.0 0.9989562
1.0 0.9987739
1.0 0.9999528
1.0 0.9987392
1.0 0.9999349
1.0 0.99995494
1.0 0.9999329
1.0 0.9999349
1.0 0.9996778
1.0 0.9999765
1.0 0.9999831
1.0 0.999979
1.0 0.99967587
1.0 0.9999505
1.0 0.9987457
1.0 0.99995995
1.0 0.9999751
1.0 0.9999751
1.0 0.9999851
1.0 0.9998733
1.0 0.9999685
1.0 0.9999306
1.0 0.99912804
1.0 0.9998809
1.0 0.99998105
1.0 0.9987392
1.0 0.99996114
1.0 0.9999614
1.0 0.99998033
1.0 0.999984
1.0 0.9999794
1.0 0.99995935
1.0 0.99995935
1.0 0.9996551
1.0 0.9884388
1.0 0.9999747
1.0 0.9999591
1.0 0.9997094
1.0 0.99998033
1.0 0.99997795
1.0 0.9999566
1.0 0.99972266
1.0 0.9999751
1.0 0.9999528
1.0 0.9892141
1.0 0.9996551
1.0 0.99972266
1.0 0.999972
1.0 0.98561656
1.0 0.9999784
1.0 0.9999813
1.0 0.99998105
1.0 0.9999336
1.0 0.9999547
1.0 0.99996185
1.0 0.99995875
1.0 0.9999776
1.0 0.9999591
1.0 0.9999547
1.0 0.9987392
1.0 0.99995995
1.0 0.9997054
1.0 0.9999782
1.0 0.9998777
1.0 0.9987972
1.0 0.99997795
1.0 0.9999505
1.0 0.999012
1.0 0.9999591
1.0 0.9999379
1.0 0.9987739
1.0 0.99990094
1.0 0.9999856
1.0 0.99998534
1.0 0.999969
1.0 0.99997866
1.0 0.99992883
1.0 0.9999349
1.0 0.99998033
1.0 0.9999776
1.0 0.99998426
1.0 0.9999789
1.0 0.9999813
1.0 0.99995494
1.0 0.9999528
1.0 0.99998534
1.0 0.9991736
1.0 0.9999614
1.0 0.9989562
1.0 0.9997116
1.0 0.9892141
1.0 0.9999751
1.0 0.99097145
1.0 0.9998809
1.0 0.9999269
1.0 0.99997187
1.0 0.9902194
1.0 0.99998116
1.0 0.999972
1.0 0.9998777
1.0 0.9999547
1.0 0.99996114
1.0 0.9999838
1.0 0.99995875
1.0 0.98561656
1.0 0.99988735
1.0 0.9999784
1.0 0.9999776
1.0 0.9999765
1.0 0.9999269
1.0 0.9999753
1.0 0.99995923
1.0 0.99998105
1.0 0.9999751
1.0 0.999972
1.0 0.9902879
1.0 0.9987457
1.0 0.99995744
1.0 0.9999614
1.0 0.9999821
1.0 0.99998
1.0 0.9999602
1.0 0.9999747
1.0 0.9884388
1.0 0.99998105
1.0 0.9997316
1.0 0.9999794
1.0 0.9987392
1.0 0.9999523
1.0 0.99998534
1.0 0.999012
1.0 0.99990094
1.0 0.9991736
1.0 0.9999589
1.0 0.9999753
1.0 0.99997497
1.0 0.9989562
1.0 0.9999306
1.0 0.9999747
1.0 0.9999589
1.0 0.9999846
1.0 0.9999813
1.0 0.9999324
1.0 0.99997187
1.0 0.99906343
1.0 0.99998057
1.0 0.9999558
1.0 0.9999379
1.0 0.9999571
1.0 0.99995995
1.0 0.99992883
1.0 0.9999615
1.0 0.9999728
1.0 0.99988866
1.0 0.99998224
1.0 0.99997485
1.0 0.9999614
1.0 0.99997807
1.0 0.99967587
1.0 0.9999615
1.0 0.9869977
1.0 0.99997866
1.0 0.999969
1.0 0.999972
1.0 0.9999379
1.0 0.99988735
1.0 0.9987739
1.0 0.99988735
1.0 0.9999782
1.0 0.99998
1.0 0.99998057
1.0 0.9999528
1.0 0.9997441
1.0 0.9999753
1.0 0.9999329
1.0 0.9999851
1.0 0.9999784
1.0 0.9999751
1.0 0.99998415
1.0 0.9892141
1.0 0.99997187
